log-posterior
-14514.8
-14636.5
-14755.8
-14835.5
-14865.1
-14883.2
-14880.3
-14898.1
-14893.5
-14919.7
-14921.5
-14918.3
-14941.5
-14959.8
-14958.7
-14956.3
-14962.1
-14966.3
-14962.9
-14950.7
-14949.5
-14972.5
-14971.7
-14958.4
-14962.9
-14964
-14992.6
-14990.1
-14995.3
-15002.3
-14998.5
-14985.6
-14984.8
-14982.5
-14956
-14961.4
-14939.5
-14932.6
-14931.3
-14943.5
-14951.8
-14967.1
-14985.7
-14972.9
-14958.2
-14939.9
-14936.4
-14928.5
-14920.4
-14919.4
-14941
-14927.8
-14956.6
-14950.3
-14968.3
-14984.2
-14974.6
-14969.4
-14960.1
-14947.1
-14949.3
-14942.5
-14958.8
-14953.9
-14939
-14924.3
-14935.3
-14948.3
-14965.9
-14950.5
-14925.6
-14937.9
-14935.4
-14930.7
-14975.5
-14972.3
-14998.1
-14983.1
-14981.7
-14970.5
-14973.8
-14970.7
-14978.3
-14996.4
-14983.6
-14990.7
-14989.7
-14988.9
-14963.2
-14959.2
-14957.9
-14960.4
-14973.3
-14961.2
-14943.1
-14947.3
-14976.9
-14967.5
-14964.7
-14949.1
-14941.1
-14949
-14975.2
-14973.2
-14934.8
-14933.8
-14982.7
-14982.3
-14954.5
-14943
-14970.2
-14979.9
-14979.1
-14982.9
-14965.6
-14978.4
-14977.4
-14996.7
-15006.4
-14984.3
-14984.7
-14977.6
-14965.7
-14965.9
-14939.4
-14945.8
-14938.7
-14952.2
-14928.4
-14944.2
-14945.3
-14946.1
-14968.3
-14993.3
-14988.1
-14975
-14951.9
-14967.3
-14957.4
-14955.1
-14939.6
-14954.3
-14971.6
-14968.2
-14969.4
-14936.2
-14956.3
-14972.1
-14972.7
-14962.4
-14984.2
-14999.7
-14988.3
-14948
-14929.9
-14918.5
-14931.1
-14962.8
-14956.8
-14932.4
-14942.8
-14931.9
-14932.4
-14918.2
-14920.8
-14927.1
-14912.7
-14945
-14924
-14931
-14963.9
-14990.3
-14948.3
-14951.8
-14971.6
-14971.2
-14970.8
-14982.6
-14959.6
-14980.2
-14975.4
-14995.7
-14958.5
-14941.5
-14946.3
-14941.6
-14931.3
-14942.8
-14936.3
-14945.7
-14949.2
-14958.8
-14961.8
-14966.2
-14943.5
-14945.2
-14933.8
-14925.7
-14937.4
-14967.3
-14971.7
-14993.8
-14970
-14993.2
-14991.5
-15007.5
-14999.9
-15012.4
-15009.4
-14995.2
-14977.7
-14967.4
-15000.8
-14961.1
-14967.8
-14991.7
-14974.5
-14948.1
-14954.6
-14940.9
-14979.5
-14973.6
-14980.4
-15012.6
-14985.7
-14957.5
-14962.9
-14986.5
-14973.7
-14982.8
-14976.2
-14982.4
-14988.8
-14982.8
-14957.1
-14974.2
-14992.3
-14978.7
-14943
-14969.2
-14962
-14967.3
-14961.5
-14947.4
-14966.7
-14957.1
-14950.6
-14964.3
-14970
-14965
-14988.7
-14993.6
-15000
-14984.2
-14994.3
-14997.2
-14986.6
-14969.3
-14964.2
-14970
-14998.9
-14990.9
-14986.3
-14993.3
-14992.9
-14963.3
-14972.9
-14971.9
-14990.2
-14978.2
-14984.6
-14974.7
-14981.2
-14969.2
-14959.3
-14973.3
-14994.1
-14960
-14971
-14997.5
-15009.4
-14969.9
-14976.2
-14960
-14951.4
-14927.4
-14913.7
-14928.4
-14969.8
-14995.3
-14987.9
-14980.1
-14977.5
-14988.3
-14959.8
-14962.5
-14959.7
-14957.3
-14956.1
-14958.2
-14934.4
-14954.9
-14953.2
-14947.4
-14960.3
-14956.6
-14941.9
-14958.4
-14960.5
-14958
-14969.3
-14989.6
-14982.2
-14949.4
-14967.2
-14981.2
-14993.6
-14976
-14975.5
-14961.4
-14967.2
-14968.9
-14961
-14953.6
-14973.9
-14973.6
-14939.8
-14933.4
-14933.5
-14931.5
-14940.9
-14958.9
-14956.3
-14937.8
-14945.8
-14971.3
-14953.3
-14961.9
-14952.9
-14957.6
-14953.5
-14966
-14957.1
-14951.4
-14958.7
-14975.6
-14943.2
-14955.9
-14961.1
-14967.4
-14956.8
-14960.6
-14973.8
-14977.6
-14991.5
-14941.6
-14948.7
-14995.7
-14994.5
-14977.7
-14966.1
-14951.4
-14965.2
-14972.5
-14963.2
-14933.5
-14921.6
-14972.2
-14972.7
-14976.4
-14999.2
-14997.9
-14999.1
-14979
-14959.3
-14965.6
-14985.4
-14986.9
-14992.9
-14997.4
-15007.7
-14995.2
-15000.3
-14972.6
-14978.6
-14965.2
-14962.7
-14987.2
-14973.5
-14971.2
-14969.4
-14955.5
-14964.7
-14983
-14983
-14993.5
-15006.8
-14968.6
-14977.8
-14978.5
-14984.7
-14981.9
-14993.9
-14982.8
-14984
-14955.2
-14947.1
-14951.4
-14966
-14959.6
-14986
-14997.7
-14981.2
-15026.7
-15010.2
-15000.6
-14980.9
-14949.8
-14933.9
-14972.3
-14998.6
-14990.4
-15000.1
-14976.9
-14963
-14966.8
-14995.2
-14991.8
-14982
-14979.9
-14957.6
-14954.2
-14987.9
-15009.3
-15001.1
-14983.5
-15001.5
-14971.9
-14980.2
-14989.2
-14998.1
-14971.1
-14976.2
-14962.4
-14958.9
-14933.8
-14921.7
-14951.6
-14927.9
-14935
-14952.5
-14961.9
-14989
-14982.2
-14968.6
-14976.6
-14969.9
-14985.7
-14988.9
-14988.1
-14967.4
-14971.9
-14963.7
-14959.5
-14993.7
-14997.6
-14994.1
-14980.4
-15014.5
-15006.1
-15007
-14993.4
-15002
-15015
-15000.5
-14982.4
-15000
-14995.5
-15001.1
-14972.4
-14947.2
-14979
-14990
-15003.4
-14992.5
-14982.3
-14995.5
-14985.9
-14978.7
-14978.4
-14963.7
-14974.2
-14980.1
-14944.9
-14953.4
-14952.9
-14934.1
-14938.5
-14941.2
-14942.4
-14939.5
-14963.1
-14974.2
-14965.1
-14984.9
-14978.5
-14976.7
-14946
-14946.3
-14968.7
-14969.8
-14968.8
-14962.8
-14968.2
-14976.9
-14988.2
-14949.1
-14954
-14951.2
-14944.3
-14959.4
-14967.3
-14925.9
-14925
-14910.9
-14952.3
-14947.4
-14935.9
-14950.9
-14949.1
-14963.5
-14960.7
-14981.5
-14996.3
-14983.4
-14960.5
-14955.4
-14967.9
-14970.1
-14944.6
-14982.6
-14973.8
-14946.4
-14975.1
-14988
-14979.4
-15002.5
-14986.8
-14991.1
-15009.1
-15002.1
-14955.5
-14984.1
-14970.4
-14969.4
-14959
-14963.7
-14957.8
-14966.1
-14972.9
-14997.3
-14990
-14984
-14997.6
-14970.5
-14961.5
-14969.1
-14969.7
-14984.3
-14985.3
-14986.2
-14960.4
-14952.2
-14983.5
-14988.6
-14987.6
-14963.1
-14978.3
-15011.6
-15002.7
-14976.2
-14957.3
-14983.4
-14968.1
-14941.1
-14929.7
-14955.9
-14982.3
-14970.7
-14961.1
-14972.2
-14986.6
-14993.1
-14991.7
-14996.8
-14993.7
-14995.3
-14970.3
-14976
-14966
-14971.5
-14974
-14975.8
-14991.5
-15002.2
-14998.9
-14999.4
-14999.7
-15007.7
-15017.8
-15009.2
-14994.5
-14985.1
-14976
-14967.6
-14980.1
-14991.1
-14980.1
-14968.3
-14976.3
-14996.2
-15002.5
-14991.7
-14994.7
-14978.4
-14955.5
-14981.5
-14964.2
-14952.4
-14965.5
-14960.8
-14965.3
-14968.5
-14970
-14985.7
-15004.3
-14978.2
-14965.9
-14951.9
-14943.7
-14949.1
-15003.1
-14972.7
-14966.9
-14980.6
-14940.2
-14945.3
-14958.6
-14957.8
-14942.5
-14952.7
-14975.7
-14969.8
-14953.5
-14949.3
-14953.1
-14938.9
-14948.4
-14954.1
-14978.4
-14987.9
-14976.8
-14983.8
-14957.5
-14950.8
-14941.3
-14953.8
-14955.5
-14974.8
-14991.5
-14995.7
-15005.3
-14998.3
-14992.3
-14991.8
-15006.4
-14980.6
-14973.5
-14966.3
-14957.3
-14959.4
-14987.9
-14988.5
-14974.3
-14974
-14962.8
-14966.3
-14961.6
-14951.6
-14961.6
-14973.4
-14984.7
-15008.9
-15003.7
-14981.1
-14982.4
-14984.4
-14977.2
-14966.4
-14963.7
-14978.8
-14971.5
-14957.8
-14948.1
-14973.3
-14954.2
-14983.1
-14989.6
-15002.5
-14966.7
-14990.4
-14953.2
-14994.6
-14990.7
-14966.3
-14964
-14960
-14988.8
-14980.7
-14956.3
-14972.1
-14945.7
-14952.7
-14962.3
-14994.6
-15007
-14970.6
-14964.6
-14974.7
-14994.3
-14966.4
-14967.4
-14983
-14975
-14939.6
-14956.3
-14963
-14960.5
-14966.6
-14956.9
-14961.1
-14939.2
-14933.6
-14917.7
-14943.2
-14940.9
-14941
-14951.1
-14984.4
-14959.4
-14954.6
-14967.6
-14947.8
-14937.3
-14962.7
-14944.1
-14987
-14992.6
-14997.4
-14980.1
-14980.5
-14970.3
-15006.7
-14991.2
-14969.9
-14974.2
-14973.8
-14971.2
-14965.5
-14989.6
-15008.5
-14981.7
-14999.4
-15023.9
-14998.3
-14989.4
-14979.6
-15001.9
-14987.4
-15003.2
-14989.1
-14981.5
-15003.4
-14981.8
-14973.8
-14962.4
-14974.2
-14966.4
-14970.5
-14984.7
-14981.9
-14980.6
-14927.9
-14922.8
-14931.9
-14944.3
-14969
-14963.2
-14962.7
-14967.4
-14968.3
-14968.9
-14978.1
-14972.7
-14962.1
-14949.7
-14979.5
-14944.7
-14970
-14978.2
-14965.2
-14936.4
-14951
-14962.7
-14974.1
-14974.4
-14986.6
-14994.9
-15009.5
-14997.5
-14998.9
-14994.7
-14996.6
-14981.5
-14994.3
-14982
-14972.5
-14955.1
-14978.8
-14972.8
-14978.6
-15005.7
-15006.9
-14967.7
-14973.3
-14974.7
-14970.1
-14962.1
-14969.2
-14995.7
-14989.8
-14980.4
-14968.2
-14989.3
-15001.9
-14987
-14987.5
-14968.7
-14975.9
-14936.7
-14924
-14929.1
-14969
-14955.8
-14979.2
-14984.2
-14976.4
-14973.1
-14985.1
-14977.1
-14957.7
-14947.3
-14945.4
-14964.8
-14963.1
-14941.1
-14925.4
-14952.2
-14953.5
-14978.4
-14973.4
-14995.8
-15013.7
-15002.9
-14991.7
-14995.9
-14970.2
-14962.6
-14971.3
-14971.6
-14999.8
-14992.1
-15029.8
-14991.6
-14987.1
-15004.6
-15010.4
-14987.8
-15012.2
-14978.2
-14967.4
-14980.1
-14965.9
-14968.3
-14990.3
-15010.2
-15006.7
-15000.2
-14983.6
-14969.7
-15005.9
-14994.8
-15004.7
-14964.7
-14982.8
-14969.9
-14972.6
-14983.8
-14981.4
-14994.9
-14985
-14987.2
-14980.3
-14981.1
-14976.1
-14979.9
-14971.6
-14981
-14975.7
-14975.4
-14972.6
-14962.7
-14981.1
-14979.9
-14979.7
-14958.6
-14968.3
-14961.8
-14958.9
-14955.1
-14962.5
-14962.5
-14952.8
-14981.5
-14996.4
-14982
-14982.9
-14975.4
-14965.4
-14965.3
-14959.6
-14957.5
-14975.3
-14958.6
-14963.6
-14989.7
-14995.4
-14992.9
-14985.1
-14993.6
-14979.5
-14961.7
-14964.3
-14962.4
-14978.5
-14997.5
-15026.3
-14999.2
-14985.6
-14981
-14983.1
-14961.2
-14969.2
-14972.3
-15002.2
-14983.4
-14978.2
-14998.5
-14999.3
-15010.3
-15012.3
-14995.2
-14987.6
-14958.7
-14993.7
-15005.8
-14980.1
-14988.6
-14976.3
-14969.2
-14971.2
-14972.1
-14963
-14943
-14941
-14930.9
-14971.6
-14961.2
-14965.7
-14984.5
-14996.8
-14979.1
-14949.8
-14966.6
-14971.4
-14967.2
-14950.2
-14937.1
-14922.7
-14957.1
-14959.9
-14965.2
-14964.4
-14974.1
-14960.6
-14965.7
-14965.4
-14971.2
-14953.8
-14946.2
-14968
-14957.2
-14980.2
-15007
-14995.3
-14980.3
-14990.8
-14997.9
-14999.5
-15015.1
-14997.5
-14998
-14989.2
-15019.9
-15006.7
-14980.4
-14955.7
-14954.8
-14950.6
-14988.7
-14976.7
-14961.8
-14971.9
-14978.6
-14985.4
-15022.1
-14989.7
-14992.8
-14992.2
-14981.1
-14983.2
-14976
-14990.4
-14979.1
-14947.7
-14944.9
-14940.4
-14953.5
-14928.9
-14942.9
-14966.3
-15006.7
-14983.5
-14951.8
-14972.3
-14984.3
-14984.1
-14980.1
-14978.8
-14972.4
-14965.2
-14969
-14980.1
-14965.1
-14981
-14997.1
-14980.1
-14970.2
-14983.8
-14971.2
-14980.9
-14989.7
-14989
-14991.4
-14981.6
-14995.3
-14998.1
-14986.8
-14982.9
-14979.3
-14976.5
-14975.2
-14959.9
-14952.5
-14950.7
-14953
-14939.3
-14937.2
-14955.9
-14964.2
-14983.3
-14970.8
-14965.2
-14976.5
-14975.2
-14946
-14946.9
-14932.1
-14940.2
-14951.9
-14973.3
-14954.2
-14962.7
-14955
-14975.6
-14979.2
-14969.5
-14963.1
-14977.4
-14977.6
-14953
-14971.4
-14991.9
-14970.5
-14951.1
-14967
-14955.8
-14974.4
-14968.2
-14966.8
-14982.5
-14962.1
-14961
-14950
-14960.4
-14957.6
-14935.7
-14952
-14962
-14960
-14949.2
-14962.9
-14959.3
-14974.3
-14990.3
-14994.4
-14995.6
-14991.9
-14990.2
-14983
-14966
-14965.4
-14982.5
-14997.3
-15003.5
-15000.9
-15017.3
-15026.7
-15026.9
-15005.1
-14990.7
-14982.4
-14982.7
-14986.3
-14966.1
-14977.7
-14969.8
-14965.2
-14961.7
-14959.1
-14995.1
-15003
-14986.7
-14984.5
-14974.8
-14989.6
-14991.5
-14998.2
-14997.6
-15007.6
-14996
-14972
-14975.3
-14990.6
-14995.1
-15001
-14989.7
-14990.1
-14961.3
-14942.2
-14944.1
-14956.4
-14927.1
-14922.3
-14941.2
-14966.7
-14974.8
-14982.7
-14948.7
-14960
-14972.7
-14945.4
-14972.8
-14968.4
-14979.4
-14990
-14972.7
-14970
-14987.2
-14985
-14984.2
-14960.4
-14981.2
-14975.6
-14991.7
-15001.1
-15005.8
-15002.6
-14999.6
-14958.9
-14958.1
-14963.1
-14958.1
-14938.2
-14966.1
-14957.9
-14997.6
-14989.4
-14994.1
-14993.4
-15007.3
-14961.1
-14955.2
-14972.7
-14993.3
-14958.1
-14953.1
-14957.1
-14935
-14923.7
-14956.1
-14984.3
-14978.5
-14979.8
-15005
-14983.6
-14993
-14985.5
-14978.9
-14987.2
-14977.7
-14964.8
-14969.6
-14945.6
-14964.3
-14980.3
-14979.7
-14990
-14971.1
-14962.6
-14967.5
-14949.8
-14944.7
-14929.2
-14921.2
-14948.2
-14957.2
-14985.4
-14968.3
-14976.8
-14984
-14997.3
-14984.7
-14980.5
-14980.3
-14993.3
-14972
-14981.6
-14980.7
-14987.7
-14976.8
-14994.5
-14990.4
-14994.7
-15007.6
-14988.8
-14978.2
-14968.4
-14971.2
-14955.3
-14957.3
-14951.1
-14961.7
-14976.4
-14986.2
-14978.3
-15007.1
-15021.2
-14989.5
-14982.9
-15015.4
-14990
-14961.7
-14970.7
-14945.7
-14943.2
-14929.5
-14911.3
-14925.9
-14940.1
-14958.8
-14952.3
-14939.8
-14953.1
-14949.4
-14949.4
-14953.6
-14985.1
-14982.1
-14975.1
-14942.1
-14950
-14956.3
-14964.2
-14967.9
-14968.3
-14960.8
-14958.1
-14947.5
-14985.4
-14989.5
-14988.9
-14996.3
-14971
-14944.7
-14949.7
-14948.5
-14952.6
-14972.8
-14945.2
-14949.5
-14960.1
-14960.6
-14965.8
-14951.4
-14947.6
-14950
-14932.5
-14958.6
-14997.1
-14970.9
-14957.3
-14966.9
-14975.3
-14956.1
-14968.8
-14959.9
-14942.6
-14942.1
-14931.9
-14930.7
-14913.5
-14916.5
-14912.1
-14923.6
-14945.6
-14933.3
-14938.1
-14951.2
-14979.6
-14997.5
-14988.9
-14968
-14974.4
-14954.7
-14968.2
-14972.2
-14994
-14958.9
-14953.7
-14950
-14963.4
-14961.8
-15008.8
-15011.7
-15016.6
-15024.3
-15027.1
-15018.7
-14980
-14955.7
-14943.9
-14919.7
-14939.4
-14965.6
-14956.2
-14965.5
-14956.3
-14977.4
-14965.9
-14980.6
-14960.3
-14975.1
-14976.3
-14981.8
-14977.6
-14983.7
-14999.9
-14997.6
-14983.2
-14951
-14961.4
-14963.7
-14967.7
-14962.9
-14952
-14967.1
-14990.3
-14988.2
-14996.9
-15022.6
-15033.2
-15042.8
-15031.9
-15024.1
-15001
-14961.7
-14998.6
-15003.4
-14989.7
-14995.9
-14976.2
-14971.2
-14972.3
-14956.1
-14961
-14941.3
-14937.7
-14946.3
-14963.9
-14972.2
-14961.2
-14966.3
-14990.9
-14980.7
-14975.7
-14977.8
-14984.2
-14983.6
-14975.8
-14972.5
-14977.3
-14990.7
-14971.8
-14956.4
-14965
-14963.8
-14963
-14966.6
-14970.2
-14968
-14966.1
-14964.4
-14966.2
-14994.7
-14965.5
-14992.2
-14995
-14956.7
-14948.4
-14959.3
-14971.2
-14983.4
-14954.7
-14960.3
-14969.7
-14951.2
-14957.1
-14942.6
-14940.5
-14938.6
-14955.4
-14926.8
-14913.1
-14907.2
-14924.5
-14942.8
-14942.7
-14943.5
-14948.5
-14959.4
-14951.1
-14961.7
-14963.3
-14976.4
-14969.8
-14971.4
-14962.8
-14955.9
-15003.2
-15004.5
-14990.8
-15003.6
-14980.9
-14988.7
-15005.9
-14987.3
-14973.8
-14986.4
-14965.7
-14941
-14920.2
-14960.6
-14963.6
-14958.6
-14962.8
-14975.1
-14968.8
-14985.5
-14995.2
-15009.9
-14993.9
-14997.9
-14997.2
-14969.8
-15007.2
-15002.3
-14990.9
-14978.7
-14953.8
-14957.8
-14944.3
-14966.1
-14980.6
-14984.9
-14984.6
-14981.7
-14971.2
-14981.6
-14939.5
-14981.7
-14968.6
-14967.2
-14959
-14951.2
-14935.1
-14951.1
-14959.4
-14963.8
-14976.2
-14973.4
-14980.2
-14987.1
-14971.9
-14989.4
-14974.8
-15014.6
-15015.6
-15027.7
-15013.5
-15017.8
-15030.3
-15050.3
-15038.5
-15028.9
-14992.4
-14981.9
-14986.3
-14989.3
-14991.8
-14975.1
-14982.8
-14998.1
-14984.3
-14983.8
-14973.6
-14968.3
-14973.3
-14960.6
-14970.5
-14954
-14942.8
-14959.1
-14936
-14924.2
-14940.9
-14917.7
-14918.7
-14926.4
-14921.8
-14921.4
-14932.2
-14947.2
-14969.5
-14961.9
-14943.8
-14953.3
-14979.2
-14957.3
-14962.6
-14953.5
-14959.4
-14943.8
-14943.9
-14926.8
-14940.1
-14953.4
-14982.9
-14996.3
-14991.2
-14990.8
-15003.9
-14989.5
-14974
-14972.5
-14979.3
-14961.9
-14952.1
-14973
-14987.2
-14959.1
-14969.2
-14963.2
-14965.9
-14953.2
-14947.5
-14955.4
-14958.2
-14959.3
-14972.6
-14978
-14968.5
-14982
-14954.3
-14964.4
-14956.5
-14934.2
-14957.4
-14943.9
-14925.6
-14931.1
-14941.7
-14937.5
-14942.2
-14951.9
-14955
-14969.3
-14967.4
-14974.1
-14976.4
-14961.2
-14972.6
-14971.5
-14959.8
-14959.2
-14951.4
-14957.7
-14991.9
-14973.8
-14969.5
-14962.6
-14950.8
-14968.8
-14991.6
-14974.6
-14959.2
-14949
-14972.2
-14955.2
-14995.4
-14966.1
-14967.7
-14967.8
-14968.7
-14934.9
-14950.9
-14950.4
-14937.9
-14930
-14959
-14953.8
-14962.3
-14952.8
-14944.3
-14945.3
-14912.7
-14923.5
-14939.3
-14956
-14950.5
-14959.3
-14993.9
-14975.3
-14980.9
-14968
-14961
-14973.2
-14958.9
-14969.6
-14938.8
-14969.3
-14960.1
-14965.9
-14966.1
-14962.8
-14978.6
-14958.5
-14969.2
-14966.3
-14963.4
-14968.9
-14967.6
-14937.2
-14957
-14954.2
-14963.7
-14963
-14956.1
-14990.3
-14982.3
-14989.1
-14987
-14967.6
-14955.6
-14952.2
-14953.7
-14964.8
-14949.9
-14955.8
-14944.1
-14961.9
-14955.9
-14960.6
-14931.9
-14944.9
-14943.7
-14962.5
-14962.9
-14956.7
-14973.1
-14990.2
-14989.7
-14966.6
-14981.6
-14955.3
-14965.7
-14958.8
-14971.3
-14987.3
-14977.8
-14970.4
-14944.5
-14937
-14955.9
-14952.1
-14969.2
-14975.4
-14974.9
-14942.8
-14955.2
-14958.8
-14939.3
-14935.9
-14947.5
-14949.1
-14959
-14957.7
-14966.7
-14954.3
-14947.5
-14940.1
-14953.5
-14969.5
-14966.9
-14951.4
-14973.4
-14976
-14974.6
-14987.4
-14960.9
-14952.1
-14974.5
-14996.3
-14987.8
-14989.3
-14971
-14958.7
-14978.8
-14992.6
-14968.5
-14962.4
-14955.4
-14953.3
-14961
-14954.5
-14971
-14993.7
-14999.4
-14982.8
-14951.1
-14947.2
-14970
-14992.3
-14988.5
-14957.9
-14983.7
-14977.4
-14974.8
-15006.9
-15017.4
-15020.1
-15024.7
-15026.4
-14990.9
-14979.8
-14964.8
-14961.8
-14945.8
-14958.2
-14955.6
-14957.5
-14958.6
-14943.5
-14948.1
-14954
-14939.9
-14939.5
-14959.5
-14944.7
-14980.1
-14979.7
-14964.9
-14976.1
-14979.6
-14994.9
-14999.7
-14981
-14969.3
-14952.7
-14956.5
-14956.5
-14947.3
-14951.8
-14944.8
-14945.4
-14938.4
-14937.7
-14954.5
-14982.5
-14971.8
-14968.4
-14952.6
-14920.3
-14934.4
-14941.7
-14963
-14978
-14984.6
-14988
-14988.5
-14971.5
-14989.7
-14986.5
-14956
-14956
-14950.8
-14946.5
-14935.7
-14927
-14933.9
-14923.5
-14924.5
-14947.4
-14947.1
-14934.9
-14942.7
-14952.6
-14935.3
-14959.7
-14964.6
-14958.1
-14967.6
-14975.4
-14987.3
-14933.2
-14937.1
-14944.7
-14949.8
-14969.9
-14999.2
-14982.5
-14995.8
-14972.1
-14980.2
-14975.9
-14975.3
-14979
-14985.2
-14998.8
-14985.4
-14966.6
-14969
-14961.9
-14969.1
-14958.9
-14950.8
-14953.7
-14936.8
-14963.9
-14934.2
-14911.1
-14920.2
-14926.8
-14947
-14947.3
-14957.3
-14938
-14952.7
-14973.7
-14951.2
-14963.1
-14982.5
-14995.2
-14989.9
-14966.1
-14953.6
-14972.1
-14977.8
-14998.5
-14973.3
-14966.3
-14986.7
-14968.6
-14956.2
-14954.9
-14949.1
-14956
-14987.5
-14952.5
-14959
-14951.3
-14942.5
-14938.2
-14930.2
-14950.5
-14947.4
-14959.1
-14986
-14973.6
-14981.1
-14964.9
-14992.5
-15012.4
-14987.5
-14961.9
-14962.7
-14958.3
-14968.6
-14968.4
-14976.8
-14970.7
-14955.5
-14955.9
-14959.1
-14960.8
-14953.2
-14969.8
-14953.4
-14936.7
-14915.7
-14934.8
-14967.6
-14972.2
-14965
-14983.9
-14973.4
-14968.4
-14953.4
-14940.3
-14953.2
-14962.6
-14959.5
-14948.5
-14974.1
-15001.7
-14979.4
-15010.2
-14986.2
-15005.5
-15000.3
-14986.1
-14986.5
-15001.2
-15022.8
-15021
-15014.7
-14987.5
-14949.8
-14965.1
-14966.1
-14956.3
-14954.1
-14961.9
-14949.1
-14923.1
-14953.1
-14923.4
-14950.8
-14969.9
-14981.7
-14994.5
-14992.3
-14981
-14997.3
-14981.8
-14963.5
-14970.9
-14958.4
-14973.7
-14943.2
-14966.7
-14958.9
-14946.7
-14958.1
-14977.9
-14975
-14945.2
-14950.7
-14939.7
-14956.7
-14969.8
-14980.5
-14974.3
-14972.1
-14950.3
-14976.1
-14967.6
-14977.3
-14966.1
-14956.9
-14971.5
-14996.3
-14983.9
-14970.8
-14988
-14994.9
-14994.7
-14989.7
-14984.3
-14997.6
-14971.8
-14975.3
-15001.2
-15004
-14983.5
-14960.8
-14995
-14989.2
-14985
-15001.9
-15015.9
-15020.3
-14988.6
-15006.3
-15007.3
-14979.5
-14964
-14952
-14955.3
-14972.4
-14985.6
-14985.6
-14974.3
-14989.5
-14990.2
-14986
-14974.4
-14978.5
-14962.5
-14962.9
-14943.7
-14962
-14961.1
-14969.7
-14960.9
-14973.2
-14991.7
-14982.7
-14965.8
-14957.9
-14952.2
-14941.1
-14960.3
-14954.2
-14952.6
-14979.5
-15002.8
-14989.9
-14995
-15006.2
-15012.6
-14992.8
-14975.5
-14968
-14961.6
-14926.7
-14923
-14942.1
-14961.9
-14979.1
-14995.8
-14992.5
-14955.6
-14941.3
-14910.4
-14906.8
-14952.2
-14933.9
-14941.8
-14962.9
-14966.4
-14962.7
-14970.7
-14988.3
-14975.8
-14958.5
-14952.4
-14951.5
-14928.3
-14955.3
-14964.4
-14974.7
-14998.8
-15021.1
-14982.6
-14990.9
-14970.8
-14969
-14964
-14969.4
-14967.6
-14940.4
-14950.8
-14949.1
-14961.6
-14985.4
-15000.2
-14975.1
-14963.9
-14956.5
-14960.2
-14958.3
-14967.9
-14962
-14964.5
-14969
-14964
-14973.9
-14990.9
-14995.3
-14991.6
-15015
-15006.6
-15015.9
-15023.8
-15006.9
-14999.3
-14995.1
-14999.7
-15002.5
-14984
-14991.6
-14985
-14988.3
-14982.1
-14982.4
-14936.6
-14951.7
-14948.8
-14972.8
-14975.9
-14968.4
-14989.7
-15006.6
-14980.8
-14983
-14976.8
-14992.8
-14982.7
-14983.1
-14963.2
-14978.2
-14956.7
-14963.1
-15008.8
-15011
-14998.2
-14976.7
-14968.8
-14940.1
-14964
-14993.6
-14985.2
-14955.8
-14973.7
-14994.6
-14980.2
-15003.9
-14984.3
-14998
-15025.8
-14992.6
-14981.6
-14969
-14972.1
-14987.2
-14982.5
-14980.7
-15013.4
-14989.2
-14978.5
-14998.4
-14970.1
-14968.1
-14972.2
-14982.1
-14970.9
-14962.7
-14969.8
-14991.9
-14964.4
-14965.3
-14942.9
-14924
-14918.9
-14952.3
-14956.2
-14972.4
-14980.7
-14997.7
-15009.6
-15008.7
-14990.2
-14959.2
-14981.5
-14972.9
-14985.8
-14948.6
-14969.7
-15012.8
-15011.2
-14957.8
-14941.5
-14963.5
-14943.7
-14968
-14986.7
-14987.9
-14966.8
-14994.2
-14985.6
-14991.7
-15013.6
-14991.4
-14986.2
-15003.6
-15005.1
-15013.4
-14975.2
-14979.1
-14987.6
-14977.5
-14968.9
-14964.7
-14988.4
-14971.7
-14960.9
-14964.5
-14987.7
-14983
-14970
-14993.3
-14971.7
-15007.5
-14953.9
-14925.1
-14928.8
-14930.5
-14944.5
-14937.3
-14935
-14947.1
-14936.5
-14932.2
-14934.1
-14947.8
-14953.6
-14950.4
-14954.4
-14971.1
-14956.6
-14951.1
-14970.4
-14971.2
-14961.1
-14951.7
-14943
-14931.8
-14932.8
-14923.5
-14957.7
-14958.7
-14967
-14975.6
-14959.9
-14947.1
-14929.9
-14953.6
-14983.8
-14982.2
-15016.2
-15043.6
-15057.1
-15032.4
-14995.7
-14993.3
-15004.5
-14973.1
-14959.8
-14976.8
-14948.1
-14931.4
-14958
-14962
-14965.5
-14955.7
-14949.7
-14982.3
-14981.6
-14987.7
-14973.8
-14986.2
-14973.8
-14973.4
-14970.2
-14982.7
-14994.5
-15002.4
-14999.6
-15025.4
-15012.1
-15006.3
-14992.2
-14976
-15003.6
-15028.6
-15031.3
-14994.8
-14993.9
-14994.5
-15008.3
-15012.5
-15019.6
-14989.3
-14981.8
-15009.8
-15014.1
-15004.3
-15016
-14989.3
-14980.2
-15005.9
-15023.2
-14999.8
-15012.7
-15023.4
-15021.2
-15007.6
-14984.6
-14990.9
-14972.8
-15000.5
-14990.3
-14981.8
-14976.3
-14955.5
-14981.2
-14990.7
-15006.1
-15013.9
-15017
-15017.6
-15031.5
-14996.8
-14961.6
-14955.8
-14920.4
-14921.6
-14943.8
-14930
-14938.9
-14956.8
-14948.7
-14942.7
-14945.8
-14955.8
-14963.6
-14965.8
-14987.5
-14963.7
-14944.5
-14937.6
-14957.3
-14939.4
-14942.7
-14934.6
-14965.9
-14960.9
-14944.1
-14939
-14951.1
-14944.5
-14949
-14972.6
-14966.8
-14956.9
-14946.2
-14951.3
-14961.8
-14959.3
-14955.7
-14973.7
-14967.6
-14999.3
-14987
-14954.5
-14951.5
-14954.9
-14958.8
-14943.8
-14968.2
-14973.6
-14961.4
-14981.9
-14992
-14983.4
-14963
-14970
-14957.8
-14962.6
-14945.6
-14963.7
-14945.9
-14958.6
-14986.9
-15020.8
-14986.7
-14980.2
-15008.4
-14998.9
-14975.9
-14996.2
-15004.3
-15006.3
-14979.3
-14982.4
-15016.5
-14985.5
-14990
-14987.7
-14961.3
-14972.2
-14945
-14956.4
-14953.9
-14951.5
-14949.9
-14934.9
-14934.3
-14974.7
-14963.2
-14931.5
-14951.7
-14986
-14981.5
-14984.2
-14972.4
-14972.9
-14956.9
-14968.4
-15012.6
-15032.7
-14992
-15004.2
-15012.1
-14986.4
-14963.7
-15003.2
-14969.3
-14955.2
-14942.4
-14954.5
-14949.8
-14974.5
-14976.2
-15019.1
-15012.7
-14998.4
-14983.5
-14973.5
-14949.5
-14948.4
-14955
-14955.2
-14975.8
-15004.4
-15010
-14973
-14962.5
-14970.7
-14964
-14970.7
-14955.5
-14961.6
-14957.4
-14952.1
-14972.2
-14974.3
-14975.9
-14999.5
-15000.5
-15007.2
-14998.6
-14999.3
-14977.9
-14977.9
-15003.7
-15019.4
-14976.2
-14992.5
-14973.5
-14980.1
-14966.7
-14984.6
-14980.3
-14965.4
-14955.8
-14966.9
-14979.3
-14968.8
-14974.3
-14991.8
-14962.6
-14975.5
-14985.9
-14988.3
-14963.8
-14979.1
-14948.6
-14968.5
-14987
-14972.7
-14971.7
-14963.2
-14963.8
-14961.6
-14954.6
-14959.5
-14949.1
-14949
-14974.9
-14992.7
-14990.2
-14992
-14990
-14969
-14955.1
-14961.1
-14977.3
-14966.4
-14970.3
-14956.8
-14980.7
-14983.6
-15013.7
-15002.7
-14967.9
-14955.7
-14958.8
-14954.1
-14953.3
-14983.3
-14999.6
-14994.9
-14998.4
-15003.4
-15009.4
-15026.7
-15018.7
-14991.8
-14970.4
-15000
-14988.9
-14974.8
-14981.4
-14990.4
-14971.6
-14958.2
-14965.6
-14961.9
-14947.1
-14960.8
-14971.6
-14956
-14955.9
-14945.4
-14937.9
-14944.5
-14944
-14948.1
-14960.7
-14971.3
-14986.4
-14976
-15007.1
-15016.3
-15015.5
-15010.1
-14995.3
-14976.5
-14962.4
-14947.2
-14981.9
-15004.7
-14963.4
-14959.5
-14959.1
-14964.1
-14985.7
-15003.6
-14982.2
-14974.7
-15010
-15010.2
-14998.7
-14969.8
-14964.3
-14981.7
-14992.9
-14967.5
-14968.6
-14974.9
-14962.6
-14968.2
-14975.9
-14973.2
-14970.7
-14983.6
-14966.7
-14992
-15002.7
-14993.1
-14996.3
-14986.2
-14980.2
-14990.4
-14983.4
-14989.5
-14989.1
-15017.9
-15009.6
-15004.6
-15018.9
-14993.8
-15017.5
-15033.3
-15009.5
-15024.9
-14995.3
-14988.3
-14968
-14975.7
-14973.1
-14962.5
-14995.6
-14967.8
-14988.7
-14982.7
-14966
-14990.2
-14985.2
-14972.6
-14989.7
-14979.6
-14975.1
-14959.7
-14957.2
-14983.3
-14973.1
-14972.9
-14969.2
-14974.9
-14970.1
-14974.2
-14978.9
-14958.5
-14968.3
-14943.8
-14933.7
-14931.9
-14957.4
-14987.7
-14990
-14946.8
-14958.6
-14979
-15011.1
-14991.2
-14987.5
-14994
-14987.8
-14999.2
-14989
-14983.4
-14998.8
-15013.5
-14996.8
-15011.9
-15007.8
-15008.7
-14991.8
-14976.8
-14992.5
-14996.4
-14964.6
-14945.6
-14935.6
-14943.6
-14942.9
-14955
-14968.4
-15012.3
-14999.1
-14983.1
-14958.9
-14989.7
-14948.3
-14954.7
-14955.6
-14946.7
-14952.3
-14975.8
-14974.4
-14970.9
-14947.4
-14965.6
-14995.9
-14986.5
-14994.1
-15000.2
-14992.1
-14985.2
-14979.1
-14965.2
-14982.6
-14992.1
-14989.7
-14985.8
-14985.7
-14987.1
-14992.4
-15004.2
-14989
-14987
-14948
-14949.4
-14960.8
-14968.8
-14969
-14981.8
-14985.4
-15001.8
-15014.1
-15003
-14990.8
-14988.2
-14977.6
-15014.9
-15024
-15053.8
-15016.8
-15003.5
-14999.8
-14975.4
-14982.8
-14981.9
-14972.3
-14997.5
-14972.3
-14984.2
-14995.6
-15012.3
-14988.1
-15001.9
-14995.2
-14991.1
-14974
-14983.5
-14960
-14981.1
-14997.7
-15010.6
-15000.7
-14983.8
-14963.9
-15002.3
-14977.8
-14963.6
-14971.3
-14963.3
-14925.7
-14951.1
-14932.3
-14950.1
-14906.6
-14911.6
-14912
-14947.4
-14941
-14947.3
-14955.3
-14950.9
-14972.4
-15012
-14988.8
-14955.9
-14951.4
-14955.4
-14966.7
-14990.5
-15007.7
-15002.8
-14998.3
-14982.2
-14972.1
-15002.8
-14975
-14970.7
-14980.7
-14964.7
-14978.2
-14968.4
-14980.2
-14975.1
-14985.2
-14995.7
-14970.1
-14953.1
-14992.8
-14977.1
-15008.1
-15007.1
-15011
-14984.6
-14968.9
-14949.8
-14931.8
-14954.6
-14940.2
-14962.2
-14960.7
-14966
-14963.9
-14967.6
-14989.4
-14982.7
-14980.1
-14990.7
-14986.3
-15013.2
-15023.1
-15024.1
-14982.9
-14959.1
-14953.5
-14986.3
-14965.5
-14967.7
-14973.1
-14970.5
-14981.7
-14967.3
-14986.9
-14982.6
-14967.2
-14981.6
-14997.4
-14979.1
-14984.4
-14992.7
-14982.9
-14971.7
-14963.4
-14962.6
-14963.6
-14962.7
-14962.6
-14974.4
-15013
-15024.5
-15026.2
-14998.5
-15010.8
-15020.8
-14983.6
-14955.7
-14947.1
-14976.4
-14988.3
-14986.5
-14987.2
-14989.4
-14985.7
-14967.9
-14987.4
-14967.5
-14953.5
-14978.4
-14966.3
-14959.5
-14954.9
-14946.5
-14955.8
-14934.7
-14939.4
-14958.8
-14968.1
-14973.2
-14985.6
-14983.1
-14997.7
-15025.5
-15002.5
-15001
-14985.6
-14976.8
-14970
-14981.9
-14957.5
-14981.6
-14998.6
-14975.8
-14974.1
-14963.1
-14965.3
-14935.6
-14955.6
-14959.5
-14975.8
-14945.8
-14937.5
-14914.2
-14897.3
-14933.2
-14934.1
-14942.2
-14943.1
-14937.9
-14949.7
-14947.7
-14956.3
-14962
-14976.6
-14972.7
-14958.8
-14961.8
-14966.2
-14944
-14938.9
-14953.3
-14954.6
-14964.3
-14987.2
-14994.4
-14991.4
-14992.9
-14970.3
-14958.1
-14965.8
-14972.4
-14952.1
-14957.1
-14969.1
-14945.7
-14911.5
-14950.8
-14956.3
-14968.1
-14954.4
-14965.6
-14996
-15005.8
-15000
-14986
-14992.9
-14989.1
-14976.4
-14981.1
-14951.4
-14934.2
-14962
-14976.5
-14962.3
-14962.1
-14975.4
-14962.8
-14945.9
-14947.7
-14960.3
-14954.8
-14955.3
-14957.6
-14959.1
-14973.9
-14988.2
-14971.2
-14975.5
-14983.6
-14992.9
-14990.6
-15028.6
-15027.1
-15005.6
-14997.3
-14985.8
-14999.2
-15000
-14974.9
-14955.9
-14985.4
-14994.2
-14988.9
-14959.8
-14953.5
-14981.1
-14965.8
-14967.3
-14965.6
-14983.1
-14967.4
-14955.5
-14965.5
-14982.8
-15007.2
-15023
-14979.7
-14984.4
-14970.9
-14969.9
-14974.3
-14999.4
-14985.9
-14990.1
-14966
-14975.2
-14966
-14974
-14996.5
-14990.7
-14996.5
-14998.8
-14991.4
-14968.2
-14972.7
-14987.1
-14983.9
-14987.8
-14978.2
-14950.6
-14950.9
-14944.7
-14956.8
-14965.6
-14960.3
-14971.8
-14955.7
-14971.8
-14979.6
-14970.5
-14970.4
-14971
-14962.5
-14945.3
-14931
-14955.9
-14948.4
-14955.4
-14965.8
-14959.3
-14963.6
-14955.2
-14930.8
-14958.6
-14966.9
-14953.2
-14949
-14963.3
-14950.6
-14967.4
-14981.3
-14994.7
-14992.9
-15002.9
-14986.7
-14962.5
-14966.1
-14984.6
-14958.7
-14953.7
-14981.6
-15004.6
-15011.8
-14994.2
-14976.1
-14958.2
-14967.7
-14968.5
-14974
-14973.7
-14980.6
-14945.1
-14966.6
-14957.1
-14934.9
-14927.9
-14936.7
-14951.2
-14982.6
-14989.6
-14985.7
-14957.6
-14999.6
-14990.7
-14973.1
-14997.2
-14980.7
-14989.4
-14996
-14982.9
-14955
-14949.3
-14950.4
-14928.7
-14903.5
-14946.8
-14937.7
-14954.5
-14966.4
-14990.2
-14976.5
-14967.7
-14953.7
-14934.7
-14946.2
-14936.2
-14939.5
-14915.7
-14945.1
-14951.1
-14953.8
-14947.3
-14964.1
-14949.2
-14989.5
-14961
-14945.4
-14932.3
-14938.9
-14945.3
-14932.1
-14924.5
-14935.1
-14964.7
-14993.4
-14977.4
-14968.3
-14987.6
-14978.6
-14974.3
-14975.5
-14979.7
-14983.6
-14977.7
-14978.2
-14963.3
-14962.4
-14971.9
-14979.2
-14944.2
-14933.3
-14939.1
-14942.6
-14951.2
-14957.3
-14977.5
-14990.9
-14970.3
-14956.2
-14959.4
-14988.2
-14971
-15004
-14989.7
-15001.5
-14965.3
-14974.9
-14999.2
-15020.5
-15018.4
-15042.7
-15010
-15032.3
-14987.3
-14983.3
-14976.3
-14988.8
-14989.9
-14974
-14960.1
-14967.3
-14961.3
-14967.7
-14935.5
-14961.1
-14972.3
-14963.5
-14939.5
-14940.1
-14955.4
-14985.7
-14987.4
-14992.9
-14988.1
-14979
-15007.6
-14992.2
-14983.6
-14980.8
-14966
-14959.5
-14970.3
-14977.1
-14977.5
-14991.9
-15003
-14972.9
-14963.7
-14981.4
-14967.6
-14993.8
-14989.4
-14974.9
-15003.9
-14992.9
-14980.4
-14951.9
-14939.9
-14934.8
-14963.7
-14953.5
-14960.4
-14950.9
-14955.4
-14977.3
-14986
-15003.6
-14973.3
-14967.3
-14964.1
-14960.3
-14948.2
-14959.6
-14930.1
-14962.3
-14952.8
-14989.5
-14975.4
-14950.2
-14961.9
-14947.3
-14953
-14944.5
-14967
-14971.9
-14987.9
-14968.6
-14980.4
-14976.3
-14997.7
-14981.8
-14987.3
-14983.6
-14958.6
-14982
-14959.1
-14943.7
-14930
-14936.6
-14941
-14975.4
-14965.5
-14944.9
-14946.8
-14945.2
-14933.7
-14950.7
-14948.1
-14948.1
-14964.8
-14946.3
-14953.3
-14993.3
-14977.6
-14997.3
-14966.6
-14990.4
-14972.3
-14995.1
-14966.7
-14943.1
-14964.4
-14958.6
-14952.1
-14983.2
-14973.2
-14985.2
-14965.6
-14956.6
-14943.6
-14930.1
-14928.5
-14962.6
-14973.7
-14976
-14968.3
-14935.6
-14919.9
-14944.1
-14955.1
-14949.5
-14940.1
-14946
-14953.6
-14963.4
-14973.8
-14970.1
-14968.3
-14980.5
-15005.5
-15035.9
-15005
-14992.6
-14981.2
-14960.2
-14975.5
-14978.9
-15023.6
-15000.8
-15000.2
-14982
-14944
-14925.5
-14941.9
-14940.7
-14970.2
-14971.6
-14974.6
-14985.8
-15003.9
-14979.3
-14980.4
-14964.5
-14961
-14969.3
-14955.6
-14949.6
-14950.4
-14939.5
-14948.2
-14973.2
-14974.6
-14978
-14962.3
-14970.4
-15000.5
-15003.1
-14997.6
-15000.7
-14986.2
-14996.8
-15015.7
-14993.1
-15001
-14984.2
-14968.6
-14982
-14964
-14986.7
-14960.3
-14970.9
-14962.4
-14941.3
-14964.9
-14967.6
-14980.5
-14947.3
-14953.6
-14961.9
-14985.2
-15009
-14988.6
-14975.3
-14991.2
-14963.9
-14979.2
-14961
-14980.5
-14994
-14964.7
-14960.3
-14945.4
-14963.1
-14964.2
-14944.3
-14962.1
-14973.9
-14987.9
-14981.5
-14991
-14976.4
-14993.2
-14997.3
-15021.9
-15004.6
-15003.7
-15019
-15014.6
-14999.9
-14989.8
-15014.3
-15035.3
-15020.2
-15034.4
-14999.7
-14996.4
-15008.7
-14985.7
-14978.4
-14971.6
-14944.9
-14966.8
-14984.8
-14975.2
-14994.9
-14972.6
-14938.7
-14916.9
-14943.3
-14952.7
-14938.9
-14960.1
-14953.2
-14967.9
-14963.3
-14998.1
-14987.3
-14964.9
-14952.2
-14962.7
-14994.7
-14992
-14976.6
-14951.6
-14939.7
-14931.2
-14968.6
-14975.5
-14979.3
-14980.5
-14977.7
-14965.3
-14934.7
-14937.5
-14947.9
-14960.1
-14957.5
-14975.1
-14956.2
-14945.7
-14945.8
-14944.6
-14950.6
-14950.7
-14959.3
-14957.9
-14955.3
-14957.6
-14963.8
-14968.2
-14982
-14982.2
-14988.9
-14970
-14968.4
-14957.3
-14962.4
-14971.1
-14976.6
-15006.3
-14977.1
-14980.3
-14967.4
-14962.7
-14962.3
-14955.3
-14959.4
-14941.7
-14938.9
-14958.4
-14952.3
-14948.6
-14942.2
-14959
-14951.9
-14958.2
-14974.8
-14983.5
-14976.6
-14987.3
-14973.2
-14961
-14989.1
-14978
-14978.2
-14975.7
-14993.9
-14990
-14990.6
-14949.9
-14956.3
-14984.4
-15006.4
-14991.5
-14975.4
-14986.9
-14987.5
-14990.3
-14999.1
-14969.3
-14956.3
-14971.3
-14986.1
-14964.1
-14952.5
-14958.7
-14996.5
-14974.8
-14976.1
-14996.9
-14971.4
-14979.5
-14977.1
-14972
-14950.2
-14959.1
-14950.2
-14943.4
-14936.9
-14958.9
-14965.2
-14936.2
-14979.6
-14986.7
-14990.2
-14993.9
-14975.1
-14967.9
-14953.4
-14941.9
-14951.3
-14982.5
-14953.5
-14981.7
-14978.9
-14990.8
-14975.1
-14952.9
-14939.4
-14959.4
-14983.6
-14985.9
-14977.4
-14957.5
-14958.2
-14979
-14963.1
-14965.2
-14961.8
-14973.9
-14951.9
-14966.2
-14970.4
-14969
-14968.8
-14956
-14961.1
-14960.8
-14967.2
-14948.2
-14955.9
-14947.6
-14971.3
-14957.7
-14957
-14972.7
-14988
-14964.5
-14970.6
-14977.8
-14967.9
-14948.8
-14957.6
-14953.9
-14956.8
-14969.1
-14990
-15009.4
-14974.7
-14971.1
-14976
-14988.3
-14946.3
-14937.6
-14956.1
-14949.5
-14937.4
-14967.5
-14959.7
-14955.4
-14991.4
-15010.3
-15004.8
-14993.7
-14988.2
-14979
-14981.4
-14993.2
-14998
-14993.5
-14972.7
-14971.9
-14977.7
-14964.8
-14950.7
-14955
-14962.6
-14953.9
-14944.2
-14940.2
-14958.1
-14981.1
-15000
-14985.5
-14986.8
-14999.4
-14987.4
-14963.4
-14972.1
-14976.2
-14960.6
-14931
-14948.8
-14942.2
-14950.5
-14981.4
-14974.6
-14978.7
-14987.2
-14991.9
-15000.7
-14991.9
-14968.8
-15005.4
-14974.7
-14963.6
-14950.7
-14963.7
-14954.3
-14959.9
-14957.4
-14956.1
-14950.1
-14956.4
-14973.3
-15014.6
-15007.8
-14985.9
-14944.1
-14965.7
-14967.3
-14969.6
-14979
-14961.7
-14980.8
-14971.5
-14977.5
-14984.3
-14959.3
-14937.7
-14935.5
-14966.2
-14954.9
-14940.8
-14961.6
-14953.5
-14975.6
-14978.9
-14959.8
-14967.3
-14952.6
-14972
-14969.5
-14952.6
-14965.6
-14967.5
-14951.6
-14940.6
-14908
-14932.2
-14945.1
-14961.2
-14975.4
-14950.9
-14961.1
-14992.8
-14983.8
-14956.6
-14928.1
-14926.9
-14930.5
-14944.9
-14968.3
-14970
-14974.4
-14999.6
-14973.8
-14999.5
-14992.9
-15019.2
-15008.2
-14962.4
-14970.4
-14952.1
-14957.2
-14972.9
-14984.2
-14979.3
-14985.6
-14953.1
-14969.8
-14960.6
-14999.3
-14988.3
-14982.3
-14982.2
-15008.4
-15008.2
-15012
-14985.7
-14961.2
-14960.6
-14960.4
-14980.7
-14982.5
-14955.5
-14948
-14938.1
-14952
-14960.3
-14973
-14978.5
-14991.9
-14987.3
-14974.8
-14955.7
-14981
-14988.9
-14962.4
-14956.6
-14958.6
-14959.7
-14962.3
-14951
-14972
-14975.3
-14981.9
-14994.7
-14987.4
-14992.4
-14964.4
-14973.9
-14973.1
-14974.1
-14975.5
-14996.7
-15011.4
-15020.6
-14981.3
-14957
-14968.9
-14981.6
-15007.6
-15004.5
-15015.5
-14979.3
-14978.6
-14960.1
-14960.5
-14975.7
-14973.3
-14947.2
-14929.2
-14961.1
-14963.2
-15004.3
-15014.5
-14990
-15016
-15026.1
-15012.8
-15001.5
-14972.2
-14992.3
-14972.1
-14966.1
-14948.3
-14954.4
-14952
-14958.9
-14960.1
-14961.7
-14979.5
-14969.1
-14978.9
-14994.9
-14970.2
-14987.4
-14974.5
-14954.5
-14980.8
-14985.7
-15021.8
-14997.5
-14977.9
-14967.1
-14985.3
-14988.4
-14983.7
-14979.8
-14982.2
-14982.7
-14985.7
-14973.6
-14961.6
-14978.4
-14988.7
-14977.8
-14972.2
-14969.8
-14959.5
-14938.1
-14964.8
-14954.7
-14933.3
-14950.7
-14963.2
-14956.1
-14969.5
-14986.7
-14962.2
-14973
-14972.3
-14960.8
-14957.3
-14947.1
-14956
-14956.1
-14970.7
-15009
-15000.8
-14990.7
-15008.6
-14971.5
-14964.1
-15014.5
-14975.3
-14959.2
-14986.5
-14979
-15004.5
-14999.4
-15006.4
-15009.4
-15005.5
-15019.6
-15010.6
-15021.2
-15024
-15006.8
-15006.7
-15011.3
-15004.2
-14993.9
-14974.7
-14964.2
-14967.4
-14969.7
-14965
-14994.9
-14976.1
-14945.8
-14946.3
-14943
-14957.1
-14957.4
-14977.7
-15004.9
-14987.1
-14977.8
-14967.9
-14960.1
-14950.5
-14961.5
-14974.9
-14984.1
-14962.5
-14956.1
-14976
-14969.6
-14957.1
-14952
-14936.4
-14945.4
-14929.4
-14923.9
-14925.3
-14913.6
-14927.3
-14974.4
-14958.8
-14928.9
-14948.2
-14966.5
-14988.2
-14961.2
-14979.7
-14976
-14969.5
-14974.6
-14953.6
-14978.3
-14960.6
-14964.5
-14982.6
-14985.7
-14972.2
-14942.5
-14954.6
-14958.6
-14954.3
-14964.6
-14986.1
-14979.3
-14967.2
-14969.7
-14962.9
-14969.5
-14959.5
-14969.9
-14963.6
-14977.3
-14978.2
-14986.9
-14999.7
-14957.8
-14970.1
-14963.4
-14958.5
-14952.5
-14988.9
-14979.5
-14971.9
-14987.9
-14993.7
-14970.7
-14980.6
-15013.8
-14995.7
-14974.9
-14972.8
-14991.7
-15008.3
-15011.7
-15021.9
-15021.3
-15007.6
-15000.5
-14988.3
-15007.7
-14979.1
-14978.3
-14947
-14942.3
-14972.3
-14988.5
-15003.8
-14984.5
-14964.7
-14963.9
-14952.4
-14947.2
-14983.5
-14994.5
-14962.2
-14953.1
-14932.6
-14932.6
-14940.6
-14918.2
-14931.6
-14977.5
-14974.1
-14964.7
-14964.4
-14967
-14988.6
-15011.8
-15000.2
-14980.9
-14976.9
-14984.8
-14995.9
-15000.7
-14978
-14977.2
-14992.5
-14964.2
-14963.4
-14978
-14981.7
-14995
-15016.7
-14995
-14996.1
-14985.2
-14994.3
-14982.5
-14975.3
-14971.7
-14992.7
-14984
-14970.2
-14991.1
-14977.5
-14970.1
-14966.3
-14945.3
-14963.6
-14963.7
-14978.9
-14974.5
-14947.9
-14966.5
-14987.9
-14994
-14989.8
-15002.7
-14996.4
-14990.6
-14995.1
-15005.3
-15003.9
-15011.4
-15006.2
-14978.4
-14959
-14955
-14957.8
-14934.3
-14964.2
-14952.7
-14960.1
-14976
-14980.9
-14979.4
-14996
-14986.1
-15003
-14996
-14974.8
-14973.3
-14974.3
-14955.5
-14969
-14980.6
-14985.9
-14973
-14976.4
-15014.2
-14996.6
-14973.3
-14963.6
-14956.6
-14964.7
-14984.5
-14982.6
-14990.5
-14968.5
-14982.5
-14979.4
-14983.4
-14998.7
-14993.4
-14968.4
-14968.6
-14956.8
-14952.7
-14944
-14936.1
-14943.7
-14989.1
-14986
-14983.3
-14971.3
-14979.7
-14967.5
-14983.3
-14965.5
-14963.5
-14964.9
-14960.5
-14975.6
-14946.9
-14959.8
-14957.9
-14962.3
-14957.6
-14952
-14973.6
-14998.4
-14973.6
-14970.1
-15001.2
-14977.3
-14962.6
-14943.8
-14931.5
-14926
-14945.8
-14959.2
-14959.5
-14942.3
-14952.7
-14970.8
-14958.9
-14912.6
-14934.1
-14939.5
-14951.9
-14962.8
-14958.2
-14955.4
-14961.9
-14973.6
-14974.2
-14998.9
-15019.9
-15015.1
-14980.9
-14984.8
-14998.9
-14976.1
-14958.7
-14970.9
-14963.7
-14955.5
-14950.1
-14958.4
-14946.8
-14963.8
-14952.5
-14944.4
-14965.6
-14948.8
-14943.9
-14964.4
-14968
-14965.4
-14978.5
-14985.1
-14996.2
-14993.2
-14992.4
-14972.3
-14974.6
-14968.2
-14973.1
-14966
-14938.4
-14960.6
-14964.2
-14953.6
-14960.4
-14991
-14979.9
-14980.6
-14966
-14991.5
-14960.1
-14962.2
-14981.9
-14987.9
-15002.7
-15001
-14990.1
-14954
-14945.8
-14952.5
-14954.4
-14968.6
-14957.2
-14976.2
-14973.4
-14990.5
-14983.7
-14988.6
-14985.4
-14985.5
-14972.1
-14979.2
-14973
-14993.5
-14956.7
-14972.2
-14987.5
-14986.9
-14978
-14954.8
-14973.7
-14947.9
-14957.9
-14993.1
-14991
-15017.4
-15022.5
-15030.7
-15019.9
-15044.2
-15026.5
-15046.2
-15021.8
-15035.9
-15018.5
-15017
-14995.3
-14962.8
-14993.9
-14995.5
-15016
-15017.8
-15008.8
-15006.5
-14987.4
-14990.8
-14988.7
-14980.2
-14988.4
-15004.6
-15005.8
-15020
-15024
-15000.4
-15009.9
-15037.2
-15029.4
-15037.9
-14988.3
-14978.7
-14955.8
-14980
-14960.6
-14946.7
-14941.8
-14948.4
-14932.7
-14950.9
-14974
-14983.9
-14994.5
-15017.1
-15026.1
-14979.7
-15008.7
-15001.1
-15021.4
-14982.2
-15000.6
-14973
-14954.8
-14996.6
-15011.3
-15013.7
-14995.8
-15010.1
-14972
-14985
-14984.3
-14969.9
-14953.3
-14940.9
-14947.9
-14955
-14975.9
-14955.3
-14957.1
-14936.7
-14938
-14958.5
-14983.8
-14991.5
-14975.6
-14967.5
-14972.9
-14994.4
-14997.7
-14989.8
-14959.7
-14979.6
-14991.4
-14986
-14965.3
-14960
-14973.3
-14950.6
-14959
-14969.7
-14948.9
-14929.9
-14949.2
-14962.4
-14978
-15002.1
-15002.3
-15004
-14978.4
-14986.5
-14969.2
-14964.7
-14959.6
-14959.6
-14969.7
-14946.9
-14939.2
-14965
-14952.4
-14980.7
-14980.6
-14964.7
-14989.9
-14959.3
-14943
-14946.9
-14943.9
-14942.8
-14971.5
-14973.1
-14969.2
-14953.2
-14962.2
-14962.8
-14951.6
-14975
-14988.9
-14983.7
-14977.9
-14974
-14977.2
-14978.7
-14976.2
-14986
-14996.9
-14988.1
-14995.2
-14991.3
-14997.9
-14978.2
-14974.8
-14978.7
-14988
-14964.7
-14965.3
-14948.8
-14947.8
-14958.3
-14960.8
-14979
-14965.5
-14948.3
-14961
-14978.3
-15016.5
-15001.2
-14978.9
-14956.9
-14952.6
-14931.9
-14942.5
-14943.3
-14944.8
-14966.7
-14957.3
-14984.8
-14966.6
-14992.1
-14998.3
-15002.2
-14997.3
-14993.2
-14993.6
-14987.8
-14986.2
-14978
-14977.9
-14976.6
-14950
-14930.1
-14938.7
-14951.8
-14959.8
-14972.3
-14974.7
-14956
-14923.6
-14936.3
-14967.9
-14986.2
-14980.4
-14974.3
-14954.2
-14944
-14966.2
-14988.9
-14973.4
-14982
-14978.9
-14994.9
-14991.1
-14994.7
-14992.4
-14993.2
-15004.6
-15015.5
-14986.2
-14952
-14947.2
-14929.9
-14943.9
-14939.1
-14928.8
-14955.2
-14975.1
-14999.2
-14995.4
-14976.4
-15021.8
-15040.9
-15007.4
-14980
-15002.4
-15010.3
-14983
-14976.5
-14967.6
-15003.4
-15014.4
-14989.3
-14969.7
-14971.7
-14983
-14997.9
-14985.8
-14979.3
-14972.5
-14966
-14949
-14957.4
-14976.9
-14963.9
-14972.6
-14975.4
-14966.7
-14962.3
-14973.7
-14976.9
-14964.3
-14971.6
-14976.4
-14987.9
-14965.9
-14978.5
-14944.5
-14957.9
-14967.5
-14978.1
-14994.5
-14970.8
-14962.8
-14959.4
-14949.9
-14983.3
-14985.6
-14967.7
-15003.1
-15000.5
-15002.4
-14975.2
-14986.9
-14985.3
-14998.1
-15006.9
-15009.1
-14988.1
-14977.8
-14987.3
-14985.6
-14983
-14976
-14971.2
-14979.7
-14974.1
-14991.5
-14983.4
-14999.4
-14977.2
-14958
-14975.2
-15001.8
-15005.2
-15015.2
-15017
-15037.4
-15011.2
-15002.4
-14974.6
-14972.3
-14965.5
-14951.1
-14950.7
-14990.7
-14981.3
-14970.3
-14974.4
-14969
-14958.3
-14948.7
-14937.1
-14961.9
-14982.6
-14978.7
-14975.6
-14972.2
-15035.6
-15017.1
-15009.5
-15000.9
-14997.5
-14961.8
-14959.9
-14979.3
-14986.6
-14995.5
-14968.4
-14985.2
-14974.6
-14968.9
-14947.8
-14964.5
-14970.3
-14953.9
-14934.5
-14944.9
-14985.3
-14980.5
-14982.2
-14970.4
-14964.8
-14966.3
-14970.4
-14954.2
-14920.3
-14959.2
-14968
-14979
-14949.3
-14945.1
-14983
-14996.1
-14953.9
-14952.4
-14963.4
-14981.5
-14998.8
-14949.7
-14953.6
-14956
-14995.4
-14985
-14976.3
-14964.2
-14968.9
-14940.9
-14956.3
-14984.6
-14985.3
-15009
-15007.4
-14995.4
-14979.1
-14950.9
-14947.6
-14978.7
-14979.6
-14977.4
-14967
-14947.2
-14954.9
-14952.7
-14970.8
-14967.2
-14966.1
-14970.2
-14952
-14976.7
-14995
-14991.7
-14981.9
-14976.3
-14986.5
-14975.6
-14953.8
-14994.2
-14993.3
-15017.9
-14984.4
-14977.6
-15004.5
-14983.4
-14987.7
-14985.3
-15025.9
-15030.7
-15018.2
-15030.5
-15027.7
-15014.5
-15010.4
-14979.7
-14964.1
-14948.1
-14964.8
-14972.1
-14981.5
-14987
-14969
-14962.3
-14969.6
-14973.3
-14962.7
-14954.7
-14934.5
-14955.8
-14925
-14925.9
-14932.5
-14959.3
-14951.6
-14963.6
-14953.5
-14959.2
-14959
-14980.2
-14950.8
-14948.9
-14949
-14957.4
-14963
-14954.6
-14971.1
-14979.5
-14962.3
-14939.5
-14937.7
-14917.7
-14913.6
-14930.3
-14927
-14938.3
-14943.5
-14943.4
-14917.6
-14924.1
-14942.4
-14948.5
-14947.2
-14962.4
-14957.8
-14966.8
-14965.6
-14953
-14963.4
-14979.3
-14977.6
-14969.8
-14961.3
-14961.4
-14956.7
-14976.6
-14964.2
-14968.8
-14981.3
-14965.9
-14940.9
-14960.8
-14970.4
-14965.2
-14941.6
-14973.7
-14970.2
-14992.7
-14982.8
-14997.5
-14990.3
-14991.6
-14996.6
-14978.7
-14985.9
-14990.4
-14992.8
-14977
-14962.5
-14963
-14960
-14940.7
-14929.2
-14971.4
-14943
-14938.6
-14963.6
-14964.1
-15007.9
-14986.1
-14990.1
-15000.8
-14995.8
-14977.1
-14975.6
-14976.2
-14961.9
-14947.2
-14955.9
-14947.7
-14969.3
-14958.5
-14961.2
-14964.2
-14968.9
-14978
-14968.9
-14956.2
-14952.1
-14935
-14936.1
-14938.5
-14958.1
-14969.9
-14967.3
-14932.7
-14899.8
-14906.9
-14943.9
-14953.9
-14927.6
-14966.5
-14976.6
-14998.6
-15016.7
-14997.2
-14991.2
-14985.5
-14995.4
-14989.7
-14967.4
-14949.3
-14962.5
-14969
-14977.1
-14969.9
-14985.8
-14990.9
-14995.6
-14997.9
-14991.4
-15023.8
-14999.1
-15004.6
-14997.5
-14972.2
-14991.7
-14986.7
-14968
-14962.1
-14962.3
-14964.8
-14962.9
-14979
-14969.4
-14964.9
-14967
-14962.8
-14966.2
-14967
-14988.3
-14987.3
-14972.2
-14952.4
-14944
-14952.8
-14960.3
-14986.8
-14971.7
-14995.1
-15007
-15014.6
-14976.2
-14968.4
-14972.7
-14986.8
-14985.2
-15001.1
-14987.4
-14976.8
-14973.2
-14992.9
-14978.9
-14984.4
-14962.4
-14981.7
-14976.7
-14965.2
-14969.1
-14965.5
-14957.7
-14963.5
-14977.9
-14973.6
-14975.2
-14947.1
-14965.5
-14969.1
-14984.2
-15000.7
-15015.4
-14990.5
-14977.4
-14958.9
-14981.7
-14972.2
-14984.9
-14994.3
-15009.7
-15022.5
-15006.4
-15005.5
-14988.4
-14993.7
-14998.4
-15012.2
-14973.2
-14979.2
-14989.1
-14985.8
-14957.8
-14964.1
-14993.3
-14984.3
-14984.1
-14942.3
-14920.2
-14959.4
-14941.7
-14977.5
-14995.2
-14968
-14971.7
-14981.7
-14975.5
-14959.3
-14962.9
-14962.3
-14954.8
-14977.6
-14981.9
-14988
-14967.1
-14945.5
-14990.8
-14964.6
-14954.9
-14993.2
-14997.8
-14990.4
-14989.7
-14967.3
-14945.5
-14943.5
-14952.3
-14947
-14950.4
-14941.8
-14935.4
-14928.7
-14921
-14910.1
-14921.7
-14921.4
-14914.5
-14903.1
-14882.8
-14905.3
-14948.8
-14941.2
-14939.9
-14951.6
-14957.2
-14954.9
-14976.5
-14958.9
-14957.6
-14949.6
-14972.1
-14958.3
-14988
-14980.4
-14979.2
-14992.4
-14959.9
-14960
-14969.2
-14979.3
-14976.8
-14946.4
-14955.1
-14932.1
-14940.4
-14954
-14979
-14988.2
-14974.1
-14983
-14962.3
-14956.9
-14967.4
-14956.7
-14945.8
-14983
-14986.3
-14986
-14951
-14946.3
-14960.2
-14944
-14965.2
-14955.7
-14962.8
-14948.6
-14937.8
-14930.5
-14954.6
-14961.5
-14993.2
-14982.6
-14977.1
-15000.8
-14999.7
-15015.5
-14983.3
-14964
-14983.7
-14982.7
-14988.2
