# Number of parameters = 903 Objective function value = 909.811237237347  Maximum gradient component = 5.62352987477836e-05
# log_avgrec:
8.90642155411
# log_avginit:
4.49760144228
# log_avg_F:
-1.14786836159
# natmort_phi:
0.00000000000
# log_q_bts:
0.649961297149
# log_q_std_area:
-0.545305992439
# bt_slope:
0.00000000000
# log_q_eit:
-0.628870261862
# log_Rzero:
9.02181139364
# steepness:
0.590346928641
# log_q_cpue:
0.403659614469
# log_q_avo:
-9.17770206935
# log_initdevs:
 3.34194818966 2.92540731541 1.36590279154 0.470627202987 1.13446253317 0.336830890059 -0.796689488348 -1.25397606811 -1.24942362338 -1.25170057812 -1.25350560824 -1.25510736864 -1.25651395231 -1.25826222967
# log_rec_devs:
 -0.669810575139 0.413300053208 0.201824665072 0.244689451514 0.213301519886 0.267123839310 0.198990847867 -0.0327685121260 -0.180214671613 0.279140082690 0.0366914156301 -0.0967042497359 -0.134624757021 0.157621321769 0.0368449515476 0.802772819671 0.200159193583 0.258804056330 0.00884021996009 0.760258891697 -0.334203281090 0.501815367903 0.0923432348342 -0.846092455592 -0.835653784215 -0.576811416997 0.526859506079 -0.0999859582721 -0.0929288847041 0.353004583615 -0.356288329527 -0.547029228513 -0.398820967526 -0.130277267570 -0.531211022982 -0.248916279092 -0.128836226347 0.379467461375 0.0678735062241 -0.103543906082 -1.28207120557 -1.34171925009 -1.03780540695 -0.185400261965 -0.658557491775 0.459801860515 -0.268545663269 -0.245346199449 -0.985667820696 0.242962145802 0.0770215928977 -0.00518140973423
# larv_rec_devs:
 0.00000000000 0.00000000000 0.00000000000 0.00000000000 0.00000000000 0.00000000000 0.00000000000 0.00000000000 0.00000000000 0.00000000000 0.00000000000
 0.00000000000 0.00000000000 0.00000000000 0.00000000000 0.00000000000 0.00000000000 0.00000000000 0.00000000000 0.00000000000 0.00000000000 0.00000000000
 0.00000000000 0.00000000000 0.00000000000 0.00000000000 0.00000000000 0.00000000000 0.00000000000 0.00000000000 0.00000000000 0.00000000000 0.00000000000
 0.00000000000 0.00000000000 0.00000000000 0.00000000000 0.00000000000 0.00000000000 0.00000000000 0.00000000000 0.00000000000 0.00000000000 0.00000000000
 0.00000000000 0.00000000000 0.00000000000 0.00000000000 0.00000000000 0.00000000000 0.00000000000 0.00000000000 0.00000000000 0.00000000000 0.00000000000
 0.00000000000 0.00000000000 0.00000000000 0.00000000000 0.00000000000 0.00000000000 0.00000000000 0.00000000000 0.00000000000 0.00000000000 0.00000000000
 0.00000000000 0.00000000000 0.00000000000 0.00000000000 0.00000000000 0.00000000000 0.00000000000 0.00000000000 0.00000000000 0.00000000000 0.00000000000
 0.00000000000 0.00000000000 0.00000000000 0.00000000000 0.00000000000 0.00000000000 0.00000000000 0.00000000000 0.00000000000 0.00000000000 0.00000000000
 0.00000000000 0.00000000000 0.00000000000 0.00000000000 0.00000000000 0.00000000000 0.00000000000 0.00000000000 0.00000000000 0.00000000000 0.00000000000
 0.00000000000 0.00000000000 0.00000000000 0.00000000000 0.00000000000 0.00000000000 0.00000000000 0.00000000000 0.00000000000 0.00000000000 0.00000000000
 0.00000000000 0.00000000000 0.00000000000 0.00000000000 0.00000000000 0.00000000000 0.00000000000 0.00000000000 0.00000000000 0.00000000000 0.00000000000
# repl_F:
0.491873903910
# log_F_devs:
 -0.504445818668 -0.598972162954 -0.652388174011 -0.116970903108 -0.144306826122 -0.199677871499 0.217851485373 0.643005260497 0.731461292166 0.831304901161 0.803934544196 0.669031482988 0.501097473736 0.280871502744 0.360176314592 0.395079118017 0.380257050595 0.102575428215 -0.195304705715 -0.220324412128 -0.349221038565 -0.357908242420 -0.565563280119 -0.670381033101 -0.576383724676 -0.403054064924 -0.0550816787808 0.112836559080 0.435960493389 -0.0284658903118 -0.289211791001 -0.209132203619 0.178047380020 0.176111475000 0.0178115642250 -0.389080171536 -0.265492203598 -0.163960923566 -0.0986395807824 -0.0785461192553 -0.139758948723 -0.214945182146 0.0685616230561 0.0798415329922 0.156097959078 0.162154367775 -0.121276264875 0.186706782468 0.210146518835 0.202359364299 -0.0544671816513 -0.240321076643
# sigr:
0.900000000000
# sel_devs_fsh:
 -0.0233818058418 0.0627367512736 0.300549064343 0.138968319649 -0.0269579557993 -0.0737180461744 -0.0895793088584 -0.0913915230450 -0.0943495129824 -0.102875980119
 0.140796321873 0.201243143254 0.170672046013 -0.0860562884820 -0.0792318181956 -0.0788478756498 -0.0733090946894 -0.0718377941565 -0.0659732144627 -0.0574554261053
 0.154288241673 0.181105967367 0.443592514163 -0.184155379672 -0.135956173287 -0.116592184054 -0.100639815256 -0.0864210356626 -0.0794082782766 -0.0758138633310
 0.305412579242 0.0990516053455 -0.173211850781 0.0497254868860 -0.0151574621387 -0.0354503819871 -0.0480029988651 -0.0566603811749 -0.0607901315804 -0.0649164614218
 0.341784915413 0.0358600750044 0.243308095037 -0.139319302657 -0.132389483514 -0.114285672684 -0.0923940925539 -0.0675942945990 -0.0466607512245 -0.0283094933116
 0.515950201860 0.224127715362 -0.0983509427256 -0.395891299331 -0.232660702368 -0.203578009560 -0.108174364152 -0.0294154232979 0.0116530256173 0.316339798769
 0.0973622153083 -0.0896745082385 -0.189818015155 -0.0500526150921 0.0244976349795 0.00169896762625 -0.0847398226036 -0.0141612969611 0.0220525556407 0.282834886861
 -0.458924730326 0.386691999319 0.172643571557 0.149133554404 -0.0569077287399 -0.0357727329797 -0.0322667498656 -0.0313212491692 0.00760152846435 -0.100877463522
 -0.467212449986 0.103694308227 0.0312192086035 0.0965248203080 0.110588559766 0.111996159710 0.109259116108 0.0560180901853 0.0189760844525 -0.171063896917
 -0.261036914580 0.236252215662 0.201549708519 0.0149195964302 -0.00333889857195 -0.00788883413606 -0.00557619139170 -0.00956005560901 -1.71101748734e-05 -0.165303516731
 -0.238653254083 -0.391052224835 0.177606899277 0.125106469483 0.0874209755538 0.0693273252494 0.0619288811673 -0.00889209881762 0.000173464766988 0.117033564825
 -0.187951110898 -0.0562110171533 -0.139736064855 0.0962307508758 0.0887615051876 0.0770052626013 0.0675425883621 0.0484528407842 -0.000984811052926 0.00689005568949
 -0.121176004859 0.282310146994 -0.0838361604410 -0.0528496510241 0.0355813468835 0.0395653149018 0.0346765870332 0.0290482963566 -0.0136725079237 -0.149647367936
 -0.229391032598 -0.0630197631074 0.124594578181 0.00905184072222 0.0305043531824 0.0364438879699 0.0427894110373 0.0414884499270 0.0406822783731 -0.0331439985223
 -0.154597890563 -0.420451840089 -0.155725419060 -0.0589471518103 0.0740164453334 0.131920469279 0.128645922135 0.136323546835 0.165020358322 0.153795562456
 -0.407934225495 -0.618123793890 -0.235090275570 0.159251363680 0.143855912719 0.175918405303 0.178829653582 0.171529530816 0.143196236907 0.288567187513
 -0.328104292163 -0.304598746571 -0.217040619581 0.0647264598088 0.169020918650 0.0936046796392 0.0968312030046 0.106047468596 0.114652447002 0.204860482762
 -0.237609512367 -0.0644933903129 -0.407530115628 -0.00143997357179 0.0972054013008 0.0926474783161 0.0890980397917 0.0898105165309 0.122742307464 0.219569244368
 -0.237834923842 0.474494435193 -0.0906684226098 -0.210050207686 -0.166991957786 0.0313263302851 0.0246100381830 0.0222577563847 0.0305890862711 0.122267868996
 -0.217546043969 -0.473242094009 0.0842587466842 0.0210057861246 0.281079635437 0.0763578576031 0.0942346729962 0.0816906005084 0.0596425577413 -0.00748172037005
 -0.213166466574 0.227669701702 0.162478444458 -0.266310779926 -0.348000380884 0.147525935673 0.101997542519 0.112617211350 0.0743884551431 0.000800338336138
 -0.201804389023 -0.0395913435825 -0.000535677323584 0.344934588794 -0.0216810352410 -0.00745536983110 0.0571986089797 -0.0425371270907 0.0919135782687 -0.180441832606
 -0.202432009835 -0.102102265719 0.00266713917607 -0.252232900672 -0.0155353519063 -0.159655455472 -0.181630240589 0.345687085833 0.210161635921 0.355072355158
 -0.197831154006 -0.0711292114636 0.990537326204 0.176539243610 0.203589976418 -0.0977093038384 0.166962960805 -0.320749765028 -0.311978732230 -0.538231341590
 -0.195125610708 0.0107540365582 -0.593955207670 0.294202656786 -0.0605432883294 0.128523918238 0.161358231635 0.132555568679 0.0380103363082 0.0842193605778
 -0.190949281475 0.0694559914165 -0.299730729566 0.179223191285 0.418603664780 0.142244386628 -0.164697746899 -0.00813609149851 -0.0198034058117 -0.126209988526
 -0.181434652769 -0.0400962479676 -0.509231859036 -0.379540074296 -0.191872172223 0.0605371824685 0.292506478395 0.0487832652134 0.385557226848 0.514790855145
 -0.161800212615 0.0389900255047 0.607421819200 -0.496067240319 -0.465245496621 -0.0549572741905 0.0437686788044 0.318885887855 0.0834649974606 0.0855388164628
 -0.137129209685 -0.713474515384 0.109576136432 0.870260316769 0.0234317828574 -0.0526735161349 0.0834819499931 -0.0156809407475 -0.0313340739378 -0.136457929275
 -0.101555363648 0.124810617877 -0.765472045660 -0.220681996451 0.879258081564 0.213752298819 -0.0446087655115 -0.0528441800352 -0.0498737216156 0.0172150745740
 -0.100855716716 0.164720402504 -0.279038907197 -0.585608920067 -0.225652730389 0.502073966753 0.131738593528 0.129289277168 0.124487465358 0.138846569951
 -0.0972238606205 0.649525109428 0.301017105532 -1.03775587601 -0.799108684391 -0.258715548776 0.359226978754 0.365144145743 0.291300529822 0.226590100651
 -0.0894402985323 0.411815026461 0.0175535414350 0.833986591349 0.00620813958272 -0.462480690823 -0.383378428489 -0.276329644273 -0.0529414168068 -0.00499281929211
 -0.0959030502503 -0.563713284011 0.232762765945 0.196670413751 0.207010463898 0.226997807390 -0.294154582158 -0.0401211582279 0.0504164387978 0.0800341890249
 -0.0905314772106 -0.510922504996 0.876653571106 0.462048241214 0.143202306693 -0.197138795517 0.268301301140 -0.147585832702 -0.379250751383 -0.424776057579
 -0.0803321272807 -0.114748548961 -0.633357510065 0.250151718803 0.354508763883 -0.0306122669066 -0.0292689201402 0.247311364031 0.0408936862354 -0.00454616313578
 -0.0632135841058 -0.409523410699 -0.427769146728 -0.304886050079 0.264834674411 0.656686268279 0.150827069383 -0.0874149225142 0.0852385472168 0.135220553598
 -0.0482717795996 0.525749681374 -0.0199036205928 -0.0660744634395 -0.307283594952 0.00757187662659 0.0367981356046 0.0216833285847 -0.0259797330670 -0.124289832269
 -0.0390801939536 -0.526763012582 0.772365833444 -0.0726804783037 0.114702006929 -0.163330216353 0.0170201602643 0.0192763999708 -0.0341988525950 -0.0873116460270
 -0.0297319680523 -0.239473199860 -0.736193529329 0.811782726265 0.0160921558018 -0.108186159535 0.0230262308170 0.0459929957757 0.0788898211378 0.137800927451
 -0.0272902180500 0.230520071768 0.0524766072723 -0.337670454414 0.444734532698 0.261420160044 -0.140378826983 -0.207850321546 -0.142696048583 -0.133265513595
 -0.0253280413483 0.387103426176 0.744702536776 -0.149497088659 -0.395376582140 -0.143811382800 -0.0963547184779 -0.0820102231542 -0.135308326230 -0.104119594543
 -0.0208427075306 0.0924992236295 -0.0183665847452 0.0270503456573 -0.0339881136335 0.0293923991548 0.00791093838322 -0.0390965863140 -0.0284297090200 -0.0161292080439
 -0.0212541327775 -0.275707942904 -0.667780123085 0.0445299824749 0.0949585493073 0.126202816401 0.147127664037 0.165052390745 0.210758688246 0.176112104437
 -0.0112895318494 -0.424786295433 0.101478182539 -0.0204492990129 -0.212524280463 -0.0992521046723 0.0363197510348 0.108395543111 0.203465839285 0.318642206172
 0.00288587512126 0.259425265009 -0.508955536549 0.460637265066 0.250878569960 -0.218874499432 -0.0959039649539 0.0102297437762 -0.0640031446845 -0.0963195816205
 -0.00895641190016 0.0615813707241 0.0578799347270 -1.04675388922 0.407054055487 0.403005260503 0.136538316368 0.0145358678851 -0.00478499611240 -0.0200995093406
 -0.00498130929474 0.351703575557 0.332081706419 0.520646825470 -1.17788989816 -0.00475721161676 0.0179956393555 0.00661427002547 -0.0173830013037 -0.0240305960815
 -0.000165034325072 -0.344849226347 -0.114676731737 0.0535009183320 0.491387471198 -0.753433705576 -0.108001510846 0.179754837442 0.250572821774 0.345910160981
 -0.0110299873680 0.304246157267 -0.334107691611 -0.307524267050 0.159239733499 0.286583572114 0.0428751632152 -0.165988391766 0.0285875911729 -0.00288188149737
 3.55813114084e-07 -0.00230797033722 -0.0254665599034 0.0126209979408 0.0538776836157 -0.0791786943776 -0.0858041434473 -0.114913012954 0.0935070804271 0.147664268381
# sel_devs_bts:
 0.00000000000 0.00000000000 0.00000000000 0.00000000000 0.00000000000 0.00000000000 0.00000000000 0.00000000000
 0.00000000000 0.00000000000 0.00000000000 0.00000000000 0.00000000000 0.00000000000 0.00000000000 0.00000000000
 0.00000000000 0.00000000000 0.00000000000 0.00000000000 0.00000000000 0.00000000000 0.00000000000 0.00000000000
 0.00000000000 0.00000000000 0.00000000000 0.00000000000 0.00000000000 0.00000000000 0.00000000000 0.00000000000
 0.00000000000 0.00000000000 0.00000000000 0.00000000000 0.00000000000 0.00000000000 0.00000000000 0.00000000000
 0.00000000000 0.00000000000 0.00000000000 0.00000000000 0.00000000000 0.00000000000 0.00000000000 0.00000000000
 0.00000000000 0.00000000000 0.00000000000 0.00000000000 0.00000000000 0.00000000000 0.00000000000 0.00000000000
 0.00000000000 0.00000000000 0.00000000000 0.00000000000 0.00000000000 0.00000000000 0.00000000000 0.00000000000
 0.00000000000 0.00000000000 0.00000000000 0.00000000000 0.00000000000 0.00000000000 0.00000000000 0.00000000000
 0.00000000000 0.00000000000 0.00000000000 0.00000000000 0.00000000000 0.00000000000 0.00000000000 0.00000000000
 0.00000000000 0.00000000000 0.00000000000 0.00000000000 0.00000000000 0.00000000000 0.00000000000 0.00000000000
 0.00000000000 0.00000000000 0.00000000000 0.00000000000 0.00000000000 0.00000000000 0.00000000000 0.00000000000
 0.00000000000 0.00000000000 0.00000000000 0.00000000000 0.00000000000 0.00000000000 0.00000000000 0.00000000000
 0.00000000000 0.00000000000 0.00000000000 0.00000000000 0.00000000000 0.00000000000 0.00000000000 0.00000000000
 0.00000000000 0.00000000000 0.00000000000 0.00000000000 0.00000000000 0.00000000000 0.00000000000 0.00000000000
 0.00000000000 0.00000000000 0.00000000000 0.00000000000 0.00000000000 0.00000000000 0.00000000000 0.00000000000
 0.00000000000 0.00000000000 0.00000000000 0.00000000000 0.00000000000 0.00000000000 0.00000000000 0.00000000000
 0.00000000000 0.00000000000 0.00000000000 0.00000000000 0.00000000000 0.00000000000 0.00000000000 0.00000000000
 0.00000000000 0.00000000000 0.00000000000 0.00000000000 0.00000000000 0.00000000000 0.00000000000 0.00000000000
 0.00000000000 0.00000000000 0.00000000000 0.00000000000 0.00000000000 0.00000000000 0.00000000000 0.00000000000
 0.00000000000 0.00000000000 0.00000000000 0.00000000000 0.00000000000 0.00000000000 0.00000000000 0.00000000000
 0.00000000000 0.00000000000 0.00000000000 0.00000000000 0.00000000000 0.00000000000 0.00000000000 0.00000000000
 0.00000000000 0.00000000000 0.00000000000 0.00000000000 0.00000000000 0.00000000000 0.00000000000 0.00000000000
 0.00000000000 0.00000000000 0.00000000000 0.00000000000 0.00000000000 0.00000000000 0.00000000000 0.00000000000
 0.00000000000 0.00000000000 0.00000000000 0.00000000000 0.00000000000 0.00000000000 0.00000000000 0.00000000000
 0.00000000000 0.00000000000 0.00000000000 0.00000000000 0.00000000000 0.00000000000 0.00000000000 0.00000000000
 0.00000000000 0.00000000000 0.00000000000 0.00000000000 0.00000000000 0.00000000000 0.00000000000 0.00000000000
 0.00000000000 0.00000000000 0.00000000000 0.00000000000 0.00000000000 0.00000000000 0.00000000000 0.00000000000
 0.00000000000 0.00000000000 0.00000000000 0.00000000000 0.00000000000 0.00000000000 0.00000000000 0.00000000000
 0.00000000000 0.00000000000 0.00000000000 0.00000000000 0.00000000000 0.00000000000 0.00000000000 0.00000000000
 0.00000000000 0.00000000000 0.00000000000 0.00000000000 0.00000000000 0.00000000000 0.00000000000 0.00000000000
 0.00000000000 0.00000000000 0.00000000000 0.00000000000 0.00000000000 0.00000000000 0.00000000000 0.00000000000
 0.00000000000 0.00000000000 0.00000000000 0.00000000000 0.00000000000 0.00000000000 0.00000000000 0.00000000000
# sel_devs_eit:
 -1.52838922323 -0.000227002675823 0.725083976313 0.605644824902 0.508232360230 0.482210988753 0.324397979051
# sel_coffs_fsh:
 -4.08932140061 -2.34282635523 -1.25526486364 0.243576701330 0.378855318015 0.378636067451 0.350944041915 0.313605328457 0.280382678617 0.257036447630
# sel_coffs_bts:
 -0.0100000000000 -0.0100000000000 -0.0100000000000 -0.0100000000000 -0.0100000000000 -0.0100000000000 -0.0100000000000 -0.0100000000000
# sel_coffs_eit:
 1.36549429769 -0.0944268119349 -0.802131259907 -0.794741958336 -0.829288812203 -0.826219889149 -0.822329972834
# sel_slp_bts:
0.961403522549
# sel_a50_bts:
5.39281312747
# sel_age_one:
-2.30131707521
# sel_slp_bts_dev:
 -0.196956573024 0.0600784083410 0.198734880405 -0.0734115620407 -0.0800877669797 -0.144053053631 -0.205089237446 -0.0796893980585 0.0578874566303 -0.0161836220316 -0.0343759982512 -0.0171141108846 -0.0195139033252 0.0410061510131 -0.0895118227562 -0.234145033300 -0.353593737999 -0.454993432247 -0.351186374735 -0.386320733748 -0.184664254549 -0.00480479917478 -0.0123116789756 0.0637153054965 0.0399414317442 0.206393221714 0.386305912737 0.361145598825 0.582883481782 0.495913990980 0.182199673394 0.199765886741 0.156154652524 -0.0941189591705
# sel_a50_bts_dev:
 -0.561176733580 -0.305848049244 -0.147819794236 -0.168720103742 0.00807662311834 -0.0533020111359 -0.187489189811 -0.264839103871 -0.162435117056 0.0743248882842 0.0271745345938 0.0146279478645 0.0634495282565 0.146687929971 0.201745646838 0.186915680965 0.219815659788 0.168247939925 0.171217940710 0.179201860215 0.164136140197 0.206557234701 0.135780531015 0.0250969767518 0.100923248373 -0.0552027682301 -0.0554792732361 -0.0899143705688 -0.183984755781 0.00560821280486 -0.00133494255199 -0.0150144919096 0.0745361567169 0.0784360238635
# sel_one_bts_dev:
 -0.298910705859 -0.241095220207 -0.119375704709 -0.433928710796 -0.457929030431 -0.217102998205 -0.323274761422 -0.107257753427 0.144348882351 -0.130488773402 0.00702797380741 0.0693671897548 -0.0687894564728 -0.123390831382 -0.108160376213 -0.0824873729031 0.0399253533482 0.0671553958473 0.216114690335 0.173914274037 0.355882780353 0.459746664175 0.141082181027 -0.0309600030699 -0.180147097060 -0.117039282829 0.137001970499 0.369569274977 0.324565048097 0.0581123999851 -0.0762790381781 0.205860032348 0.158091571414 0.188851434209
# sel_dif1_fsh:
1.00000000000
# sel_a501_fsh:
3.00000000000
# sel_trm2_fsh:
0.900000000000
# sel_dif2_fsh:
5.00000000000
# sel_dif1_fsh_dev:
 0.00000000000 0.00000000000 0.00000000000 0.00000000000 0.00000000000 0.00000000000 0.00000000000 0.00000000000 0.00000000000 0.00000000000 0.00000000000 0.00000000000 0.00000000000 0.00000000000 0.00000000000 0.00000000000 0.00000000000 0.00000000000 0.00000000000 0.00000000000 0.00000000000 0.00000000000 0.00000000000 0.00000000000 0.00000000000 0.00000000000 0.00000000000 0.00000000000 0.00000000000 0.00000000000 0.00000000000 0.00000000000 0.00000000000 0.00000000000 0.00000000000 0.00000000000 0.00000000000 0.00000000000 0.00000000000 0.00000000000 0.00000000000 0.00000000000 0.00000000000 0.00000000000 0.00000000000 0.00000000000 0.00000000000 0.00000000000 0.00000000000 0.00000000000 0.00000000000 0.00000000000
# sel_a501_fsh_dev:
 0.00000000000 0.00000000000 0.00000000000 0.00000000000 0.00000000000 0.00000000000 0.00000000000 0.00000000000 0.00000000000 0.00000000000 0.00000000000 0.00000000000 0.00000000000 0.00000000000 0.00000000000 0.00000000000 0.00000000000 0.00000000000 0.00000000000 0.00000000000 0.00000000000 0.00000000000 0.00000000000 0.00000000000 0.00000000000 0.00000000000 0.00000000000 0.00000000000 0.00000000000 0.00000000000 0.00000000000 0.00000000000 0.00000000000 0.00000000000 0.00000000000 0.00000000000 0.00000000000 0.00000000000 0.00000000000 0.00000000000 0.00000000000 0.00000000000 0.00000000000 0.00000000000 0.00000000000 0.00000000000 0.00000000000 0.00000000000 0.00000000000 0.00000000000 0.00000000000 0.00000000000
# sel_trm2_fsh_dev:
 0.00000000000 0.00000000000 0.00000000000 0.00000000000 0.00000000000 0.00000000000 0.00000000000 0.00000000000 0.00000000000 0.00000000000 0.00000000000 0.00000000000 0.00000000000 0.00000000000 0.00000000000 0.00000000000 0.00000000000 0.00000000000 0.00000000000 0.00000000000 0.00000000000 0.00000000000 0.00000000000 0.00000000000 0.00000000000 0.00000000000 0.00000000000 0.00000000000 0.00000000000 0.00000000000 0.00000000000 0.00000000000 0.00000000000 0.00000000000 0.00000000000 0.00000000000 0.00000000000 0.00000000000 0.00000000000 0.00000000000 0.00000000000 0.00000000000 0.00000000000 0.00000000000 0.00000000000 0.00000000000 0.00000000000 0.00000000000 0.00000000000 0.00000000000 0.00000000000 0.00000000000
# rec_dev_future:
 0.00000000000 0.00000000000 0.00000000000 0.00000000000 0.00000000000
# M_dev:
 -0.340867597949 0.542163165666 -0.999992238454 0.272730450044 -0.393668393836 -0.221492979190 0.732152001701 0.359023945995 -0.999997822574 0.214931501629 -0.231668215652 0.333103155416 0.865896629342 -0.999982485635 -0.595480169766 0.999992585314 -0.511612103125 0.999998232998 -0.999996173728 0.716518048788 -0.742312280973 0.999996589057 -0.767025445717 0.999998061125 -0.316848687419 -0.999999466782 -0.213923135493 0.999983139726 -0.999998192903 0.927420315694 0.556783539295 -0.999996333850 -0.892858114888 0.884995025504 0.605713779347 -0.955904343089 0.179883777173 -0.0240497179370 0.999995508784 -0.853263805787 0.999990864120 -0.999995223034 -0.496209793101 0.999996354156 -0.999999099950 0.230148088119 0.997609883889 -0.999996620868 -0.999999528621 -0.999993570678 0.999991154729
# mnwt:
 0.357510193321 0.477781692405 0.599166858959 0.718239980825 0.825042578032 0.937647662397 1.06473784019 1.18046133487 1.26067712486 1.35573695499 1.42374715130 1.51888677781 1.56623283896
# coh_eff:
 -1.44588006396 -0.783287512249 -0.866424808196 -0.959217862300 -0.727676000630 -0.330061643579 -0.261005849823 -0.340025554897 0.146881451649 0.0682883385919 -0.0119474248697 -0.174273317018 -0.126238206763 0.718217549492 0.786345044822 0.0986713371503 -0.440981275328 0.246752962272 0.801945913483 0.768443224938 0.938400017452 0.903046082528 0.960187363171 1.23973137722 1.71814266753 1.31019955894 1.13393488665 1.19763388914 0.855718783371 0.447069468361 0.142626623167 -0.600017770549 -1.50795661992 -1.63284882591 -2.10270734861 -2.17168645769 0.00000000000 0.00000000000 0.00000000000
# yr_eff:
 -0.0253012218435 0.137008760387 1.34840816871 0.918740338616 0.558292697495 0.186705628643 -0.100026762269 -0.444019408344 -0.528597335198 -0.729121704866 -0.228235060928 -0.359299814979 -0.429300837790 -0.896554672103 -1.59670778287 -1.87424402731 -0.996673374234 -1.03680007217 0.315837164823 0.239927388817 0.639970490777 0.799379463738 1.67767407708 2.42293789345 0.00000000000 0.00000000000 0.00000000000
