#	2015 Data with corrections for BTS Survey...depends on cov.dat file
#	Begin	year	fishery	trawl	survey	
	1964	1982	1979																																																	
#	Endyr	46	1																																																	
2016																																																				
#	Recruitment	lag	(age	of	first	age	group)																																													
1																																																				
#	Number	of	age	groups																																																
15																																																				
#	Maturity	at	age																																																	
0	0.008	0.289	0.641	0.842	0.901	0.947	0.963	0.97	1	1	1	1	1	1																																						
#	GOA	Maturitey-at-age																																																		
#	1965	1966	1967	1968	1969	1970	1971	1972	1973	1974	1975	1976	1977	1978	1979	1980	1981	1982	1983	1984	1985	1986	1987	1988	1989	1990	1991	1992	1993	1994	1995	1996	1997	1998	1999	2000	2001	2002	2003	2004	2005	2006	2007	2008	2009	2010	2011	2012	2013	2014	2015	
#	EW	index	NS	Index	(for	year's	64-99)																																													
8	7	2	9	7	7	7	7	8	6	5	7	8	8	7	5	4	6	7	8	3	7	7	7	7	8	4	6	2	1	6	6	4	4	10	4	4	4	4	4	4	4	4	4	4	4	4	4	4	4	4	4	4
5	6	6	8	5	8	5	4	8	4	5	5	6	5	8	11	6	7	9	10	4	4	6	5	7	9	5	7	3	5	3	5	4	6	11	4	4	4	4	4	4	4	4	4	4	4	4	4	4	4	4	4 4
# Mean wts in fishery	2	3	4	5	6	7	8	9	10	11	12	13	14	15																																						
0.0066	0.17	0.303	0.447	0.589	0.722	0.84	0.942	1.029	1.102	1.163	1.212	1.253	1.286	1.312																																						
0.0066	0.17	0.303	0.447	0.589	0.722	0.84	0.942	1.029	1.102	1.163	1.212	1.253	1.286	1.312																																						
0.0066	0.17	0.303	0.447	0.589	0.722	0.84	0.942	1.029	1.102	1.163	1.212	1.253	1.286	1.312																																						
0.0066	0.17	0.303	0.447	0.589	0.722	0.84	0.942	1.029	1.102	1.163	1.212	1.253	1.286	1.312																																						
0.0066	0.17	0.303	0.447	0.589	0.722	0.84	0.942	1.029	1.102	1.163	1.212	1.253	1.286	1.312																																						
0.0066	0.17	0.303	0.447	0.589	0.722	0.84	0.942	1.029	1.102	1.163	1.212	1.253	1.286	1.312																																						
0.0066	0.17	0.303	0.447	0.589	0.722	0.84	0.942	1.029	1.102	1.163	1.212	1.253	1.286	1.312																																						
0.0066	0.17	0.303	0.447	0.589	0.722	0.84	0.942	1.029	1.102	1.163	1.212	1.253	1.286	1.312																																						
0.0066	0.17	0.303	0.447	0.589	0.722	0.84	0.942	1.029	1.102	1.163	1.212	1.253	1.286	1.312																																						
0.0066	0.17	0.303	0.447	0.589	0.722	0.84	0.942	1.029	1.102	1.163	1.212	1.253	1.286	1.312																																						
0.0066	0.17	0.303	0.447	0.589	0.722	0.84	0.942	1.029	1.102	1.163	1.212	1.253	1.286	1.312																																						
0.0066	0.17	0.303	0.447	0.589	0.722	0.84	0.942	1.029	1.102	1.163	1.212	1.253	1.286	1.312																																						
0.0066	0.17	0.303	0.447	0.589	0.722	0.84	0.942	1.029	1.102	1.163	1.212	1.253	1.286	1.312																																						
0.0066	0.17	0.303	0.447	0.589	0.722	0.84	0.942	1.029	1.102	1.163	1.212	1.253	1.286	1.312																																						
0.0066	0.17	0.303	0.447	0.589	0.722	0.84	0.942	1.029	1.102	1.163	1.212	1.253	1.286	1.312																																						
0.0066	0.17	0.303	0.447	0.589	0.722	0.84	0.942	1.029	1.102	1.163	1.212	1.253	1.286	1.312																																						
0.0066	0.17	0.303	0.447	0.589	0.722	0.84	0.942	1.029	1.102	1.163	1.212	1.253	1.286	1.312																																						
0.0066	0.17	0.303	0.447	0.589	0.722	0.84	0.942	1.029	1.102	1.163	1.212	1.253	1.286	1.312																																						
0.0066	0.17	0.303	0.447	0.589	0.722	0.84	0.942	1.029	1.102	1.163	1.212	1.253	1.286	1.312																																						
0.0066	0.17	0.303	0.447	0.589	0.722	0.84	0.942	1.029	1.102	1.163	1.212	1.253	1.286	1.312																																						
0.0066	0.17	0.303	0.447	0.589	0.722	0.84	0.942	1.029	1.102	1.163	1.212	1.253	1.286	1.312																																						
0.0066	0.17	0.303	0.447	0.589	0.722	0.84	0.942	1.029	1.102	1.163	1.212	1.253	1.286	1.312																																						
0.0066	0.17	0.303	0.447	0.589	0.722	0.84	0.942	1.029	1.102	1.163	1.212	1.253	1.286	1.312																																						
0.0066	0.17	0.303	0.447	0.589	0.722	0.84	0.942	1.029	1.102	1.163	1.212	1.253	1.286	1.312																																						
0.0066	0.17	0.303	0.447	0.589	0.722	0.84	0.942	1.029	1.102	1.163	1.212	1.253	1.286	1.312																																						
0.0066	0.17	0.303	0.447	0.589	0.722	0.84	0.942	1.029	1.102	1.163	1.212	1.253	1.286	1.312																																						
0.0066	0.17	0.303	0.447	0.589	0.722	0.84	0.942	1.029	1.102	1.163	1.212	1.253	1.286	1.312																																						
0.0066	0.149613	0.287074	0.478518	0.607784	0.726999	0.848165	0.886708	1.00604	1.12651	1.12472	1.23728	1.24166	1.27866	1.24356																																						
0.0066	0.179094	0.397925	0.468366	0.645403	0.712344	0.814453	0.983014	1.02772	1.22445	1.23385	1.26981	1.17518	1.35258	1.44129																																						
0.0066	0.33131	0.494586	0.612874	0.656368	0.772306	0.929931	1.04311	1.19617	1.22962	1.40652	1.54794	1.64962	1.68839	1.63529																																						
0.0066	0.233091	0.394467	0.648722	0.729957	0.746092	0.705642	1.00956	1.39214	1.31978	1.33861	1.41708	1.37351	1.30966	1.38611																																						
0.0066	0.15348	0.375412	0.501508	0.729554	0.843459	0.855931	0.972505	1.22439	1.33773	1.41273	1.49661	1.39474	1.21192	1.36327																																						
0.0066	0.292889	0.322192	0.428131	0.679651	0.789922	0.946082	0.948793	1.02125	1.08996	1.40326	1.49709	1.53918	1.75043	1.53592																																						
0.0066	0.187184	0.323496	0.466411	0.553658	0.741886	0.888367	1.07108	1.08808	1.2395	1.41048	1.47338	1.72369	1.45773	1.42339																																						
0.0066	0.190536	0.371511	0.58763	0.626816	0.623144	0.778748	1.03409	1.17723	1.24278	1.2938	1.41663	1.55921	1.55589	1.71989																																						
0.0066	0.187805	0.400215	0.502208	0.637934	0.701072	0.726668	0.901184	1.03937	1.27231	1.20728	1.41536	1.16415	1.14116	1.31888																																						
0.0066	0.217708	0.351379	0.523836	0.629775	0.731651	0.78234	0.804874	0.971533	1.01819	1.26801	1.31717	1.31953	1.6654	1.73756																																						
0.0065	0.226725	0.323524	0.496699	0.669171	0.786974	0.962777	0.995093	1.06183	1.13708	1.32711	1.45139	1.58479	1.46591	1.66494																																						
0.0067	0.231265	0.380427	0.508198	0.669378	0.795468	0.908252	1.02397	1.11656	1.09582	1.3001	1.43006	1.61124	1.3193	1.63589																																						
0.0065	0.27607	0.484263	0.550356	0.649823	0.767508	0.861994	0.954343	1.08514	1.22447	1.21338	1.2265	1.44509	1.34027	1.72066																																						
0.0067	0.134785	0.403671	0.580429	0.639829	0.769854	0.890418	0.928496	1.02585	1.20669	1.15885	1.17852	1.35115	1.29176	1.23231																																						
0.0066	0.282639	0.352664	0.50691	0.638784	0.738805	0.879752	0.948492	1.06286	1.09407	1.26723	1.31173	1.31338	1.16394	1.41932																																						
0.0066	0.174065	0.304828	0.448035	0.603781	0.753786	0.854529	0.957879	1.05549	1.12628	1.21862	1.28309	1.30578	1.39888	1.45343																																						
0.006633333	0.154728	0.338274	0.509446	0.641807	0.781609	0.959751	1.10354	1.19585	1.27629	1.32841	1.51617	1.41552	1.76814	1.53197																																						
0.006611111	0.2076326	0.328895	0.520902	0.651869	0.772201	0.899392	1.04181	1.11391	1.20413	1.30906	1.4044	1.51342	1.59903	1.50567																																						
0.006604444	0.135797	0.345015	0.548067	0.686653	0.891986	1.01991	1.15277	1.40716	1.48603	1.63552	1.63743	1.81683	2.17644	2.29226																																						
0.0497677	0.174856	0.37855	0.488982	0.6653465	0.915558	1.106995	1.255065	1.342215	1.594975	1.613485	1.844475	1.944605	2.04919	2.197445																																						
0.030688207	0.204737208	0.289787751	0.508130026	0.665650366	0.806937668	0.972709896	1.22167502	1.3373892	1.50684827	1.57819404	1.61415918	2.11354755	1.73103934	2.26011326	
0.029020117	0.141972725	0.270712071	0.40984878	0.641391276	0.824416399	0.973291606	1.17328965	1.30725472	1.5225624	1.61446895	1.64770837	1.72126881	2.01961381	2.10490223		
0.0949551	0.1439405	0.2904545	0.4426295	0.5659045	0.7827365	1.117245	1.274975	1.42942	1.70185	1.84966	1.81874	1.93516	2.11544	2.07088																																						
0.014342609	0.19287	0.348535	0.503953	0.642782	0.761255	0.88899	1.03143	1.14146	1.25062	1.34329	1.43732	1.49903	1.49365	1.54854																																						
0.025182262	0.181323803	0.324771532	0.488690331	0.640396864	0.802929057	0.96725655	1.116092567	1.239300892	1.376365567	1.475793799	1.551522255	1.657854136	1.751536315	1.838453049	
0.025182262	0.181323803	0.324771532	0.488690331	0.640396864	0.802929057	0.96725655	1.116092567	1.239300892	1.376365567	1.475793799	1.551522255	1.657854136	1.751536315	1.838453049	
#	10	11	12	13	14	15	16	17	18	19	20	21	22	23	24	25	26	27	28	29	30	31	32	33	34	35	36	37	38	39	40	41	42	43	44	45	46	47	48	49	50											
	0.084881666	0.195868126	0.313762788	0.459295544	0.588623602	0.697818331	0.796798739	0.914861263	1.056957011	1.147231476	1.290106451	1.387917889	1.43166676	1.407002719	1.522866931																																					
	0.084881666	0.195868126	0.313762788	0.459295544	0.588623602	0.697818331	0.796798739	0.914861263	1.056957011	1.147231476	1.290106451	1.387917889	1.43166676	1.407002719	1.522866931																																					
	0.084881666	0.195868126	0.313762788	0.459295544	0.588623602	0.697818331	0.796798739	0.914861263	1.056957011	1.147231476	1.290106451	1.387917889	1.43166676	1.407002719	1.522866931																																					
	0.084881666	0.195868126	0.313762788	0.459295544	0.588623602	0.697818331	0.796798739	0.914861263	1.056957011	1.147231476	1.290106451	1.387917889	1.43166676	1.407002719	1.522866931																																					
	0.084881666	0.195868126	0.313762788	0.459295544	0.588623602	0.697818331	0.796798739	0.914861263	1.056957011	1.147231476	1.290106451	1.387917889	1.43166676	1.407002719	1.522866931																																					
	0.084881666	0.195868126	0.313762788	0.459295544	0.588623602	0.697818331	0.796798739	0.914861263	1.056957011	1.147231476	1.290106451	1.387917889	1.43166676	1.407002719	1.522866931																																					
	0.084881666	0.195868126	0.313762788	0.459295544	0.588623602	0.697818331	0.796798739	0.914861263	1.056957011	1.147231476	1.290106451	1.387917889	1.43166676	1.407002719	1.522866931																																					
	0.084881666	0.195868126	0.313762788	0.459295544	0.588623602	0.697818331	0.796798739	0.914861263	1.056957011	1.147231476	1.290106451	1.387917889	1.43166676	1.407002719	1.522866931																																					
	0.084881666	0.195868126	0.313762788	0.459295544	0.588623602	0.697818331	0.796798739	0.914861263	1.056957011	1.147231476	1.290106451	1.387917889	1.43166676	1.407002719	1.522866931																																					
	0.084881666	0.195868126	0.313762788	0.459295544	0.588623602	0.697818331	0.796798739	0.914861263	1.056957011	1.147231476	1.290106451	1.387917889	1.43166676	1.407002719	1.522866931																																					
	0.084881666	0.195868126	0.313762788	0.459295544	0.588623602	0.697818331	0.796798739	0.914861263	1.056957011	1.147231476	1.290106451	1.387917889	1.43166676	1.407002719	1.522866931																																					
	0.084881666	0.195868126	0.313762788	0.459295544	0.588623602	0.697818331	0.796798739	0.914861263	1.056957011	1.147231476	1.290106451	1.387917889	1.43166676	1.407002719	1.522866931																																					
	0.084881666	0.195868126	0.313762788	0.459295544	0.588623602	0.697818331	0.796798739	0.914861263	1.056957011	1.147231476	1.290106451	1.387917889	1.43166676	1.407002719	1.522866931																																					
	0.084881666	0.195868126	0.313762788	0.459295544	0.588623602	0.697818331	0.796798739	0.914861263	1.056957011	1.147231476	1.290106451	1.387917889	1.43166676	1.407002719	1.522866931																																					
	0.084881666	0.195868126	0.313762788	0.459295544	0.588623602	0.697818331	0.796798739	0.914861263	1.056957011	1.147231476	1.290106451	1.387917889	1.43166676	1.407002719	1.522866931																																					
	0.084881666	0.195868126	0.313762788	0.459295544	0.588623602	0.697818331	0.796798739	0.914861263	1.056957011	1.147231476	1.290106451	1.387917889	1.43166676	1.407002719	1.522866931																																					
	0.084881666	0.195868126	0.313762788	0.459295544	0.588623602	0.697818331	0.796798739	0.914861263	1.056957011	1.147231476	1.290106451	1.387917889	1.43166676	1.407002719	1.522866931																																					
	0.084881666	0.195868126	0.313762788	0.459295544	0.588623602	0.697818331	0.796798739	0.914861263	1.056957011	1.147231476	1.290106451	1.387917889	1.43166676	1.407002719	1.522866931																																					
	0.084881666	0.195868126	0.313762788	0.459295544	0.588623602	0.697818331	0.796798739	0.914861263	1.056957011	1.147231476	1.290106451	1.387917889	1.43166676	1.407002719	1.522866931																																					
	0.084881666	0.195868126	0.313762788	0.459295544	0.588623602	0.697818331	0.796798739	0.914861263	1.056957011	1.147231476	1.290106451	1.387917889	1.43166676	1.407002719	1.522866931																																					
	0.084881666	0.195868126	0.313762788	0.459295544	0.588623602	0.697818331	0.796798739	0.914861263	1.056957011	1.147231476	1.290106451	1.387917889	1.43166676	1.407002719	1.522866931																																					
	0.084881666	0.195868126	0.313762788	0.459295544	0.588623602	0.697818331	0.796798739	0.914861263	1.056957011	1.147231476	1.290106451	1.387917889	1.43166676	1.407002719	1.522866931																																					
	0.084881666	0.195868126	0.313762788	0.459295544	0.588623602	0.697818331	0.796798739	0.914861263	1.056957011	1.147231476	1.290106451	1.387917889	1.43166676	1.407002719	1.522866931																																					
	0.084881666	0.195868126	0.313762788	0.459295544	0.588623602	0.697818331	0.796798739	0.914861263	1.056957011	1.147231476	1.290106451	1.387917889	1.43166676	1.407002719	1.522866931																																					
	0.084881666	0.195868126	0.313762788	0.459295544	0.588623602	0.697818331	0.796798739	0.914861263	1.056957011	1.147231476	1.290106451	1.387917889	1.43166676	1.407002719	1.522866931																																					
	0.084881666	0.195868126	0.313762788	0.459295544	0.588623602	0.697818331	0.796798739	0.914861263	1.056957011	1.147231476	1.290106451	1.387917889	1.43166676	1.407002719	1.522866931																																					
	0.084881666	0.195868126	0.313762788	0.459295544	0.588623602	0.697818331	0.796798739	0.914861263	1.056957011	1.147231476	1.290106451	1.387917889	1.43166676	1.407002719	1.522866931																																					
	0.084881666	0.195868126	0.313762788	0.459295544	0.588623602	0.697818331	0.796798739	0.914861263	1.056957011	1.147231476	1.290106451	1.387917889	1.43166676	1.407002719	1.522866931																																					
	0.084881666	0.195868126	0.313762788	0.459295544	0.588623602	0.697818331	0.796798739	0.914861263	1.056957011	1.147231476	1.290106451	1.387917889	1.43166676	1.407002719	1.522866931																																					
	0.084881666	0.195868126	0.313762788	0.459295544	0.588623602	0.697818331	0.796798739	0.914861263	1.056957011	1.147231476	1.290106451	1.387917889	1.43166676	1.407002719	1.522866931																																					
	0.084881666	0.195868126	0.313762788	0.459295544	0.588623602	0.697818331	0.796798739	0.914861263	1.056957011	1.147231476	1.290106451	1.387917889	1.43166676	1.407002719	1.522866931																																					
	0.084881666	0.195868126	0.313762788	0.459295544	0.588623602	0.697818331	0.796798739	0.914861263	1.056957011	1.147231476	1.290106451	1.387917889	1.43166676	1.407002719	1.522866931																																					
	0.084881666	0.195868126	0.313762788	0.459295544	0.588623602	0.697818331	0.796798739	0.914861263	1.056957011	1.147231476	1.290106451	1.387917889	1.43166676	1.407002719	1.522866931																																					
	0.084881666	0.195868126	0.313762788	0.459295544	0.588623602	0.697818331	0.796798739	0.914861263	1.056957011	1.147231476	1.290106451	1.387917889	1.43166676	1.407002719	1.522866931																																					
	0.084881666	0.195868126	0.313762788	0.459295544	0.588623602	0.697818331	0.796798739	0.914861263	1.056957011	1.147231476	1.290106451	1.387917889	1.43166676	1.407002719	1.522866931																																					
	0.084881666	0.195868126	0.313762788	0.459295544	0.588623602	0.697818331	0.796798739	0.914861263	1.056957011	1.147231476	1.290106451	1.387917889	1.43166676	1.407002719	1.522866931																																					
	0.084881666	0.195868126	0.313762788	0.459295544	0.588623602	0.697818331	0.796798739	0.914861263	1.056957011	1.147231476	1.290106451	1.387917889	1.43166676	1.407002719	1.522866931																																					
	0.084881666	0.195868126	0.313762788	0.459295544	0.588623602	0.697818331	0.796798739	0.914861263	1.056957011	1.147231476	1.290106451	1.387917889	1.43166676	1.407002719	1.522866931																																					
	0.084881666	0.195868126	0.313762788	0.459295544	0.588623602	0.697818331	0.796798739	0.914861263	1.056957011	1.147231476	1.290106451	1.387917889	1.43166676	1.407002719	1.522866931																																					
	0.084881666	0.195868126	0.313762788	0.459295544	0.588623602	0.697818331	0.796798739	0.914861263	1.056957011	1.147231476	1.290106451	1.387917889	1.43166676	1.407002719	1.522866931																																					
	0.084881666	0.195868126	0.313762788	0.459295544	0.588623602	0.697818331	0.796798739	0.914861263	1.056957011	1.147231476	1.290106451	1.387917889	1.43166676	1.407002719	1.522866931																																					
	0.084881666	0.195868126	0.313762788	0.459295544	0.588623602	0.697818331	0.796798739	0.914861263	1.056957011	1.147231476	1.290106451	1.387917889	1.43166676	1.407002719	1.522866931																																					
	0.084881666	0.195868126	0.313762788	0.459295544	0.588623602	0.697818331	0.796798739	0.914861263	1.056957011	1.147231476	1.290106451	1.387917889	1.43166676	1.407002719	1.522866931																																					
	0.084881666	0.195868126	0.313762788	0.459295544	0.588623602	0.697818331	0.796798739	0.914861263	1.056957011	1.147231476	1.290106451	1.387917889	1.43166676	1.407002719	1.522866931																																					
	0.084881666	0.195868126	0.313762788	0.459295544	0.588623602	0.697818331	0.796798739	0.914861263	1.056957011	1.147231476	1.290106451	1.387917889	1.43166676	1.407002719	1.522866931																																					
	0.084881666	0.195868126	0.313762788	0.459295544	0.588623602	0.697818331	0.796798739	0.914861263	1.056957011	1.147231476	1.290106451	1.387917889	1.43166676	1.407002719	1.522866931																																					
	0.084881666	0.195868126	0.313762788	0.459295544	0.588623602	0.697818331	0.796798739	0.914861263	1.056957011	1.147231476	1.290106451	1.387917889	1.43166676	1.407002719	1.522866931																																					
	0.084881666	0.195868126	0.313762788	0.459295544	0.588623602	0.697818331	0.796798739	0.914861263	1.056957011	1.147231476	1.290106451	1.387917889	1.43166676	1.407002719	1.522866931																																					
	0.084881666	0.195868126	0.313762788	0.459295544	0.588623602	0.697818331	0.796798739	0.914861263	1.056957011	1.147231476	1.290106451	1.387917889	1.43166676	1.407002719	1.522866931																																					
	0.084881666	0.195868126	0.313762788	0.459295544	0.588623602	0.697818331	0.796798739	0.914861263	1.056957011	1.147231476	1.290106451	1.387917889	1.43166676	1.407002719	1.522866931																																					
	0.084881666	0.195868126	0.313762788	0.459295544	0.588623602	0.697818331	0.796798739	0.914861263	1.056957011	1.147231476	1.290106451	1.387917889	1.43166676	1.407002719	1.522866931																																					
	0.084881666	0.195868126	0.313762788	0.459295544	0.588623602	0.697818331	0.796798739	0.914861263	1.056957011	1.147231476	1.290106451	1.387917889	1.43166676	1.407002719	1.522866931																																					
	0.084881666	0.195868126	0.313762788	0.459295544	0.588623602	0.697818331	0.796798739	0.914861263	1.056957011	1.147231476	1.290106451	1.387917889	1.43166676	1.407002719	1.522866931																																					
#Catch	in	kilo	tons	by	year																																									1000						
#64	1965	1966	1967	1968	1969	1970	1971	1972	1973	1974	1975	1976	1977	1978	1979	1980	1981	1982	1983	1984	1985	1986	1987	1988	1989	1990	1991	1992	1993	1994	1995	1996	1997	1998	1999	2000	2001	2002	2003	2004	2005	2006	2007	2008	2009	2010	2011	2012	2013	2014		
#	Updated	with	new	blend	data	for	83.45833333																																								1199072.884	1205530.721	1000	8,019		
174.792	230.551	261.678	550.362	702.181	862.789	1256.565	1743.763	1874.534	1758.919	1588.39	1356.736	1177.822	978.37	979.431	935.714	958.28	973.502	955.964	981.45	1092.055	1139.676	1141.993	859.416	1228.721	1229.6	1455.193	1195.608279	1390.33091	1326.60066	1329.34987	1264.24454	1192.778411	1124.430415	1101.165453	989.815914	1132.707038	1387.193651	1480.192723	1490.899096	1480.542528	1483.285763	1486.435323	1354.097161	990.56564	807.946609	810.215206	1199.072884	1205.530721	1270.745389	1297.846257	1322.311572	1343.465851	
 #Effort	(6	year	moving	average	after	1976)	1900																																													
#64	1965	1966	1967	1968	1969	1970	1971	1972	1973	1974	1975	1976	1977	1978	1979	1980	1981	1982	1983	1984	1985	1986	1987	1988	1989	1990	1991	1992	1993	1994	1995	1996	1997	1998	1999	2000	2001	2002	2003	2004	2005	2006	2007	2008	2009	2010	2011	2012	2013	2014	2015	
0.56385	0.38425	0.35362	0.67946	0.62695	0.60335	1.03848	1.55693	1.5365	1.72443	1.57266	1.49092	1.28024	1.526946667	1.521949444	1.519524352	1.48537341	1.48537341	1.48537341	1.48537341	1.48537341	1.48537341	1.48537341	1.48537341	1.48537341	1.48537341	1.48537341	1.48537341	1.48537341	1.48537341	1.48537341	1.48537341	1.48537341	1.48537341	1.48537341	1.48537341	1.48537341	1.48537341	1.48537341	1.5	1.5	1.5	1.5	1.5	1.5	1.5	1.5	1.5	1.5	1.5	1.5	1.5	1.5
#	Japanese	CPUE	Data																																																	
#	years																																																		
12	
#Year																																																				
1965	1966	1967	1968	1969	1970	1971	1972	1973	1974	1975	1976																																									
2816.437428	3473.580475	3802.169891	5257.304601	6712.468418	5679.809828	5257.331283	5726.743484	4787.923949	4740.992588	4271.57446	4318.523058																																									
#	Stderrors																																																			
563.2874856	694.716095	760.4339781	1051.46092	1342.493684	1135.961966	1051.466257	1145.348697	957.5847898	948.1985176	854.3148919	863.7046116																																									
#	AVO data 																																																			
10	#	years																																																		
#Year																																																				
	2006	2007	2008	2009	2010	2011	2012	2013	2014	2015																																										
#AVO Estimates	0.554949521	0.63787804	0.316320163	0.284834755	0.67869202	0.543386348	0.660614217	0.69571755	0.89975764	0.953228694																																										
	0.554949521	0.63787804	0.316320163	0.284834755	0.67869202	0.543386348	0.660614217	0.69571755	0.89975764	0.953228694																																										
#StdErr	0.230355725	0.390928063	0.290601542	0.543668539	0.387720009	0.25822649	0.282131179	0.176368453	0.19325258	0.205986975																																										
	0.127835799	0.249364427	0.091923127	0.154855695	0.263142476	0.140316749	0.186379868	0.122702628	0.173880485	0.196352695																																										
# Mean wts in AVO																																																				
#1	2	3	4	5	6	7	8	9	10	11	12	13	14	15																																						
0.019380752	0.101459822	0.244144755	0.378145671	0.526992229	0.652066615	0.763603851	0.846668019	0.933519833	0.971437494	1.001150919	1.149534691	1.211687201	1.281049807	1.179917849																																						
0.018495649	0.087193364	0.279247415	0.437187833	0.582488803	0.686632399	0.788236316	0.870999726	0.970100191	1.102708516	1.105671451	1.236948448	1.235486845	1.749460306	1.230626606																																						
0.022553568	0.083533376	0.21397106	0.406607915	0.575800608	0.689063242	0.805223493	0.981970849	0.968320224	1.262557586	1.247212431	1.246648968	1.389705798	1.638032697	1.246968301																																						
0.020319991	0.10850146	0.241958619	0.416450696	0.646619245	0.785332663	0.950143453	1.030621575	1.064024628	1.328355453	1.326541881	1.547037133	1.556585854	1.536816208	1.743715961																																						
0.031689084	0.117343148	0.221257593	0.441148338	0.565233181	0.72191307	0.936799438	1.336564857	1.574484153	1.622437222	1.692529159	1.895356839	1.926997647	1.941451524	1.96177442																																						
0.029375575	0.106631395	0.208972742	0.408413458	0.548858375	0.705860897	0.887469619	1.132474036	1.422040294	1.444774336	1.510418611	1.641548799	1.694167469	1.853097483	1.859717642																																						
0.027062065	0.095919642	0.196687891	0.375678579	0.532483569	0.689808725	0.838139801	0.928383216	1.269596435	1.267111449	1.328308063	1.387740759	1.461337291	1.764743441	1.757660864																																						
0.029375575	0.106631395	0.208972742	0.408413458	0.548858375	0.705860897	0.887469619	1.132474036	1.422040294	1.444774336	1.510418611	1.641548799	1.694167469	1.853097483	1.859717642																																						
0.025225422	0.134561038	0.22362502	0.394297251	0.547275951	0.694533734	0.762828456	0.997097865	1.142014088	1.26636429	1.444106539	1.711001125	1.903016304	1.794556846	1.776686924																																						
0.022663922	0.076370721	0.20628749	0.388882172	0.574370838	0.62703836	0.805764052	0.94094099	1.045938443	1.065510102	1.30555602	1.609914487	1.41157465	1.611457042	2.220015431																																						
#Number	of	types	of	age	comp	data																																														
3																																																				
#Nyears	of	Fishery	Bottom	Trawl	Survey	and	Hydro	survey	age	data																																										
1	1	1																																																		
52	35	20																																																		
#	Years	1900																																																		
1964	1965	1966	1967	1968	1969	1970	1971	1972	1973	1974	1975	1976	1977	1978	1979	1980	1981	1982	1983	1984	1985	1986	1987	1988	1989	1990	1991	1992	1993	1994	1995	1996	1997	1998	1999	2000	2001	2002	2003	2004	2005	2006	2007	2008	2009	2010	2011	2012	2013	2014	2015
1982	1983	1984	1985	1986	1987	1988	1989	1990	1991	1992	1993	1994	1995	1996	1997	1998	1999	2000	2001	2002	2003	2004	2005	2006	2007	2008	2009	2010	2011	2012	2013	2014	2015 2016																			
1979	1982	1985	1988	1991	1994	1996	1997	1999	2000	2002	2004	2006	2007	2008	2009	2010	2012	2014	2016																																	
#	Sample	sizes	for	fishery	trawl	survey	and	1999																																												
#10	10	10	10	10	10	10	10	10	10	10	10	10	10	50	50	50	50	50	50	50	50	50	50	50	50	50	174	200	273	108	138	149	256	270	456	452	292	435	389	332	399	328	408	341	232	239	447	411	390	394	337	
#105	126	118	125	88	105	77	80	82	71	83	90	75	76	91	78	82	90	101	107	111	107	108	110	103	97	82	88	90	113	117	121	137	152	115
#16	30	46	16	39	48	36	55	75	79	80	57	53	44	39	29	37	49	88	96															
#retuned
10	10	10	10	10	10	10	10	10	10	10	10	10	10	39	39	39	39	39	39	39	39	39	39	39	39	39	134	155	211	83	107	115	198	208	730	725	467	697	623	532	638	525	654	545	371	383	716	659	624	631	539	
																		105	126	118	125	88	105	76	80	82	71	82	90	74	75	90	78	82	90	101	107	110	107	108	109	102	97	82	87	90	113	116	120	137	151	115
																		10	20	30	10	26	31	24	35	49	51	52	37	34	28	26	19	24	32	57	62															
#10	10	10	10	10	10	10	10	10	10	10	10	10	10	50	50	50	50	50	50	50	50	50	50	50	50	50	173.7315146	200.4627344	272.5808045	107.9164711	137.8346695	148.9617231	256.40006	269.5838242	455.7624229	452.4952872	291.6670461	435.3489775	389.3051794	332.2879167	398.7435557	328.0944094	408.1624886	340.660915	350	350	350	350	350	350	350 # Average:	358.9726043 
#100	100	100	100	100	100	100	100	100	100	100	100	100	100	100	100	100	100	100	100	100	100	100	100	100	100	100	100	100	100	100	100	100	100	100 # Average:	100																	
#6.092916984	29.24600152	44.47829398	15.23229246	37.7760853	46.91546078	34.72962681	52.39908606	74.3335872	77.9893374	76.770754	84.69154608	63.36633663	63.36633663	60.92916984	50	50	50	50 20	#	number	of	EIT	Hauls	82.0625	0.609291698	Target	50	10	48	73	25	62	77	57	86	122	128	126	139	104	104	100	100	100	100	100 50						 
#Fishery	Age	Comps	(early	years	funky	based	on	old	size	comps	with	surface	age	key)																																						
0.025321	0.105571	0.165563	0.193611	0.095442	0.268407	0.120764	0.025321	0	0	0	0	0	0	0																																						
0.01417	0.015327	0.204164	0.550318	0.13476	0.033545	0.032389	0.015327	0	0	0	0	0	0	0																																						
0.028428	0.168302	0.057358	0.420126	0.264906	0.024151	0.026415	0.010314	0	0	0	0	0	0	0																																						
0.009467	0.110178	0.577515	0.087692	0.16	0.037988	0.011479	0.00568	0	0	0	0	0	0	0																																						
0.032939	0.178617	0.140218	0.468517	0.10737	0.030573	0.036579	0.005187	0	0	0	0	0	0	0																																						
0.014678	0.079766	0.459233	0.315684	0.10843	0.002305	0.012142	0.007761	0	0	0	0	0	0	0																																						
0.156762	0.238147	0.374263	0.176699	0.034247	0.011143	0.005571	0.003168	0	0	0	0	0	0	0																																						
0.165462	0.049415	0.27603	0.185287	0.274689	0.026683	0.017515	0.004919	0	0	0	0	0	0	0																																						
0.031428	0.151596	0.349715	0.280079	0.117347	0.046028	0.017471	0.006335	0	0	0	0	0	0	0																																						
0.011129	0.100338	0.121466	0.264054	0.202123	0.13807	0.076822	0.055643	0.024972	0.004498	0.000566	0.00015	0.0000325	0.000138	0																																						
0.024247	0.527279	0.194871	0.055427	0.074453	0.040192	0.025745	0.02169	0.021289	0.008954	0.003638	0.00095	0.000948	0.000169	0.000147																																						
0.008543	0.150288	0.691843	0.053185	0.014149	0.026573	0.025452	0.013869	0.008162	0.005747	0.001421	0.000562	0.0000904	0.000116	0																																						
0.0002	0.120162	0.454616	0.305986	0.030152	0.013916	0.019279	0.022363	0.017396	0.008572	0.003956	0.002706	0.000697	0	0																																						
0.037672	0.247673	0.331098	0.239905	0.086129	0.019158	0.00703	0.010141	0.008111	0.006514	0.00336	0.001667	0.001229	0.000245	0.0000678																																						
0.012042	0.186306	0.308118	0.261359	0.15068	0.040795	0.011772	0.007098	0.008047	0.006471	0.004559	0.001741	0.000722	0.000221	0.0000692																																						
0.0395	0.211525	0.280373	0.163648	0.152892	0.083939	0.021921	0.010012	0.013973	0.010706	0.006862	0.003069	0.001153	0.000206	0.000222																																						
0.004034	0.190932	0.339926	0.183116	0.104124	0.087117	0.034572	0.015525	0.008981	0.009877	0.010508	0.006561	0.003192	0.001036	0.0005																																						
0.000262	0.033202	0.465713	0.29335	0.104387	0.047308	0.023758	0.01361	0.007403	0.004299	0.003453	0.002115	0.000699	0.00029	0.000152																																						
0.00237	0.012649	0.08055	0.584991	0.210743	0.051754	0.017953	0.017973	0.010743	0.004531	0.002704	0.001587	0.000928	0.000344	0.00018																																						
0.002906	0.067965	0.090431	0.179378	0.468209	0.125093	0.023738	0.014167	0.011353	0.006362	0.004356	0.002808	0.002017	0.000997	0.000218																																						
0.001082	0.023623	0.045694	0.22207	0.253549	0.337247	0.069013	0.01834	0.012938	0.008067	0.00366	0.001299	0.00151	0.000861	0.001046																																						
0.001377	0.028742	0.198541	0.06341	0.190469	0.167426	0.23081	0.058574	0.019048	0.013449	0.012929	0.005553	0.004909	0.002088	0.002675																																						
0.001514	0.042154	0.045222	0.366847	0.104926	0.185293	0.108734	0.105004	0.029249	0.00744	0.001637	0.001264	0.000132	0.000583	0																																						
0	0.014353	0.080902	0.056279	0.299858	0.100715	0.088821	0.065742	0.179309	0.039207	0.028064	0.015557	0.020974	0.004421	0.005799																																						
0	0.004867	0.207078	0.192308	0.115004	0.248302	0.102527	0.047866	0.017872	0.044149	0.008324	0.004658	0.001715	0.002506	0.002825																																						
0	0.002671	0.030904	0.083527	0.252883	0.093473	0.320776	0.053997	0.058166	0.018176	0.07233	0.006102	0.002235	0.001436	0.003325																																						
0.000752	0.018901	0.032625	0.125708	0.114964	0.273633	0.074005	0.211015	0.037632	0.058368	0.005178	0.034402	0.004865	0.002677	0.005275																																						
676.621	111787	39904	86511.9	139156	152795	386167	51933.4	218379	21789.4	114990	13764.7	72642.4	17064.3	41916.7																																						
0	93539.9	674859	132755	79533.9	114217	134308	252161	100104	155077	54319.7	43079.2	12481.1	41848.3	32341.7																																						
164.919	8114.74	262722	1146150	102147	65827.8	63710.3	53256.5	91219.6	20486.7	32304.6	11696.4	12520.1	6667	16501																																						
1639.08	35979.6	56762.5	359649	1066710	175769	54462.4	20196.2	13365.8	20711.4	8554.22	9407.67	7030.43	3719.6	7589.24																																						
0	473.072	81344.2	151699	397469	761197	130590	32209.4	11078.1	8482.89	18227.2	5472.45	6315.59	1549.08	9046.84																																						
0	23237.8	56239.9	81804.7	166442	368500	475118	185612	31412.2	13429.9	8813.42	8561.38	4778.79	5306	5739.3																																						
2364.39	83568.5	37758.9	111673	478565	288300	251336	196723	61581.5	13563.2	6420.07	4976.86	3505.96	4768.99	11173.6																																						
617.056	51145.8	89811.8	71985.8	156917	686938	199049	128342	108710	29493.1	6326.47	5791.55	2868.19	3215.53	5483.29																																						
410.976	11594.8	294969	227749	105250	155675	473743	132714	57528.2	32891.6	3480.37	2229.44	738.789	388.986	1873.17																																						
0	17368.2	80172.8	423185	343030	105384	169067	359491	85963.9	29599.2	24372.6	5668.82	1550.79	808.137	1491.66																																						
0	3735.08	56752.9	162048	574754	405766	136069	129178	158270	57543.4	35104.2	16043.7	5866.49	2923.92	2127.91																																						
920.17	56708.8	111063	214793	284065	602179	267194	99315.8	87377.1	95564	34869.3	14461.4	12615.6	2774.66	1647.21																																						
0	17298.6	402201	320768	366794	305244	332057	157346	53033.4	40166.6	36510.1	23738.5	6950.09	3011.3	4000.46																																						
0	1131.76	90013.2	829602	479713	238170	168677	156876	64043.5	16920.1	18864	26114	10607.6	6637.73	7004.58																																						
0	3128.2	53749.2	391153	861813	489108	156439	67472.6	67084.8	33733.3	11246.6	10232.2	3410.22	1958.38	3553.43																																						
0	12188.2	84168.5	290121	622776	592209	279903	108900	49617.9	38353.7	16420	9613.08	9542.57	5124.14	7953.4																																						
1834.43	19475.6	57200.6	124241	374046	514742	306316	138972	50196.1	28038.4	23321.2	9435.19	6483.15	3424.54	12853.1																																						
0	26913	58603.7	78565.5	147696	307362	242252	149108	83280.2	22297	19102.3	14466	8561.93	2758.46	12678.8																																						
756.32	3388.84	151846	188837	73448.6	101992	126940	106863	85673.1	40671	26384.3	10548.5	8991.83	4141.6	15586.6																																						
2348.71	31374.4	31762.4	560104	222297	53702	44263.6	55814	49326.1	34655.3	13933.6	9053.48	5742.6	6256.57	7050.67																																						
923.87	14731.5	191627	117689	807607	283793	64059.2	39350.7	38264.7	40092.7	25315	13275.9	1724.54	4682.55	5719.59																																						
0	28278.4	120523	942652	173000	432751	138349	37855.3	17807.8	13400.2	15875.3	16008.1	8282.94	7969.21	3580.64																																						
3411.71	1709.41	70236.4	342181	944443	187941	154749	68491.7	20583.6	17703.9	13614.9	12413.9	9029.52	5861.32	7370.78																																						
0	42227.4	31344.4	170902	398997	751351	210358	88198.2	29098	9132.3	4790.48	4998.12	4259.71	2898.57	8887.45																																						
0	18705.9	634327	195409	228285	384806	509826	86987.5	42527.3	18550	2852.46	2670.94	3122.03	3426.99	1797.8
#
#																																																				
#	Bottom	trawl	biomass	estimates	1986	1987	1988	1989	1990	1991	1992	1993	1994	1995	1996	1997	1998	1999	2000	2001	2002	2003	2004	2005	2006	2007	2008	2009	2010	2011	2012	2013	2014	2015	1000																	
##	2912.869455	5921.380162	4542.40499	5949.852335	4835.722134	5498.433448	7183.96271	6550.414874	7296.652939	5129.537607	4526.153251	5294.816269	5027.325307	5477.83781	3125.253083	3562.163116	2687.755271	3798.474081	5103.629009	4196.8539	4953.43827	8392.260853	3862.974162	4868.615629	3045.380115	4338.219901	3023.267264	2282.409596	3737.878326	3112.312226	3487.228582	4575.402878	7429.952483	6394.3586	4910.07982																	
##4069.198333	8409.192347	6408.716975	8250.365186	6825.572169	7892.194099	11088.27885	9795.795228	11899.7744	7389.523362	6210.927575	7089.352255	7100.030113	9107.057627	4079.235781	5019.411605	3509.909001	5454.721397	7355.106687	5439.751518	6770.722978	13508.10228	5105.803667	6696.467023	3886.151484	6145.11096	3994.320071	2989.696406	5131.698121	3948.600485	4613.87077	6114.896552	10331.24152	8587.401763	6607.63688
2818.196567	6856.751139	4773.125014	5651.530702	5086.145743	5493.887659	7417.149314	6873.298158	7591.367315	5361.062508	4944.943757	5955.844128	5328.433765	4874.708801	3172.628555	3658.489543	2794.132613	3937.727244	5188.528699	4562.181487	5201.451474	8216.820065	4209.513223	5037.048088	3176.379484	4529.672893	3168.062185	2299.245687	3860.424515	3288.975212	3611.429162	4829.211586	8612.561091	7318.71546	5323.164897
#	Bottom	trawl	biomass	estimate	Std	Errors																							1000	0.090865037																						
##	366.1594798	499.1437611	464.1601304	400.3916862	478.0955755	604.7275062	746.3757552	540.9482375	958.2829445	639.8319519	510.1307525	469.1374575	526.9833861	1038.400844	274.4097262	302.9038255	219.0365997	444.794027	573.0576655	339.6372982	443.2557663	2032.646573	356.0444067	450.805595	279.9043686	442.734443	340.2340022	276.2840326	427.557966	270.7275256	337.1241143	361.4779872	451.2578311	385.2137774	448.2986894
#366.6508872	499.1437611	464.1601304	418.0090853	478.0955755	610.6577572	747.6586039	604.7039227	959.5433433	640.5626388	513.3513643	470.3401558	527.0580128	1038.777995	277.0087689	422.7620457	294.5225967	448.4449993	575.1160075	339.9211196	449.5895182	2033.046052	357.1893961	451.5331119	283.7990741	447.3245934	345.5521954	277.0231011	429.2707447	282.8003533	343.6858711	366.2071836	484.924657	402.3692491	449.0281071
213.697691	491.718432	366.3564124	487.3127032	383.8255323	443.2081468	620.4111668	501.9212026	701.86919	409.8582014	394.1337552	420.2451536	402.9327608	406.3412077	211.1168145	261.1894422	196.8980389	324.2575995	376.3169606	326.8910673	336.2602251	619.4649819	287.313035	363.7149394	232.2849079	420.7281251	282.2930587	223.1339112	328.4421384	250.0726376	248.0815331	372.8144916	563.5060524	455.6030407	340.1617991
#	Bottom	trawl	survey	mean	wt	at	age																																													
0.033100895	0.066656207	0.166706452	0.349858916	0.428903178	0.668601968	1.004004033	1.128289145	1.202165694	1.42047139	1.596711611	1.624236257	1.785763735	2.141709978	2.673275019																																						
0.016355544	0.105534746	0.169335828	0.360215774	0.493698617	0.575604904	0.739416154	1.068567323	1.144978292	1.013481003	1.100164466	1.148720722	1.897943118	1.106834594	2.729646323																																						
0.016883857	0.063485268	0.192720115	0.359340285	0.48533865	0.615640972	0.751300669	1.011331722	1.220037161	1.369225016	1.678785678	1.655990892	1.400005833	1.463318881	2.504626426																																						
0.021479455	0.083285653	0.174161756	0.397504222	0.489486182	0.628697924	0.960266215	1.009604982	1.365065616	1.064352834	1.377643078	1.770666603	1.58074878	2.189133744	2.753318009																																						
0.017475295	0.083542698	0.145418765	0.358367918	0.46168194	0.642242442	0.719801217	0.843871819	0.99633442	1.355253246	1.471979708	1.470646244	2.558036708	2.12742095	2.833259836																																						
0.023808177	0.088149142	0.188452368	0.353319771	0.434168571	0.529975582	0.703008924	0.795125973	0.888000873	0.985676724	1.193588801	1.366767479	1.723614334	2.057331802	2.699829474																																						
0.020523869	0.080744929	0.209889932	0.356059693	0.459988975	0.521468189	0.601746891	0.760081641	0.851376405	0.992415861	1.200793264	1.209039547	1.534034577	1.051075754	2.443516276																																						
0.021324417	0.070983801	0.173639278	0.370133679	0.440785838	0.533801998	0.628037142	0.683303465	0.934553106	0.928137358	1.048297562	1.065645514	1.107829732	1.1383105	2.167018239																																						
0.018646957	0.086175315	0.155267975	0.376630035	0.502998962	0.573065432	0.61878238	0.722447488	0.795807281	1.050906191	1.105550683	1.128404805	1.108044024	1.294015631	2.294307078																																						
0.018129024	0.084618179	0.150779099	0.364522084	0.485706217	0.579807724	0.696496698	0.743599516	0.877432425	0.917714398	1.095465403	1.201635194	1.240575079	1.397882011	2.524633719																																						
0.029397734	0.093277605	0.204827035	0.372941549	0.5223266	0.623252245	0.777587563	0.844403225	0.897453846	0.9878659	1.123186336	1.241156242	1.390345657	1.359674529	2.483586709																																						
0.017589953	0.075962075	0.253239201	0.452903338	0.5035147	0.562561154	0.66420421	0.805825543	0.977437066	1.026084363	1.147712858	1.263588525	1.391272181	1.538769624	2.502245535																																						
0.02131204	0.081219322	0.189872481	0.473711796	0.576308971	0.638193526	0.713080507	0.968809567	1.169829458	1.126339146	1.225640577	1.325960734	1.431733858	1.490386917	2.278828303																																						
0.019005647	0.064109959	0.114268507	0.37727607	0.484794188	0.628588249	0.654719843	0.840168355	0.966614981	1.181282031	1.162954342	1.330113818	1.397810746	1.479044133	2.234402283																																						
0.020296224	0.06590333	0.116458398	0.313454183	0.496986354	0.596229054	0.733046551	0.815006721	0.971352934	1.061775443	1.305521912	1.395108819	1.467765559	1.548772022	2.151372032																																						
0.016721949	0.068575339	0.208396227	0.322454928	0.499243852	0.5976017	0.788666064	0.934216876	0.964378773	1.034581355	1.168606838	1.294899477	1.272533682	1.49437529	2.080232108																																						
0.020776907	0.060226603	0.133614079	0.34060828	0.477037436	0.520075225	0.678592977	0.828826546	0.9104885	1.009523525	1.070591486	1.330857874	1.396453146	1.770455228	2.176464743																																						
0.017588998	0.062357448	0.157038473	0.357022768	0.425320798	0.561484193	0.634271741	0.779640185	0.980835083	1.010687379	1.10134147	1.200302877	1.626640242	1.768053042	2.232026926																																						
0.015976383	0.05930588	0.168347676	0.376762293	0.457877615	0.530916157	0.659494974	0.708622192	0.783874845	0.956779472	1.183995146	1.213615003	1.355106166	1.493209086	2.211166095																																						
0.01975046	0.061787148	0.128724555	0.373549915	0.535356909	0.617633322	0.773776635	0.820595866	0.854578705	0.94804612	1.102583112	1.200962812	1.411195704	1.417392998	1.917005723																																						
0.018974645	0.075984509	0.223451874	0.392543502	0.533105228	0.646182731	0.80956596	0.942741126	0.896656389	0.963267611	1.047190748	1.094190758	1.207750946	1.388764873	1.956628808																																						
0.023752215	0.082847248	0.23668955	0.434996415	0.567053032	0.672459501	0.733660179	0.832175897	0.884492856	0.961303653	0.990642829	1.028978055	1.039644136	1.141700864	2.217769016																																						
0.025518523	0.079377828	0.209686119	0.476299368	0.554839651	0.679600029	0.76519576	0.793279164	0.941250991	0.962616242	1.057853428	1.051911909	1.120097054	1.426290847	2.425887991																																						
0.022624446	0.06922962	0.213007049	0.403441401	0.516896768	0.608793965	0.702835715	0.815650588	0.887663592	0.959923547	1.07211508	1.112198488	1.123589814	1.195478346	1.997892393																																						
0.023415582	0.072885976	0.166043699	0.363608103	0.51750097	0.607355501	0.720908628	0.806710782	0.909563033	1.0475033	1.274168228	1.208565298	1.279028677	1.251893098	2.098256164																																						
0.021177188	0.079321536	0.279545086	0.421734933	0.547199799	0.671982443	0.782308151	0.843698807	0.924544866	1.098189805	1.131498973	1.111795124	1.340737318	1.305219988	2.071412674																																						
0.024352901	0.054169203	0.186069039	0.416219259	0.522908216	0.642144932	0.75550001	0.859948821	0.924212637	1.075714269	1.216563624	1.205808507	1.386073696	1.586220379	2.064436372																																						
0.019968779	0.078156875	0.165215057	0.407635685	0.571559982	0.669170666	0.884058069	1.009000445	0.954958914	1.118832272	1.191980656	1.440182703	1.436716387	1.540468015	1.927791596																																						
0.024813354	0.070297876	0.2367219	0.402367095	0.549263493	0.679259738	0.893518288	0.982130899	1.032776434	1.123317001	1.167528835	1.257630391	1.44646108	1.534544657	2.2021762																																						
0.023951051	0.086448631	0.168627943	0.425135224	0.539185123	0.646724946	0.933160646	1.006178964	1.107565625	1.113523609	1.242600434	1.304195967	1.435455891	1.463411831	2.115291704																																						
0.021400824	0.069283369	0.203942059	0.358158972	0.533306122	0.67074633	0.807299177	0.947958828	1.212275369	1.237044654	1.322109673	1.359940644	1.416869364	1.639882428	2.070829296																																						
0.02295923	0.062831708	0.166775072	0.419922414	0.491757416	0.623368006	0.833614313	0.976261691	1.079108862	1.234830973	1.318714321	1.365525011	1.465536961	1.607774819	2.1277261																																						
0.02276959	0.08103913	0.162033982	0.352905444	0.47391159	0.60393346	0.657315305	0.895465269	0.986501039	1.114551675	1.400877888	1.349810006	1.385557716	1.505327395	2.043108344																																						
0.022663922	0.076370721	0.20628749	0.388882172	0.574370838	0.62703836	0.805764052	0.94094099	1.045938443	1.065510102	1.30555602	1.609914487	1.41157465	1.611457042	2.220015431																																						
0.023560587	0.070773268	0.19847348	0.436322278	0.506333731	0.618931325	0.698561299	0.782161587	0.844000541	0.927961178	1.102081225	1.485101134	1.360125323	1.740617533	2.218274506
#
# 	Bottom	trawl	survey	number	stderrors	1000	8	385	588	65	1.05E+18	1025.460872	0.105345544	1000																																						
# 	1983	1984	1985	1986	1987	1988	1989	1990	1991	1992	1993	1994	1995	1996	1997	1998	1999	2000	2001	2002	2003	2004	2005	2006	2007	2008	2009	2010	2011	2012	2013	2014	2015																			
1273.281229	1128.229727	739.2267437	1930.851273	826.3730571	1125.630941	1456.237948	1136.250077	1369.842305	827.3787603	802.1038459	863.1712933	972.7242685	1809.108057	458.018317	981.6488213	578.1486389	833.7953316	1006.046504	695.6240203	750.124331	1863.12202	498.7207319	697.376502	427.3259792	668.5135658	430.8984247	415.0758849	707.0270956	452.5935264	610.8009021	625.3017876	792.4168798	705.3779581	700																				
#	Bottom	Trawl	survey	numbers	at	age	1982-98	96	Numbers	in	millions	of	fish	1000000					Rank of 1yr olds	2	3	4	5																													
1287.16129	3059.399226	3356.052416	4377.339084	1505.29423	206.1115637	142.9387579	68.18812752	43.0570827	26.9920438	16.63548612	10.31416388	3.611448929	1.418551505	1.384762658	#	14,106	1982	16	1	2	1	18	33	33	33	33	33	33																										
5234.991487	782.2157525	1755.704438	3170.908266	7134.014135	2184.988183	399.257652	214.7510606	96.90735656	83.76506131	62.49719349	22.11888315	8.758784481	7.443855518	3.243277927	#	21,162	1983	2	8	5	5	1	9	28	28	30	28	27																										
496.3149874	395.4207604	563.9958269	1633.19112	2073.490428	4889.786652	935.4778021	208.0372249	96.9789572	34.47775313	22.84938173	8.943041339	5.239123365	6.423385155	3.093860972	#	11,374	1984	30	20	14	12	11	4	15	29	29	32	32																										
6146.087685	1033.165103	3975.995237	1259.888918	4145.264453	2508.395981	1708.745618	336.4198437	85.48600593	70.63266467	24.24279352	7.857190222	8.698072077	1.038221909	0.402608034	#	21,312	1985	1	4	1	16	6	7	7	25	32	31	31																										
2819.656473	693.9526646	515.2043485	1907.14078	1153.509816	1920.340213	1679.74631	1523.173375	477.0298181	72.70160773	33.59539089	14.9762658	1.337605232	3.767666387	1.369101672	#	12,818	1986	5	10	16	9	23	10	8	3	10	30	30																										
439.5294768	793.7603381	1082.292533	816.5631613	4955.816955	1371.363736	1313.000252	518.6265983	1640.405037	253.4887819	74.45733756	29.23634227	5.331364338	2.503122801	2.084016095	#	13,298	1987	32	7	6	21	4	17	11	16	1	15	25																										
1655.338623	855.1636263	1977.416788	3751.517551	1632.650032	5298.339498	1571.161499	1190.95552	686.7343885	1626.978166	153.6694691	91.43488359	18.75801647	24.73165995	12.92684279	#	20,548	1988	14	6	4	3	16	3	9	5	7	1	15																										
1050.526912	346.9294145	672.2403222	2218.374347	4980.913779	988.9570063	3761.181001	571.3297268	687.3324652	266.5220792	837.2927633	145.3065837	127.6928845	64.15739424	89.56038116	#	16,808	1989	22	21	11	7	3	24	1	14	6	14	2																										
2375.87051	402.7642659	144.7255521	928.0248208	1853.251588	6213.396388	1247.074641	3067.524738	310.89588	551.1402244	84.84290294	791.9331333	69.18336886	51.30322044	69.36468754	#	18,161	1990	7	19	31	20	14	2	13	1	21	6	23																										
3183.939353	912.789072	326.421033	105.6297566	642.8873844	600.4339723	1985.914399	746.6501998	1606.439385	420.2559361	567.9492245	117.3093169	352.7015322	49.71744727	44.58597969	#	11,664	1991	3	5	21	33	28	30	5	9	2	9	3																										
1636.888055	460.6786907	2398.619337	403.7092697	451.2600221	755.8700449	664.041691	951.6822708	424.1414507	808.8232803	284.2488287	354.4733927	151.7953979	120.2345791	95.45236309	#	9,962	1992	15	13	3	26	32	28	23	7	11	4	7																										
2912.390878	432.8584974	968.774989	4095.201068	886.3829568	709.5377913	368.9010199	508.8126814	692.9063077	427.501461	375.035165	273.2782651	214.2048352	117.9817733	141.7584869	#	13,126	1993	4	15	8	2	26	29	29	17	5	8	5																										
1689.53045	749.7517521	572.5139275	1630.653005	4412.936214	773.6209459	201.5810644	174.7144907	196.0849383	368.7924528	224.7233556	314.4151885	118.9643328	114.3395763	189.7064321	#	11,732	1994	13	9	12	13	5	27	32	30	25	10	11																										
2236.046282	221.1106672	427.031302	1995.038421	2654.434118	4322.552414	1834.702654	483.2624212	295.9354696	185.3239411	349.3660855	139.5501638	258.1318481	102.0328441	146.6310299	#	15,651	1995	10	25	19	8	9	5	6	18	22	19	6																										
1779.080685	424.0353383	194.3593988	388.5996376	1070.946879	1513.167948	1385.86611	471.9922546	117.8611639	126.525799	85.61132029	161.059976	52.52741495	95.13853084	126.0826875	#	7,993	1996	12	17	28	27	24	14	10	19	28	25	22																										
2751.316825	423.7936512	220.7460409	285.295039	3407.799418	1490.147993	882.8863374	1066.176434	181.2470789	91.75279775	69.18402759	75.58124655	123.4344982	39.89106601	138.4096863	#	11,248	1997	6	18	27	30	7	15	17	6	26	26	26																										
757.7513815	663.716994	347.9847158	249.0025933	486.371764	2774.680877	705.4555117	445.7654041	345.3765809	86.3376507	38.66494783	13.25145959	29.94927329	32.74285283	77.05966782	#	7,054	1998	26	11	20	31	31	6	22	20	18	27	29																										
1136.554182	1043.957387	968.0462881	1049.901396	598.741599	1069.230855	2690.721692	725.3427343	350.1183033	326.2707972	119.2788879	50.36528568	19.93573497	28.6834717	97.8575938	#	10,275	1999	21	3	9	18	29	22	3	10	17	11	18																										
1187.414738	440.5280571	549.479471	1861.287165	1861.873196	962.0317486	816.7703128	2674.139435	1043.056284	546.9015196	231.571509	156.7319161	48.10196216	21.15189965	92.11914452	#	12,493	2000	18	14	15	10	12	25	20	2	3	7	10																										
1831.624906	1056.59947	571.3151829	546.2615867	1381.135211	1444.338409	620.9825781	308.115092	917.9697955	658.9631118	251.8152847	201.3962788	79.79251172	28.51808108	77.2464307	#	9,976	2001	11	2	13	22	19	16	24	26	4	5	8																										
835.7628429	425.6376844	876.9641627	1260.766312	1308.499754	1695.417215	880.4405039	425.8081167	575.9806005	1081.500481	539.1091546	238.5662571	140.3537517	42.40990889	45.94028807	#	10,373	2002	24	16	10	15	22	13	18	22	9	2	4																										
558.3710914	171.0232062	1044.730888	1752.216231	2078.338986	1907.633618	2554.928088	1444.554279	660.1714132	860.5402781	1751.993179	758.2171352	285.6384736	148.206686	108.3273677	#	16,085	2003	27	26	7	11	10	11	4	4	8	3	1																										
406.0016482	286.7862195	181.8632269	1371.640305	1337.769913	1017.779403	598.471512	648.2359462	320.5761105	200.4675106	199.8304592	360.752214	153.5509754	37.29047884	29.1780295	#	7,150	2004	33	22	29	14	20	23	25	12	20	17	12																										
448.4908529	167.7855548	266.1566526	1173.782042	3327.997174	2245.485555	1175.840618	535.331906	407.0888323	299.5850127	80.68570645	170.3768043	277.3087516	107.8629772	110.2781044	#	10,794	2005	31	27	25	17	8	8	14	15	12	12	24																										
877.6357585	80.50002589	124.616747	408.1025905	1022.883978	1298.58295	831.1131843	399.7615697	228.3186908	196.5867823	94.61247217	58.81357425	85.10513636	114.3891344	113.3181735	#	5,934	2006	23	32	32	25	25	18	19	23	24	18	21																										
2358.531187	67.09424422	168.7131058	483.1706125	1511.130614	1768.032622	1275.008931	920.0052471	388.3695143	173.9632692	161.2449293	140.2762495	64.44360257	80.33311869	155.4560051	#	9,716	2007	8	33	30	24	17	12	12	8	15	21	14																										
528.3616747	129.9153682	108.2551021	198.2466753	564.9385198	1134.533036	889.1079659	618.1820533	392.2685922	153.7067289	128.1733053	97.85540559	44.43571353	24.34204213	152.5437344	#	5,165	2008	28	30	33	32	30	21	16	13	14	23	17																										
799.6023768	221.2301924	462.5001533	498.2215182	290.1914359	421.0136566	569.4463412	444.9164745	323.390225	156.9595425	103.5629048	33.98044064	34.16627163	17.80506252	71.51258769	#	4,448	2009	25	24	17	23	33	31	26	21	19	22	19																										
510.7796528	144.2412657	277.5326128	2985.267245	1337.144699	416.8069682	358.8275753	379.5062411	399.1059868	271.7260613	234.3015713	85.13020801	51.02034949	29.46656196	63.42349257	#	7,544	2010	29	28	23	6	21	32	30	24	13	13	9																										
1159.82217	124.8950848	271.942982	371.6977521	1859.309377	909.7944993	266.6884958	151.4188374	236.869413	235.638763	197.4882779	150.931285	63.74522086	30.07937302	80.28306438	#	6,111	2011	20	31	24	28	13	26	31	32	23	16	13																										
1186.770887	242.2872365	454.9075529	3255.908557	760.9746985	1228.42519	420.5736656	168.2224789	127.4639698	176.0471074	144.3909652	127.261845	105.9685086	37.65190993	67.26520234	#	8,504	2012	19	23	18	4	27	19	27	31	27	20	16																										
1234.256328	133.1509339	256.1528048	1007.795482	5012.005289	1162.454661	724.5345738	254.154414	86.03892109	77.74159861	102.1543962	76.85190547	71.21826393	38.94212034	52.00861946	#	10,289	2012	17	29	26	19	2	20	21	27	31	29	20																										
2260.700676	612.254336	281.2332674	368.6798548	1705.482613	6257.097676	3254.73025	693.3469427	381.3649083	138.8779602	53.13093268	74.9389255	76.19022846	35.60137988	94.14404946	#	16,288	2012	9	12	22	29	15	1	2	11	16	24	28																										
1204.704992	827.8263296	2331.807669	586.4217176	1221.55212	2275.811573	4433.847379	1292.925013	306.2552374	146.7239971	19.03535361	17.8973048	30.79218053	18.30320974	39.19906494																																								
768.2887247	483.944689	695.0333938	3329.919146	1365.059784	922.0216596	1301.255649	1919.104439	376.8484292	147.8333029	49.32145845	11.62100003	11.95416913	4.150251501	7.958433802																																								
#	EIT	Std errs														#	Total	Age 2+ total																																		
#	1979	1982	1985	1988	1991	1994	1996	1997	1999	2000	2002	2004	2006	2007	2008 New	2009	2010	2012	2014																																	
#	46314	17805	14965	12280.04769	7729.521174	9129.620765	5552.904008	6319.487549	9488.786604	7371.833551	11560.44934	6818.739008	2940.09277	3618.120222	4667.503016	2869.712543	10023.03476	6600.399086	13072.70542																																	
#	1979	1982	1985	1988	1991	1994	1996	1997	1999	2000	2002	2004	2006	2007	2008	2009	2010	2011																																		
# CV:	2.5	0.2	0.2	0.2	0.2	0.192363714	0.159620955	0.151435265	0.225106474	0.13097104	0.126878195	0.151435265	0.159620955	0.184178024	0.312649056	0.360170359	0.245570699	0.25	0.25																																	
	115785	3561	2993	2456.009538	1545.904235	1756.207762	886.3598381	956.9932688	2135.987298	965.496704	1466.768941	1032.597546	469.3004144	666.3782347	1459.290413	1033.585396	2461.363655	1650.099771	3236.308222 2673.073581																																
#	EIT	Age	compositions													#	Total	Age 2+ total	Rank of 1yr olds	2 yr olds	3 yr olds																															
69110	41132	3884	413	534	128	30	4	28	59	69	29	3	1	0		#	115,424	46314	1	1	3	16																														
108	3401	4108	7637	1790	283	141	178	90	55	122	0	0	0	0		#	17,913	17805	14	7	2	1																														
2076	929	8149	898	2186	1510	1127	130	21	7	8	0	0	0	0		#	17,041	14965	6	15	1	11																														
10.85474	1112	3586	3864	739	1882	403	151	129.52866	254.51903	159	0	0	0	0		#	12,291	12280.04769	18	13	6	2																														
639.267538	5942.329255	967.026421	214.547946	224.129227	133.045368	119.732088	38.685293	37.037006	14.667193	16.038739	5.275012	7.862405	4.59	4.555221		#	8,369	7729.521174	8	4	15	17																														
452.855235	3905.610605	1127.234019	1670.302826	1908.487018	293.253466	69.328887	66.771672	30.09459	21.061382	6.390414	13.009868	2.981084	5.663838	9.431096		#	9,582	9129.620765	11	6	12	9																														
972.336344	446.396599	520.371331	2686.4816	820.736359	509.295056	434.354034	84.86886	16.722781	6.274944	5.698888	12.14511	1.307937	4.783178	3.467331		#	6,525	5552.904008	7	17	16	4																														
12383.79911	2742.751722	385.328882	490.909811	1918.113717	384.006258	205.285501	142.672406	32.735836	3.888478	4.945534	2.010226	2.23296	2.299789	2.306429		#	18,703	6319.487549	2	9	17	14																														
111.865503	1587.614967	3596.956974	1683.593411	582.565536	273.94561	1169.058192	400.235038	104.643576	66.873683	14.464537	6.471546	1.67028	0	0.693254		#	9,601	9488.786604	13	11	5	8																														
257.922016	1272.329433	1184.944489	2480.024776	899.713749	243.88862	233.993126	725.124366	190.427626	84.693969	35.625884	18.077578	1.166461	1.355107	0.468367		#	7,630	7371.833551	12	12	11	5																														
561.3136619	4187.551774	3841.040459	1295.262536	685.3461837	593.3351789	287.5727544	99.9914763	131.7143046	237.8775143	117.87598	48.1013079	25.20001548	6.425678831	3.154175228		#	12,122	11560.44934	9	5	4	10																														
15.75365101	275.0665226	1188.798451	2928.940761	1444.343027	417.0268039	202.4937822	192.769334	67.99797613	34.69928915	24.59987663	19.81017834	12.14273617	5.799532623	4.25073749		#	6,834	6818.739008	17	18	10	3																														
455.5651304	208.6129204	281.9730476	610.0740379	695.2963532	551.7797146	319.70128	110.0721931	52.989149	40.3261406	23.3214216	16.2302369	8.5639042	9.8944229	11.2579484		#	3,396	2940.09277	10	19	19	12																														
5588.540574	1026.211437	319.7063395	430.0713328	669.189032	588.8287128	305.6689523	166.2107097	60.1981392	18.77736345	20.17779365	5.733617103	1.704096437	2.100029108	3.542666307		#	9,207	3618.120222	3	14	18	15																														
36.48153635	2905.293594	1031.607377	144.3884643	106.8671192	170.1761667	132.3775184	70.69072706	58.21768156	14.96783807	15.14849921	6.928638088	4.455127187	1.927581055	4.456684522		#	4,704	4667.503016	16	8	13	19																														
5127.665982	797.3980385	1674.345701	198.9323923	31.05669911	33.90882416	50.51326614	37.51627673	20.79389747	15.82204417	5.545746628	2.159494978	0.515227389	0.417684755	0.787249509		#	7,997	2869.712543	4	16	7	18																														
2525.540953	6395.199916	973.4755037	2183.452529	383.6457724	46.29690524	6.22028568	7.400184611	6.789163034	6.479340548	5.99031765	2.608662115	1.938640201	1.295398809	2.242141749		#	12,549	10023.03476	5	3	14	7																														
66.87435516	1963.087816	1640.61799	2444.132675	202.6385066	246.0716328	63.62925628	13.08068839	8.33131731	6.460246421	6.567318238	1.965435172	2.492268874	0.592599582	0.731335279		#	6,667	6600.399086	15	10	8	6																														
4438.331215	8614.89223	941.2751066	1100.650198	892.3372025	974.6329164	316.9225225	66.89265565	21.47372183	5.827631123	2.747140094	1.806650337	2.789530717	1.245008163	1.740372759																																						
83.33419131	1017.163946	4292.525327	3744.877113	884.1123809	253.5367485	233.671418	210.2300317	36.01908361	13.94022592	3.5006982	1.135892837	0.82033766	0.201162036	0.559960266
#	EIT	biomass	estimates	0.25														1000																																		
	7460	4900	4800	4680	1450	2886.228	2310.729	2592.182	3285.079	3048.697	3621.817	3306.936964	1560.134118	1769.018516	996.9392679	923.843366	2322.642938	1842.79206	3501.938121		4063.014107
#	EIT	biomass	estimate	Std	Errors																																															
	1865	1225	1200	1170	362.5	721.557	577.68225	648.0455	821.26975	762.17425	905.45425	826.734241	390.0335295	442.254629	249.234817	230.9608415	580.6607345	460.6980151	875.4845302			1015.753527																													
# Mean wt-age in EIT																																																				
#1	2	3	4	5	6	7	8	9	10	11	12	13	14	15																																						
0.027102747	0.103943249	0.246133113	0.397317435	0.545315171	0.66730764	0.777638319	0.877165717	0.948517031	1.077568193	1.146133829	1.27113659	1.320688455	1.520677115	1.418910492																																						
0.027102747	0.103943249	0.246133113	0.397317435	0.545315171	0.66730764	0.777638319	0.877165717	0.948517031	1.077568193	1.146133829	1.27113659	1.320688455	1.520677115	1.418910492																																						
0.027102747	0.103943249	0.246133113	0.397317435	0.545315171	0.66730764	0.777638319	0.877165717	0.948517031	1.077568193	1.146133829	1.27113659	1.320688455	1.520677115	1.418910492																																						
0.027102747	0.103943249	0.246133113	0.397317435	0.545315171	0.66730764	0.777638319	0.877165717	0.948517031	1.077568193	1.146133829	1.27113659	1.320688455	1.520677115	1.418910492																																						
0.027102747	0.103943249	0.246133113	0.397317435	0.545315171	0.66730764	0.777638319	0.877165717	0.948517031	1.077568193	1.146133829	1.27113659	1.320688455	1.520677115	1.418910492																																						
0.028098302	0.088950365	0.233833851	0.387288624	0.562235162	0.63220144	0.704351579	0.848887748	0.969022356	1.138361652	1.23182106	1.445206662	1.403855796	1.356626056	1.822586605																																						
0.037773966	0.079180711	0.228031394	0.330858026	0.482485022	0.671084465	0.828614383	0.853917444	0.971967521	1.046543204	1.211815358	1.406491996	1.171310239	1.470779469	1.59589653																																						
0.033802091	0.134739627	0.257568156	0.384177333	0.479309027	0.611452193	0.785806012	0.979086727	1.045964863	1.145578791	1.239572454	1.715021861	2.033758674	1.672786046	1.423109296																																						
0.029428196	0.098627188	0.23558358	0.380245608	0.466445375	0.599929307	0.642847384	0.696932986	0.808573285	0.934792241	0.983716243	1.110090232	0.896256915	1.619041974	1.289666455																																						
0.031532787	0.113172734	0.240187623	0.392892849	0.543011597	0.639746947	0.712191862	0.745851368	0.782381229	0.901469147	1.094850025	0.92357505	1.072474776	1.892101509	1.416936706																																						
0.033327848	0.133008776	0.25604884	0.39670786	0.563822385	0.679883647	0.805020762	0.936518401	1.006467236	1.034434591	1.142940509	1.09697609	1.508178288	1.440500871	1.309022423																																						
0.023417064	0.115008316	0.276888956	0.459929374	0.569257426	0.692991123	0.76798241	0.857368045	0.913345976	0.987011448	1.022179787	1.104971366	1.048272624	1.070253326	1.349568682																																						
0.019380752	0.101459822	0.244144755	0.378145671	0.526992229	0.652066615	0.763603851	0.846668019	0.933519833	0.971437494	1.001150919	1.149534691	1.211687201	1.281049807	1.179917849																																						
0.018495649	0.087193364	0.279247415	0.437187833	0.582488803	0.686632399	0.788236316	0.870999726	0.970100191	1.102708516	1.105671451	1.236948448	1.235486845	1.749460306	1.230626606																																						
0.022553568	0.083533376	0.21397106	0.406607915	0.575800608	0.689063242	0.805223493	0.981970849	0.968320224	1.262557586	1.247212431	1.246648968	1.389705798	1.638032697	1.246968301																																						
0.020319991	0.10850146	0.241958619	0.416450696	0.646619245	0.785332663	0.950143453	1.030621575	1.064024628	1.328355453	1.326541881	1.547037133	1.556585854	1.536816208	1.743715961																																						
#0.0319735465199109	0.117679621	0.227559225	0.441041348	0.577914693	0.682620693	0.959910659	1.169667199	1.257722952	1.440128581	1.510954379	1.649939604	1.870962014	2.075309732	2.548234381																																						
0.031689084	0.117343148	0.221257593	0.441148338	0.565233181	0.72191307	0.936799438	1.336564857	1.574484153	1.622437222	1.692529159	1.895356839	1.926997647	1.941451524	1.96177442																																						
0.027062065	0.095919642	0.196687891	0.375678579	0.532483569	0.689808725	0.838139801	0.928383216	1.269596435	1.267111449	1.328308063	1.387740759	1.461337291	1.764743441	1.757660864																																						
0.025225422	0.134561038	0.22362502	0.394297251	0.547275951	0.694533734	0.762828456	0.997097865	1.142014088	1.26636429	1.444106539	1.711001125	1.903016304	1.794556846	1.776686924																																						
0.046996266	0.11160921	0.266406575	0.479943291	0.53495464	0.626764939	0.680996263	0.777780777	0.818899112	0.932701576	1.139682904	0.810655409	1.66559594	1.639939693	1.914794802
#	Relative_Mean_Temp		1985	1986	1987	1988	1989	1990	1991	1992	1993	1994	1995	1996	1997	1998	1999	2000	2001	2002	2003	2004	2005	2006	2007	2008	2009	2010	2011	2012	2013	2014	2015																			
0.801569974	1.308777926	0.887433921	0.962802284	0.660695373	1.363870605	0.937346639	1.263771226	1.036109015	1.218350075	0.770514845	1.31695717	0.565789349	0.646254864	1.447577778	1.095249208	1.475999401	0.149055698	0.870974168	1.049198637	1.431904869	1.629112326	1.467596046	1.499882273	0.651583608	0.644704453	0.407246675	0.439671593	0.439671593	0.439671593	0.439671593	0.439671593	0.439671593	0.439671593 .4																			
# age error	# age error																																																			
0.994244373	0.005755627	1.72085E-14	0	0	0	0	0	0	0	0	0	0	0	0																																						
0.017589322	0.964821356	0.017589322	1.31726E-10	0	0	0	0	0	0	0	0	0	0	0																																						
3.02407E-08	0.035475485	0.929048969	0.035475485	3.02407E-08	0	0	0	0	0	0	0	0	0	0																																						
1.37642E-15	1.06345E-06	0.057015091	0.885967691	0.057015091	1.06345E-06	0	0	0	0	0	0	0	0	0																																						
4.00256E-23	1.07368E-12	1.25034E-05	0.080011094	0.839952805	0.080011094	1.25034E-05	1.0737E-12	0	0	0	0	0	0	0																																						
2.60138E-30	4.3039E-19	1.28473E-10	7.42239E-05	0.102942042	0.793967468	0.102942042	7.42239E-05	1.28473E-10	0	0	0	0	0	0																																						
5.84415E-37	2.15487E-25	4.21443E-16	4.50364E-09	0.000281265	0.124855101	0.749727259	0.124855101	0.000281265	4.50364E-09	0	0	0	0	0																																						
4.97989E-43	2.22333E-31	1.20521E-21	8.05406E-14	6.82989E-08	0.000783758	0.145168358	0.708095632	0.145168358	0.000783758	6.82989E-08	8.04912E-14	0	0	0																																						
1.53213E-48	5.72471E-37	4.96374E-27	1.00763E-18	4.861E-12	5.73191E-07	0.001756272	0.163535451	0.669415408	0.163535451	0.001756272	5.73191E-07	4.861E-12	0	0																																						
1.53481E-53	3.83897E-42	3.73144E-32	1.41731E-23	2.12209E-16	1.27101E-10	3.12953E-06	0.003356355	0.179774235	0.63373256	0.179774235	0.003356355	3.12953E-06	1.27101E-10	0																																						
4.44725E-58	6.52201E-47	5.63864E-37	2.88468E-28	8.78104E-21	1.60419E-14	1.7843E-09	1.24067E-05	0.00569276	0.193827561	0.60093454	0.193827561	0.00569276	1.24067E-05	1.78432E-09																																						
3.31823E-62	2.64649E-51	1.75099E-41	9.63588E-33	4.42695E-25	1.70724E-18	5.57361E-13	1.56221E-08	3.85602E-05	0.008811112	0.205734376	0.570831873	0.205734376	0.008811112	3.85758E-05																																						
5.72716E-66	2.3904E-55	1.09882E-45	5.57369E-37	3.12791E-29	1.94922E-22	1.35614E-16	1.06218E-11	9.49508E-08	9.9252E-05	0.012694831	0.215603453	0.543204737	0.215603453	0.012794178																																						
2.07752E-69	4.47114E-59	1.34412E-49	5.6524E-41	3.33145E-33	2.75909E-26	3.22266E-20	5.3369E-15	1.2634E-10	4.33255E-07	0.000220213	0.017275673	0.223589352	0.517828659	0.24108567																																						
1.45564E-72	1.61613E-62	3.06517E-53	9.94208E-45	5.52292E-37	5.26447E-30	8.63281E-24	2.44415E-18	1.20104E-13	1.03257E-09	1.57315E-06	0.000433888	0.022448549	0.229871987	0.747244002																																						
																																																				
# Fishery Length Frequency for 2008 (development, not used)																																																				
#Nlbins																																																				
25																																																				
#Bins (lower bound): 25	27	29	31	33	35	36	37	38	39	40	41	42	43	44	45	46	48	50	52	54	56	58	60	62																												
361	304	393	635	898	478	544	709	986	1389	2023	2860	4044	5795	7792	10559	27013	28513	24232	18246	13057	8849	5842	3766	6205																												
# Size-age transition for 2008 (based on 2006 age-l data)																																																				
1	0	0	0	0	0	0	0	0	0	0	0	0	0	0	0	0	0	0	0	0	0	0	0	0																												
0.989820937	0.009491111	x	2.22E-05	3.43599E-07	8.88786E-09	6.42094E-10	3.83076E-11	1.88716E-12	7.67164E-14	2.55351E-15	1.11022E-16	0	0	0	0	0	0	0	0	0	0	0	0	0																												
0.180297825	0.234397846	0.270850945	0.195853424	0.074602984	0.024079201	0.011827654	0.005148318	0.001985807	0.000678747	0.000205576	5.51723E-05	1.31205E-05	2.76469E-06	5.16186E-07	9.4536E-08	5.13897E-09	6.64366E-11	5.31575E-13	2.66454E-15	0	0	0	0	0																												
0.001663463	0.009128466	0.03772282	0.105054589	0.140131098	0.117867182	0.126504391	0.122736137	0.10764487	0.085342971	0.061163853	0.039625368	0.023206067	0.012285068	0.005878939	0.003161575	0.000799915	7.78989E-05	5.09939E-06	2.24197E-07	6.61444E-09	1.30845E-10	1.73417E-12	1.53211E-14	0																												
2.22557E-06	3.45439E-05	0.000382199	0.002891191	0.009012314	0.014195398	0.025847783	0.042724941	0.064109694	0.087327567	0.107985505	0.121217889	0.123525185	0.114269917	0.095961197	0.101110882	0.064927079	0.019725952	0.004103568	0.000584149	5.68613E-05	3.78195E-06	1.71747E-07	5.32124E-09	1.14035E-10																												
2.70675E-08	5.22089E-07	7.64535E-06	8.19562E-05	0.000356531	0.000735763	0.001724409	0.003734437	0.007472983	0.013818087	0.023609572	0.037274811	0.054378943	0.073305192	0.09131201	0.160683414	0.217651952	0.166756652	0.0937213	0.038633431	0.011677831	0.002587688	0.000420211	4.99882E-05	4.64555E-06																												
8.27913E-10	1.74607E-08	2.91765E-07	3.72969E-06	1.92927E-05	4.59148E-05	0.000123404	0.00030996	0.000727584	0.001596109	0.003272239	0.006269476	0.01122592	0.018785279	0.029377785	0.070216606	0.149284186	0.197599775	0.200435248	0.155803709	0.092806707	0.042358647	0.014811937	0.003967519	0.000958662																												
5.30346E-11	1.15565E-09	2.05618E-08	2.88423E-07	1.64169E-06	4.23504E-06	1.23218E-05	3.3762E-05	8.71213E-05	0.00021172	0.000484551	0.001044384	0.00211994	0.004052571	0.007295945	0.021165228	0.060018578	0.112301599	0.165884729	0.193449022	0.178104165	0.129456795	0.074285304	0.033649677	0.016336399																												
1.1121E-11	2.24284E-10	3.80937E-09	5.24074E-08	2.99369E-07	7.82469E-07	2.32059E-06	6.52615E-06	1.74038E-05	4.40106E-05	0.000105536	0.000239979	0.000517459	0.001058055	0.002051498	0.006626105	0.022217206	0.051214138	0.09572002	0.145060566	0.178255928	0.177620793	0.143515469	0.094026717	0.081699131																												
1.40509E-11	2.20096E-10	3.03126E-09	3.48664E-08	1.7634E-07	4.27456E-07	1.19675E-06	3.20192E-06	8.18669E-06	2.00032E-05	4.67073E-05	0.000104223	0.000222247	0.0004529	0.00088199	0.002899936	0.010186588	0.025417434	0.052999645	0.092356586	0.134501839	0.163705067	0.16652285	0.141567555	0.208101202																												
2.4344E-11	3.02361E-10	3.42929E-09	3.32516E-08	1.49043E-07	3.34399E-07	8.80816E-07	2.23032E-06	5.4289E-06	1.27034E-05	2.85754E-05	6.17913E-05	0.000128448	0.000256678	0.000493078	0.001607239	0.005672796	0.014542307	0.031884034	0.059789887	0.095897088	0.131556698	0.154367141	0.154929241	0.348763235																												
5.09363E-11	5.12035E-10	4.86598E-09	4.02673E-08	1.60893E-07	3.34882E-07	8.30664E-07	1.98994E-06	4.60399E-06	1.02875E-05	2.22006E-05	4.62701E-05	9.3136E-05	0.000181057	0.000339934	0.001083139	0.003753385	0.009593984	0.021360052	0.041422901	0.069971294	0.102954544	0.131953561	0.147315726	0.469890563																												
1.18383E-10	9.8155E-10	7.94939E-09	5.68958E-08	2.04224E-07	3.95971E-07	9.27646E-07	2.10669E-06	4.63789E-06	9.89784E-06	2.04767E-05	4.10659E-05	7.98366E-05	0.000150461	0.000274882	0.00085008	0.002856071	0.007155724	0.01584685	0.031020046	0.053673089	0.082089791	0.110979571	0.132623461	0.562320358																												
2.89263E-10	2.01187E-09	1.4105E-08	8.84561E-08	2.87582E-07	5.21957E-07	1.1592E-06	2.50329E-06	5.25641E-06	1.07323E-05	2.13072E-05	4.11326E-05	7.72097E-05	0.000140924	0.000250107	0.000748308	0.002422054	0.005891576	0.012820811	0.024959709	0.043471722	0.067736108	0.094423906	0.117758886	0.629215673																												
2.36123E-10	1.36342E-09	8.28422E-09	4.58367E-08	1.36261E-07	2.3365E-07	4.96765E-07	1.03162E-06	2.09255E-06	4.14589E-06	8.02314E-06	1.51655E-05	2.79997E-05	5.04937E-05	8.89417E-05	0.000265358	0.000866491	0.002164024	0.004921893	0.010194751	0.019230809	0.033036712	0.051686365	0.073643837	0.803790944																												
																																																				
#																																																				
1234567																																																				
