#log_sd_coh 
-1.8911e+00
#log_sd_yr  
-2.2626e+00 
1991
2014
3
15
0.2783945	0.477499746	0.607295924	0.729037188	0.847817026	0.888891394	1.007470599	1.135942717	1.12517889	1.24786931	1.23488581	1.29593043	1.23690059
0.396916465	0.474175459	0.648925189	0.712053785	0.81435741	0.982603608	1.02966723	1.20258416	1.23707135	1.27905631	1.213074171	1.36614847	1.44921634
0.493863498	0.612847277	0.657391434	0.773135592	0.931435811	1.049234615	1.19528768	1.22602586	1.41122432	1.5420923	1.65112381	1.6692468	1.56222117
0.399180269	0.649303246	0.730515051	0.745276252	0.725352386	1.051702394	1.38117202	1.32442364	1.32320393	1.38841092	1.38933409	1.30191215	1.35159441
0.376280521	0.500586427	0.731283985	0.842985647	0.851117696	0.978121091	1.23333544	1.31148923	1.40776355	1.46221145	1.40150615	1.118972006	1.34107522
0.330257301	0.437633611	0.678003639	0.789324059	0.947607282	0.948090824	1.023241761	1.096025757	1.397820351	1.49040229	1.51223165	1.72754238	1.52093831
0.326528354	0.464826188	0.553102657	0.741823623	0.890177563	1.07534219	1.095529506	1.24144521	1.348996912	1.46558697	1.63385562	1.40065407	1.35335671
0.364782047	0.583689949	0.62555613	0.621704084	0.777340242	1.033128306	1.17010209	1.24995309	1.31576248	1.42484352	1.44451639	1.54028803	1.550615191
0.400962606	0.502947428	0.638415348	0.699335953	0.728317465	0.89200349	1.033677341	1.25559701	1.25864527	1.39575185	1.009931693	0.55968868	1.24444045
0.351204054	0.525083908	0.629970923	0.732326811	0.781665117	0.80778481	0.972351623	1.014421754	1.24646066	1.28691979	1.108630238	1.21263913	1.46101646
0.325398151	0.501479928	0.664821789	0.787826946	0.96227323	0.991301753	1.06275252	1.13670161	1.31769084	1.44907409	1.55927588	1.48186166	1.46043903
0.384397342	0.507416229	0.668136255	0.795831946	0.910831328	1.027027567	1.10847407	1.10006413	1.27826051	1.44627648	1.58800238	1.329720208	1.62885482
0.486176834	0.549093964	0.649563788	0.768687272	0.863170235	0.953791453	1.082186106	1.20987242	1.21178011	1.19956036	1.383510161	1.266129871	1.69586389
0.403662315	0.581886733	0.640141822	0.763442915	0.891083614	0.927255424	1.034564361	1.176119633	1.131229322	1.168909513	1.334868719	1.282942368	1.21763264
0.352988166	0.508059356	0.639018129	0.738590157	0.882941507	0.954274593	1.06647503	1.085005358	1.229412727	1.28332432	1.26334246	1.066243939	1.396956402
0.30798562	0.447243737	0.604410485	0.754792979	0.855074417	0.955625559	1.061262025	1.116535126	1.223159778	1.240356443	1.29902248	1.392008197	1.42488327
0.344148371	0.506499022	0.641594675	0.781387324	0.959518309	1.10067284	1.18769373	1.26949338	1.31451924	1.4710229	1.43679609	1.73185484	1.50704729
0.330283753	0.519743814	0.65261406	0.772797881	0.898527139	1.043162135	1.10642242	1.22206264	1.30139406	1.41169324	1.48844522	1.50309837	1.49509068
0.345039258	0.54792906	0.688023665	0.891838363	1.020377238	1.1543083	1.40740107	1.4851379	1.63003762	1.64086614	1.82459135	2.18446942	2.29986673
0.380047159	0.488862337	0.665719343	0.917498993	1.10731911	1.25814564	1.34177904	1.59521085	1.6084086	1.85100631	1.94486832	2.05786026	2.2088775
0.289742774	0.507230581	0.663662733	0.805866692	0.971466999	1.22022132	1.34011314	1.50459706	1.57434735	1.61678669	2.11950503	1.73618332	2.25547792
0.271104412	0.409766426	0.642155122	0.823911004	0.973706497	1.17519434	1.31034404	1.52597877	1.61309214	1.64555071	1.72682798	2.03115664	2.12045477
0.291053245	0.442425084	0.565843984	0.784233927	1.11851803	1.27839921	1.42645374	1.69743184	1.84553571	1.82440357	1.93949752	2.11717364	2.08613507
0.316923702	0.45515488	0.617639328	0.751349145	0.893710217	1.15468617	1.3153538	1.384372472	1.68228584	1.80106678	1.75110776	1.68163188	2.20707309


0.022672628	0.017726911	0.015219681	0.016772931	0.013439037	0.037648132	0.019613462	0.065503654	0.030123636	0.068949975	0.044164681	0.073732708	0.049897031
0.006457115	0.018381604	0.034153338	0.023482747	0.023064775	0.021383926	0.035364293	0.03468418	0.044558646	0.05426269	0.135758984	0.075139038	0.085822116
0.009008889	0.003721389	0.018055183	0.030444082	0.034709707	0.041319814	0.031664432	0.049154492	0.056305669	0.099250429	0.114154843	0.16270427	0.120444685
0.032002296	0.012316734	0.006456949	0.021035783	0.054575036	0.12509981	0.073959885	0.066590201	0.05512452	0.067243565	0.076978582	0.147011485	0.080604226
0.01899969	0.016713138	0.014600968	0.009779267	0.023140354	0.04294559	0.072741444	0.082471803	0.072746598	0.139907651	0.084577641	0.531619026	0.085492617
0.022714425	0.043529278	0.022236432	0.014624821	0.011259428	0.019543205	0.041428077	0.061474324	0.176714398	0.105755326	0.093101711	0.119353993	0.133245584
0.029707186	0.011595668	0.00747609	0.014125256	0.016467261	0.019752803	0.036749009	0.076182135	0.136143042	0.136024711	0.228660247	0.085986231	0.094121879
0.019736453	0.028731891	0.018646377	0.00747498	0.020672629	0.027425749	0.024574397	0.055743613	0.108112546	0.126576551	0.18390627	0.23974257	0.221153837
0.004094658	0.006547	0.013326116	0.012942929	0.006185235	0.020034502	0.032181647	0.050374471	0.147235276	0.271203282	0.425007148	0.569234787	0.271902248
0.013518664	0.005300747	0.006349361	0.01618664	0.012235021	0.008665367	0.027525873	0.057738049	0.058957353	0.130323678	0.520468666	0.764017429	0.701871444
0.01506431	0.014694709	0.00807952	0.012426514	0.026234678	0.025416595	0.020469209	0.04769318	0.066652177	0.093165807	0.1304846	0.141665565	0.474680156
0.013686629	0.008629507	0.010175708	0.007218687	0.013149062	0.025154832	0.031366099	0.028581702	0.060720046	0.069360629	0.108341903	0.33545027	0.354774427
0.005117555	0.009687171	0.008919914	0.011693946	0.011242	0.020295893	0.037344372	0.056520144	0.054909569	0.069618013	0.142718746	0.360446729	0.224835701
0.01566592	0.005146707	0.007874124	0.015172632	0.01729028	0.017499957	0.032061488	0.081799178	0.062736985	0.060405192	0.139409025	0.176914939	0.114303569
0.015238581	0.006015468	0.00471816	0.007898152	0.017689032	0.029625503	0.028302122	0.047713708	0.083673961	0.075500665	0.254707922	0.373196275	0.284245407
0.012805522	0.006539548	0.005336084	0.007935876	0.012753188	0.025361725	0.038384448	0.039867742	0.088984053	0.138281366	0.122345669	0.193555832	0.105613199
0.009009944	0.009588668	0.006163316	0.006606699	0.011958045	0.023056291	0.039401657	0.052184487	0.065052112	0.127131585	0.135313386	0.11862274	0.095405866
0.010565228	0.011042949	0.010143604	0.007128073	0.012325718	0.016983189	0.025556706	0.05706461	0.069687923	0.065489013	0.077819213	0.21527045	0.084914513
0.010083542	0.012814354	0.027830916	0.017249542	0.019935767	0.028947722	0.04274243	0.055806516	0.10167265	0.121577557	0.092800265	0.298592946	0.157397112
0.023550999	0.003308458	0.009631509	0.033794516	0.028595347	0.03903238	0.043226941	0.052734446	0.068376801	0.097489278	0.148560187	0.131363702	0.114361576
0.005544528	0.012342523	0.004612864	0.010201699	0.030967562	0.041977031	0.049201755	0.050118697	0.062549418	0.090647289	0.287985069	0.155592218	0.20782737
0.008056548	0.002608192	0.014718402	0.008284274	0.021231957	0.051393102	0.084363208	0.107789046	0.088839605	0.101482582	0.129041439	0.212030949	0.452349396
0.009096054	0.004991713	0.00409719	0.019554811	0.02567029	0.035535964	0.077113695	0.091686051	0.103757888	0.124776548	0.133176717	0.183886098	0.155271946
0.018322752	0.007680206	0.007051657	0.005003472	0.015887083	0.029264262	0.05641441	0.135779064	0.161372046	0.191198879	0.159669346	0.2157072	0.17030714
