200.85153	56.99285	0.001609132111	0.08
200.93593	57.33416	0.00719561586	0.08
200.97314	57.6253	0.00978834231	0.08
201.01852	57.97464	0.004205441352	0.08
200.02227	58.28618	0.001210570319	0.08
199.7985	58.01526	0.006757501983	0.08
199.74201	57.69052	0.001563821331	0.08
199.70602	57.34125	0.01642088036	0.08
200.29546	56.68875	0.001107702305	0.08
199.64885	56.66937	0.01611433293	0.08
199.05815	56.67444	0.0596890447	0.08
199.03508	56.34667	0.001079627467	0.08
198.39218	56.32843	0.009710404768	0.08
198.40354	56.65096	0.07690198024	0.08
198.44814	56.9865	0.07562365811	0.08
198.44789	57.30906	0.06355068764	0.08
198.51468	57.65035	0.004099012705	0.08
198.5342	57.984	0.005779526402	0.08
197.30411	58.6944	0.01335414931	0.08
197.27237	58.35716	0.003200768508	0.08
197.26523	58.02696	0.001140096632	0.08
197.2696	57.68728	0.003667411505	0.08
197.25231	57.3478	0.05004597512	0.08
197.2154	57.01481	0.1958371712	0.08
197.18903	56.66986	0.03796902653	0.08
197.20952	56.35025	0.3242398493	0.08
197.20176	56.00527	0.004993782524	0.08
196.60633	55.99372	0.04185323098	0.08
196.58261	56.32909	0.03730033722	0.08
196.6019	56.64909	0.3725822087	0.08
196.60197	57.00133	0.05036759611	0.08
196.62155	57.31535	0.1147233543	0.08
196.61029	57.65533	0.002528894322	0.08
196.61618	57.98683	0.001775634774	0.08
196.63345	58.31899	0.006514746059	0.08
194.06818	59.66797	0.006641711351	0.08
193.38081	59.6672	0.000903667688	0.08
192.74963	59.67003	0.007958673971	0.08
192.72391	59.36035	0.003339785045	0.08
193.35905	59.33483	0.002682764659	0.08
196.03925	59.33907	0.000807196211	0.08
195.37387	59.33327	0.00050075859	0.08
194.70893	59.32674	1.4795887e-05	0.08
194.05958	59.33136	0.00043768274	0.08
193.4419	59.0166	0.003249241779	0.08
194.0578	59.0037	0.001668917846	0.08
194.69153	59.01031	0.0128597245	0.08
194.70898	58.68496	0.003568872154	0.08
194.71856	58.35432	0.002818896488	0.08
194.74962	58.01945	0.001728687648	0.08
194.7414	57.68252	0.02457780879	0.08
194.77535	57.34543	0.1096500217	0.08
194.77669	57.01066	0.04365783149	0.08
194.78759	56.67772	0.08751931292	0.08
194.16446	56.65689	0.1219139774	0.08
193.57943	56.67795	0.1773889243	0.08
193.58488	56.34468	0.07144107988	0.08
193.60003	56.00619	0.00023348121	0.08
193.59514	55.68473	0.000142235747	0.08
193.63082	55.36259	6.914768e-06	0.08
193.64687	55.0235	0.000392556979	0.08
192.4497	55.33674	0.000219067467	0.08
192.44383	55.66719	0.001924420529	0.08
191.83314	55.66095	0.000655393093	0.08
191.77721	55.99973	0.6137164764	0.08
192.36594	56.00762	0.000807074314	0.08
192.38042	56.33738	0.000909696156	0.08
191.77446	56.33855	0.008131594106	0.08
191.68151	56.65516	0.04085245819	0.08
192.3258	56.65396	0.1035537796	0.08
192.31978	56.97769	0.4031387627	0.08
191.66437	56.9902	0.0586848014	0.08
191.61842	57.30999	0.7581162851	0.08
192.24312	57.34135	0.1080268511	0.08
192.86539	57.33582	0.0055471831	0.08
193.53444	57.31946	0.2014699104	0.08
193.50467	57.64686	0.08344369437	0.08
193.48151	57.98603	0.01375044949	0.08
193.45335	58.32342	0.005028290409	0.08
192.87762	57.64986	0.06053903712	0.08
192.84361	57.98198	0.01034715651	0.08
192.82778	58.3323	0.01491740855	0.08
192.17366	58.33125	0.03742481596	0.08
192.15846	58.65163	0.002244513699	0.08
191.52601	58.34709	0.1054482554	0.08
191.55556	58.02437	0.2179272669	0.08
192.17405	57.99647	0.1957954577	0.08
192.24274	57.69396	0.06564141965	0.08
191.61369	57.66708	0.2072285353	0.08
191.26761	57.50975	0.03765432504	0.08
191.02265	57.35335	0.002884098035	0.08
191.38018	57.17949	0.000982526676	0.08
191.07756	57.01864	0.008308055995	0.08
191.40873	56.84641	0.2057786524	0.08
191.11141	56.68304	0.03684343933	0.08
191.14344	56.33681	0.3371099161	0.08
190.69926	56.33653	0.02189374016	0.08
189.94546	56.33384	0.3354128893	0.08
189.35565	56.34082	0.07683015477	0.08
189.26585	56.67279	0.2186012812	0.08
189.86554	56.66181	0.7056204282	0.08
189.54333	56.83561	0.1409188154	0.08
190.47502	56.65488	0.001685105777	0.08
190.45759	56.98491	0.001593445941	0.08
190.68184	57.15068	0.06798380353	0.08
190.40528	57.31138	0.1790445337	0.08
190.33682	57.65585	0.03377285673	0.08
190.6445	57.82094	0.2122762907	0.08
190.31435	57.9753	0.2629053855	0.08
190.27421	58.31949	0.1454367041	0.08
190.22408	58.64867	0.3773224514	0.08
190.67128	60.01679	0.01901093793	0.08
190.72991	59.68336	0.01306954781	0.08
190.76948	59.36072	0.008493318852	0.08
190.8371	59.02694	0.01436503542	0.08
190.15732	58.98307	0.0805023654	0.08
190.1342	59.31422	0.04527190214	0.08
190.09121	59.65473	0.008679804683	0.08
190.03759	59.98522	0.07147703398	0.08
189.97762	60.31541	0.05371789322	0.08
189.34641	60.34107	0.02418556568	0.08
189.3609	60.03167	0.1222104792	0.08
189.41304	59.6863	0.03460746128	0.08
189.45927	59.35335	0.05031256977	0.08
187.56165	59.01578	0.04683455887	0.08
187.62259	58.68922	0.3056961073	0.08
187.69625	58.35032	0.1056870425	0.08
187.74606	58.0029	0.2276452621	0.08
187.81115	57.68589	0.2053440482	0.08
187.88655	57.34208	0.1013893058	0.08
187.9434	57.01113	0.1104506139	0.08
188.01637	56.68513	0.000536951383	0.08
187.40418	56.67724	0.008734040535	0.08
187.35712	57.00957	0.02404122286	0.08
187.18485	57.32882	0.05004609618	0.08
187.21692	57.65889	0.08028193356	0.08
187.18804	58.0039	0.1013915768	0.08
187.08512	58.3141	0.1112603866	0.08
187.02068	58.66109	0.1951408441	0.08
186.93726	58.99056	0.2861283879	0.08
186.85001	59.32145	0.1843507894	0.08
187.50619	59.32015	0.09093157712	0.08
187.13821	59.49626	0.08205525177	0.08
187.42873	59.65889	0.1175285688	0.08
187.08706	59.83152	0.07046765234	0.08
187.73338	59.82699	0.05344565311	0.08
188.09389	59.66747	0.08241366812	0.08
188.74424	59.65367	0.2484967703	0.08
188.69949	59.97039	0.1502384015	0.08
188.06671	60.0023	0.32284636	0.08
187.93588	60.31376	0.113540669	0.08
188.63451	60.33568	0.1121991624	0.08
188.56346	60.64473	0.04576232872	0.08
188.49783	60.99649	0.02241988492	0.08
187.81125	60.99968	0.09843606168	0.08
187.88415	60.68481	0.1095577487	0.08
187.27716	60.66581	0.2489210295	0.08
187.16352	60.9998	0.2094329212	0.08
186.53127	60.99848	0.1718518895	0.08
185.25366	60.33078	0.02469593466	0.08
185.41028	60.01689	0.1479749157	0.08
185.55537	59.67044	0.3069161016	0.08
185.55758	59.34323	1.759524654	0.08
185.6362	59.00625	0.08239778139	0.08
185.02116	59.01104	0.120334495	0.08
185.07775	58.76205	0.01867157419	0.08
184.47222	58.67524	0.1303026325	0.08
184.2689	58.98363	0.08409797969	0.08
184.2488	59.32005	0.08181201359	0.08
183.63517	59.33352	0.05346147166	0.08
183.4762	59.65955	0.1687193722	0.08
184.10311	59.66695	0.08438389821	0.08
184.10225	60.00301	0.07603308615	0.08
183.34784	60.00054	0.06784088749	0.08
182.8135	59.99736	0.8227225935	0.08
182.61814	60.32537	0.1278896267	0.08
183.1722	60.68319	0.1953520245	0.08
183.27942	60.33399	0.1982283644	0.08
183.97262	60.32518	0.1319457403	0.08
183.80555	60.66132	0.3132350424	0.08
183.72113	60.99149	0.2159420434	0.08
184.44975	61.02299	0.1655417026	0.08
184.54027	60.68529	0.2467018511	0.08
185.1749	60.65452	0.1512598449	0.08
185.8116	60.97787	0.7661827448	0.08
185.12796	61.00248	0.3366214528	0.08
184.9766	61.34193	0.3699182945	0.08
185.63916	61.33818	0.4865767253	0.08
186.3774	61.3333	0.4460363431	0.08
186.35285	61.66961	0.07114942904	0.08
185.59922	61.66843	0.1262157874	0.08
185.50066	61.99285	0.04364906471	0.08
186.25533	61.97363	0.08607099024	0.08
186.91515	62.01951	0.1477000855	0.08
186.90768	61.68986	0.07644323739	0.08
187.06359	61.34522	0.5268795854	0.08
187.69703	61.33394	0.2543799595	0.08
187.66587	61.65069	0.06542526173	0.08
188.44805	61.69169	0.1217406678	0.08
188.49605	61.34953	0.08904782575	0.08
189.15136	61.32737	0.3600020471	0.08
189.0869	61.66214	0.1411012962	0.08
194.65426	64.34148	0.00096643975	0.08
194.68174	64.02649	0.002021212638	0.08
195.42246	64.00193	0	0.08
195.43857	64.32562	0	0.08
196.18776	64.33999	0	0.08
196.23058	64.01394	0	0.08
196.90793	64.0021	2.5768387e-05	0.08
196.8451	64.24656	0	0.08
197.69513	64.33168	0	0.08
198.41643	64.32452	0	0.08
198.47135	64.0103	0	0.08
197.71415	63.99902	0	0.08
196.97771	63.66949	0	0.08
196.21852	63.6639	0	0.08
195.45788	63.67248	0.000132586904	0.08
194.72042	63.66492	0.001323165495	0.08
194.72352	63.3328	0.000717655429	0.08
193.99035	63.33477	0.001661085144	0.08
193.23451	63.34904	0.004745793287	0.08
193.97149	63.01326	0.000932330066	0.08
193.25662	63.0176	0.006494468323	0.08
193.26773	62.6729	0.00216458893	0.08
193.25789	62.3525	0.009142596013	0.08
193.30985	62.0176	0.00149079684	0.08
192.58138	61.97795	0.004428248667	0.08
192.56273	62.32335	0.004204332396	0.08
192.55233	62.65673	0.003623932819	0.08
192.51433	62.98615	0.01893978166	0.08
192.48498	63.33041	0.03832678992	0.08
193.18943	64.01062	0.03873337392	0.08
193.2106	63.678	0.004627726431	0.08
193.93883	63.66075	0.00403057519	0.08
193.94576	63.99075	0.000498750113	0.08
192.50843	63.6825	0.01792302485	0.08
191.7457	63.68253	0.01977729775	0.08
191.73516	63.35289	0.01478018322	0.08
191.78331	63.0183	0.01889403873	0.08
191.17245	62.88519	0.04116419793	0.08
191.13023	62.67784	0.05901335965	0.08
191.82114	62.68036	0.01092077531	0.08
191.85961	62.35588	0.01584543583	0.08
191.15141	62.34609	0.05588089972	0.08
191.15817	62.01017	0.05500079527	0.08
191.87695	62.01081	0.005744121443	0.08
191.91295	61.67864	0.008164666314	0.08
191.22238	61.66567	0.01409354979	0.08
191.23244	61.3408	0.01126269827	0.08
191.88907	61.329	0.01115522869	0.08
192.60871	61.33932	0.003789141424	0.08
192.60022	61.65455	0.001157213093	0.08
193.25696	61.6592	0.000485207434	0.08
193.32434	61.34322	0.000362119011	0.08
193.35084	61.0111	0.000245124585	0.08
193.3775	60.67659	0.002768761099	0.08
192.69742	60.66506	0.002775425921	0.08
192.6606	61.00198	0.01047523819	0.08
191.98989	60.99756	0.01239371024	0.08
191.31094	60.99762	0.01693125746	0.08
191.98161	60.6782	0.005565726802	0.08
191.32675	60.66753	0.004219132771	0.08
190.65431	60.67605	0.002597459887	0.08
201.58869	57.32795	0.003436369971	0.08
201.65863	57.64321	0.002234365137	0.08
201.68339	57.97848	0.004044928013	0.08
200.44514	58.35607	0.000515211866	0.08
200.39428	58.0196	0.008451372435	0.08
200.37311	57.68052	0.00513964296	0.08
200.33784	57.34794	0.01309099555	0.08
200.30297	57.01791	0.02116295827	0.08
199.68436	57.00733	0.005512793848	0.08
199.07228	56.9897	0.005362189439	0.08
199.07077	57.32342	0.05656667984	0.08
199.11787	57.65181	0.04348709528	0.08
199.14198	57.99668	0.01840755947	0.08
199.1985	58.28448	0.001628508547	0.08
198.46268	58.20955	0.004899963585	0.08
197.95564	58.3183	0.001287380577	0.08
197.89877	57.98022	0.006332938345	0.08
197.87363	57.6835	0.002660328111	0.08
197.85491	57.35094	0.05636939205	0.08
197.83519	57.00829	0.09840606162	0.08
197.81907	56.67773	0.02443120351	0.08
197.81876	56.34555	0.09429100848	0.08
197.73828	56.00455	0.102973752	0.08
197.19212	55.67768	0.001972691626	0.08
196.59897	55.66445	0.006405238544	0.08
196.60964	55.34481	0.001858522327	0.08
195.9983	55.35143	0.000889501325	0.08
195.45673	55.3485	0.05768697015	0.08
195.42983	55.05511	0.001392383711	0.08
194.86198	54.71069	3.628177879	0.08
194.84173	54.98716	0.05504879864	0.08
194.83349	55.30889	0.1411103693	0.08
194.82765	55.64897	0.001365482608	0.08
195.4125	55.66857	0.1584959514	0.08
195.99401	55.67489	0.5865594063	0.08
195.9664	55.98878	0.1237547992	0.08
195.9902	56.32087	0.543529157	0.08
195.99075	56.65284	0.4113462341	0.08
195.96867	56.98288	0.2983252043	0.08
195.97648	57.3319	0.1250667764	0.08
195.99335	57.64376	0.004084571982	0.08
195.9902	57.97735	0.003286084948	0.08
195.9675	58.32342	0.001957124282	0.08
195.99347	58.65326	2.201417e-06	0.08
196.6539	58.66036	0.004891182763	0.08
196.67799	58.97995	0.001876559719	0.08
196.02419	59.005	0.001946965955	0.08
195.36031	59.00764	0.000782475038	0.08
195.33285	58.69292	0.003437047481	0.08
195.36929	58.35141	0.004850017367	0.08
195.40066	58.01659	0.001725885192	0.08
195.38149	57.67419	0.001851610473	0.08
195.39831	57.343	0.05313812852	0.08
195.40148	57.00837	0.2734572581	0.08
195.42061	56.68538	0.02635370288	0.08
195.42444	56.3503	0.3134677787	0.08
195.42223	56.00138	0.1339899629	0.08
194.83329	55.98544	0.1814059939	0.08
194.81001	56.33786	0.03687680457	0.08
194.20817	56.33603	0.08232077615	0.08
194.2051	56.0232	0.007795290118	0.08
194.19195	55.67362	0	0.08
194.21149	55.35226	0.000211250632	0.08
194.23509	55.00953	0.004616102117	0.08
194.45421	54.83603	0.001625376118	0.08
193.0691	54.99162	0.001036559952	0.08
193.03234	55.33839	0.000351984719	0.08
193.02371	55.64734	0.001035410554	0.08
192.99449	55.97586	0.001253754056	0.08
192.98194	56.3255	0.01367787837	0.08
192.93583	56.66005	0.2834003203	0.08
192.91466	56.98914	0.2488314865	0.08
193.52479	57.01591	0.03370114431	0.08
194.15931	56.98066	0.1233481552	0.08
194.13526	57.3211	0.7099383906	0.08
194.11997	57.6547	0.06399267938	0.08
194.1003	57.98913	0.01672346517	0.08
194.08888	58.30233	0.001679813486	0.08
194.08535	58.65403	0.007078942377	0.08
193.45105	58.66097	0.001457536265	0.08
192.79309	58.66119	0.002589826885	0.08
192.78421	58.98579	0.002576690364	0.08
192.11198	58.98153	0.004294659436	0.08
192.09503	59.31513	0.0033638062	0.08
192.05343	59.6608	0.001055251476	0.08
192.01986	59.98668	0.01063031444	0.08
191.3731	59.98951	0.009327433501	0.08
192.76755	60.33941	0.01264969109	0.08
192.04933	60.33417	0.0096946881	0.08
191.36795	60.33508	0.001920600049	0.08
190.71224	60.3361	0.02908957132	0.08
191.38557	59.68079	0.008421007183	0.08
191.44647	59.35086	0.005551356171	0.08
191.47145	59.02088	0.001949880646	0.08
191.5128	58.68452	0.009020193676	0.08
190.87569	58.68142	0.08262640942	0.08
190.89231	58.33836	0.1370052129	0.08
190.94543	58.0113	0.1645466126	0.08
191.25153	57.83691	0.2777592931	0.08
190.97892	57.67412	0.1426971655	0.08
190.62159	57.50145	0.0194017825	0.08
190.69902	56.84555	0.007408556955	0.08
190.10256	56.82388	0.00025595618	0.08
189.7858	57.03026	0.008372222709	0.08
189.21429	56.98782	0.01619020578	0.08
189.53483	57.10288	0	0.08
190.16758	57.166	1.0901556e-05	0.08
189.8296	57.32315	0.000590281527	0.08
190.01524	57.48941	1.130239641	0.08
189.47678	57.49167	0.01486605182	0.08
189.16788	57.35019	0.0291359637	0.08
189.09575	57.65666	0.06767961862	0.08
189.36997	57.82782	1.048999651	0.08
189.70806	57.66794	5.933468933	0.08
189.98514	57.80848	0.5624534458	0.08
189.00217	57.99665	0.2516760972	0.08
189.65251	57.99431	0.132940483	0.08
189.6219	58.31121	0.469609436	0.08
188.98754	58.33581	0.8531449511	0.08
188.92296	58.65002	0.4406459662	0.08
189.56694	58.66222	0.4838344478	0.08
189.52351	58.99168	0.2966110225	0.08
188.89353	58.99376	0.6244649306	0.08
188.81915	59.31305	0.268988268	0.08
188.17299	59.3445	0.2055837755	0.08
188.219	59.00969	0.29539635	0.08
188.28417	58.6821	0.1541466202	0.08
188.34828	58.34597	0.08665840738	0.08
188.40022	58.01341	0.2227396767	0.08
188.46764	57.67237	0.1412527743	0.08
188.52452	57.34686	0.07471398674	0.08
188.60618	57.0202	0.04350188064	0.08
188.6413	56.68099	1.648788471	0.08
186.76571	56.98109	0.2842942571	0.08
186.69675	57.31562	0.00238752991	0.08
186.5985	57.69571	0.0881904641	0.08
186.52709	58.00709	0.03055010221	0.08
186.43303	58.32507	0.01907156503	0.08
185.71589	58.33233	0.06934438175	0.08
185.72573	58.6584	0.007482942945	0.08
186.37627	58.65356	0.08029663774	0.08
186.2918	58.97838	0.1148369053	0.08
186.19396	59.3074	0.2353049825	0.08
186.5149	59.48009	0.1574418893	0.08
186.13701	59.65812	0.08277592061	0.08
185.77298	59.80352	0.1175523399	0.08
185.62587	60.13656	0.1107500778	0.08
185.90683	60.32021	0.1827938969	0.08
186.23428	60.14588	0.2097216576	0.08
186.05804	60.02807	0.1420742888	0.08
186.76035	59.64903	0.0898788377	0.08
186.42743	59.82322	0.08089040963	0.08
186.70602	60.00824	0.2121304985	0.08
187.30563	59.99665	0.2948988103	0.08
187.63428	60.15575	0.009869987905	0.08
187.02423	60.15574	0.02661521142	0.08
186.61977	60.30535	0.1560039053	0.08
186.53422	60.65047	0.01413162872	0.08
185.87961	60.68084	1.663417009	0.08
184.60684	60.34982	0.1689034054	0.08
184.75125	60.01306	0.2492224044	0.08
184.87671	59.68074	0.250706041	0.08
184.90313	59.35162	0.3967526755	0.08
183.68054	59.02177	0.1087448557	0.08
183.84133	58.66973	0.1653839533	0.08
183.21402	58.66424	1.469944064	0.08
182.48242	58.98276	0.03759293447	0.08
183.06313	58.98671	0.01451457039	0.08
182.9446	59.31536	0.1520448697	0.08
182.86951	59.64438	0.09172419579	0.08
182.10452	59.99504	0.7725209855	0.08
183.55189	61.68769	0.1918028703	0.08
183.07287	61.35144	0.3612662393	0.08
181.81281	60.64665	0.2497639532	0.08
182.43796	60.66694	0.5306578209	0.08
182.32776	61.0005	0.1325733539	0.08
182.99675	61.00589	0.3652547478	0.08
183.67213	61.31936	0.1705871943	0.08
184.29525	61.33385	0.2573593081	0.08
184.23618	61.64741	0.1082261122	0.08
184.91978	61.64689	0.03927567419	0.08
184.84835	61.99138	0.03258748509	0.08
184.21978	61.99953	0.08567626801	0.08
184.6659	62.30649	0.1582547985	0.08
185.40242	62.33363	0.04297374889	0.08
186.10997	62.3338	0.05357216325	0.08
186.81732	62.33432	0.07137929331	0.08
187.52963	62.33659	0.09513925602	0.08
187.62487	62.02148	0.1017459683	0.08
188.34799	61.97314	0.05754499405	0.08
188.27583	62.3127	0.05502116899	0.08
188.92715	62.34143	0.03826408012	0.08
189.01883	62.01016	0.07999023539	0.08
193.98447	64.33135	0.001352154084	0.08
193.17331	64.32683	0.007798746766	0.08
193.1929	64.64538	0.008047064173	0.08
192.39746	64.66144	0.02854702094	0.08
192.36696	64.99464	0.01535315261	0.08
192.34127	65.29108	0.01907086257	0.08
191.6411	65.33323	0.04477634442	0.08
191.10497	65.23569	0.3206922771	0.08
190.07649	65.00346	0.06594480591	0.08
190.85973	65.00613	0.6508871891	0.08
191.64018	65.01327	0.1692791353	0.08
191.63738	64.67403	0.08310296514	0.08
191.65073	64.32949	0.03805397379	0.08
192.36847	64.32765	0.02214787411	0.08
192.45762	64.00734	0.02500395429	0.08
191.74477	64.01826	0.01167854235	0.08
190.9347	63.95853	0.02380419103	0.08
191.00143	63.67969	0.02430712147	0.08
190.24867	63.64422	0.03144389266	0.08
190.23309	63.97691	0.01592205261	0.08
190.17828	64.29052	0.02354773172	0.08
190.92697	64.31723	0.04241588011	0.08
190.88992	64.65492	0.1844262891	0.08
190.12805	64.65048	0.08027411063	0.08
189.37683	64.64478	0.1056565311	0.08
189.41671	64.34217	0.07948299423	0.08
188.91769	64.24084	0.05398633496	0.08
189.44123	64.00583	0.003250691404	0.08
188.94991	63.69896	0	0.08
188.63057	64.03936	0.1552058449	0.08
188.00413	64.0086	0.1526349989	0.08
187.25066	63.65857	0.09388166391	0.08
187.93844	63.70331	0.1753249412	0.08
187.99434	63.30671	0.09971186684	0.08
187.37946	63.32958	0.1247937541	0.08
186.62169	63.33568	0.1723072849	0.08
187.3905	63.03515	0.1713420974	0.08
186.7166	63.02231	0.07949992411	0.08
186.02012	63.00002	0.1353038007	0.08
185.39291	62.67695	0.1439493744	0.08
186.09168	62.6431	0.09019885994	0.08
186.80502	62.67963	0.2411953565	0.08
187.46455	62.66838	0.1671067828	0.08
188.15122	62.66478	0.2206103849	0.08
188.19501	62.9616	0.1601956638	0.08
188.87039	63.27878	0.000780216733	0.08
188.87353	63.01457	0.2591457885	0.08
189.47939	62.95381	0.7923023706	0.08
188.90905	62.68828	0.1312788855	0.08
189.64359	62.67244	0.2671024264	0.08
190.3297	62.67695	0.09894455403	0.08
190.40645	62.35878	0.05094158533	0.08
189.74105	62.32116	0.02997297238	0.08
189.73096	61.99812	0.06933978396	0.08
190.41369	61.99596	0.05051337819	0.08
190.50448	61.68279	0.01308222974	0.08
189.83989	61.6742	0.06955341603	0.08
189.82946	61.34999	0.07517916039	0.08
190.5399	61.33962	0.009611569402	0.08
190.59003	61.01003	0.01087514556	0.08
189.9531	60.99273	0.06148664712	0.08
189.25594	60.99418	0.1323451927	0.08
189.21654	60.68104	0.2896419469	0.08
189.89151	60.67623	0.03338925684	0.08
200.85153	56.99285	0.001609132111	0.08
