184.19344 62.00035 0.00302047957666667 0.03
184.827985 61.999075 0.00803345830666667 0.03
184.920405 61.65876 0.001410657644 0.03
184.234075 61.65933 0.00392218529 0.03
184.320365 61.33526 0.01791981816 0.03
183.69002 61.327305 0.00129363086 0.03
182.351685 61.000705 0.000809252507333333 0.03
181.83438 60.65082 0.0005604910306 0.03
183.549455 61.681125 0.0106716229133333 0.03
182.10495 60.00657 0.00396295570466667 0.03
182.8679 59.65589 0.00471431375533333 0.03
183.061775 58.998565 0.00347823291333333 0.03
182.46668 58.99139 0.00296313855666667 0.03
183.700615 59.016675 0.0006415657552 0.03
184.90311 59.33945 0.00263788330666667 0.03
184.886465 59.66951 0.01184585612 0.03
184.761315 60.002235 0.001559834998 0.03
184.61165 60.33795 0.00118051505533333 0.03
185.876715 60.66855 0.0132276250866667 0.03
186.5318 60.66273 0.003600976684 0.03
186.619655 60.299305 0.208951038666667 0.03
187.00477 60.16502 0.0669128892666667 0.03
187.656785 60.162575 0.2422559878 0.03
187.330925 59.9942 0.103176704666667 0.03
186.730805 60.004275 0.102534277866667 0.03
186.4477 59.83169 0.005079652236 0.03
186.768315 59.661225 0.005234937112 0.03
186.063305 60.015595 0.00148044147133333 0.03
186.235115 60.133465 0.00321688290133333 0.03
185.933035 60.32013 0.00132022219133333 0.03
185.64341 60.14718 0.00157983266333333 0.03
186.145495 59.668835 0.0150852367466667 0.03
186.49008 59.483925 0.02019520972 0.03
186.284135 58.99066 0.002297638364 0.03
186.376385 58.66677 0.0163666130933333 0.03
185.73012 58.671315 0.0002493753304 0.03
185.70606 58.34423 0.0003674860662 0.03
186.40986 58.33021 0.0464948384933333 0.03
186.51073 58.016445 0.00369766908666667 0.03
186.591095 57.708985 0.00257830581733333 0.03
188.031825 56.67602 0.01086883646 0.03
187.809175 57.67354 0.00968652442 0.03
187.75402 57.990875 0.02846265396 0.03
187.70254 58.33779 0.001826281878 0.03
187.624695 58.67681 0.001104829694 0.03
187.56016 59.003025 0.0104512615533333 0.03
189.46103 59.34016 0.0291161559533333 0.03
189.416395 59.673965 0.0146465484066667 0.03
189.362895 60.019235 0.00762716452666667 0.03
189.335505 60.329275 0.0068586603 0.03
189.972835 60.32774 0.03725465912 0.03
190.035605 59.99773 0.02917528534 0.03
190.09114 59.667285 0.0196423870533333 0.03
190.13483 59.326855 0.02692507152 0.03
190.155045 58.99541 0.0345044382866667 0.03
190.83458 59.014705 0.285297009666667 0.03
190.77157 59.348025 0.127862088333333 0.03
190.728755 59.67059 0.0452050889066667 0.03
190.6655 60.00377 0.0441508568333333 0.03
190.21879 58.660985 0.0123915964466667 0.03
190.274075 58.3313 0.02666533478 0.03
190.311775 57.98737 0.0263785034333333 0.03
190.63742 57.83261 0.0874464167333333 0.03
190.331345 57.66851 0.0591355754 0.03
190.39761 57.32356 1.283411494 0.03
190.68152 57.16296 0.106202829333333 0.03
190.458335 56.99697 0.826479132666667 0.03
190.473685 56.667555 0.385914768733333 0.03
189.86586 56.67481 0.00860146808666667 0.03
190.676035 56.336225 0.0259456637333333 0.03
191.12118 56.33292 0.04898734256 0.03
191.104235 56.67072 0.0498217806 0.03
191.401935 56.834265 0.0353053342466667 0.03
191.057235 57.011905 0.0265608779266667 0.03
191.370785 57.167805 0.183358795266667 0.03
191.01701 57.34162 0.282852348066667 0.03
191.26817 57.497375 0.0691566877333333 0.03
191.59292 57.661525 0.122270450333333 0.03
192.240935 57.68131 0.0257362666333333 0.03
192.192025 57.987935 0.0130181755866667 0.03
191.555845 58.01197 0.0276114945533333 0.03
191.53745 58.33599 0.00419694871866667 0.03
192.148985 58.663205 0.440349647066667 0.03
192.15863 58.34164 0.0566169170333333 0.03
192.81069 58.341825 0.4824391564 0.03
192.83961 57.994255 0.02305889242 0.03
192.864345 57.6604 0.00973100789333333 0.03
193.44873 58.33564 0.836847486666667 0.03
193.477455 57.99875 0.03310764948 0.03
193.502165 57.65962 0.00592134423133333 0.03
193.53112 57.331645 0.0159191926333333 0.03
192.888765 57.33578 0.0121050909133333 0.03
192.266635 57.34203 0.0375455080066667 0.03
191.618585 57.32237 0.0636786537866667 0.03
191.6503 56.99981 0.140737632266667 0.03
192.313805 56.989805 0.0747286432666667 0.03
192.31836 56.66614 0.01140267596 0.03
191.70451 56.653165 0.00280539852 0.03
191.75144 56.339865 0.00237776318 0.03
186.253595 61.985535 0.145348531733333 0.03
185.500565 62.00527 0.000985572853333333 0.03
185.57272 61.670065 0.004022841044 0.03
186.32726 61.669475 0.0449299232266667 0.03
186.402935 61.331375 0.0161667954066667 0.03
185.665205 61.337475 0.01090424202 0.03
185.002155 61.342035 0.00713052157333333 0.03
185.12059 61.014575 0.01321079086 0.03
185.81443 60.98989 0.0349696166466667 0.03
185.173355 60.667645 0.00242938915 0.03
184.4447 61.01047 0.001409970662 0.03
183.9732 60.337535 0.000137045044733333 0.03
184.129415 59.666825 0.00343564542133333 0.03
184.44637 58.676075 0.00926099649333333 0.03
185.063085 58.751705 0.003401056552 0.03
184.996405 59.00647 0.00183422492333333 0.03
185.63052 58.994165 0.000712703982 0.03
185.554805 59.330835 0.00485670420666667 0.03
185.54683 59.65837 0.0373574764533333 0.03
185.400295 60.00487 0.000581520443333333 0.03
186.505035 60.999765 0.0932842899333333 0.03
187.19023 61.00004 0.01411545916 0.03
187.251185 60.666925 0.0725340180666667 0.03
187.887915 60.67206 0.00906827335333333 0.03
187.83769 61.000775 0.00569362074466667 0.03
188.524455 60.99637 0.00888940928666667 0.03
188.56772 60.657095 0.0116697372333333 0.03
188.660335 60.33778 0.0130491709333333 0.03
187.9393 60.326695 0.417624070333333 0.03
188.048665 60.002165 0.1895501778 0.03
188.697835 59.98294 0.0132228073266667 0.03
188.75148 59.665555 0.0279426680266667 0.03
188.11863 59.66327 0.006552597806 0.03
187.754225 59.834765 0.03926085712 0.03
187.10011 59.83709 0.1006492486 0.03
187.4356 59.671175 0.0240428446733333 0.03
187.11867 59.504365 0.0187564445666667 0.03
187.49872 59.33234 0.0398254136933333 0.03
186.84728 59.33412 0.00520868804866667 0.03
186.933765 59.003535 0.01328949342 0.03
187.014435 58.6745 0.00683213766 0.03
187.07877 58.326435 0.02996851892 0.03
187.16513 58.008515 0.0130276320466667 0.03
187.18123 57.342085 0.002280439954 0.03
187.385495 56.68461 0.00103386039266667 0.03
188.526405 57.34001 0.000888665286 0.03
188.46356 57.659995 0.003709317118 0.03
188.351205 58.33301 0.00246824244933333 0.03
188.28973 58.669605 0.0126530008666667 0.03
188.213885 58.997585 0.00257533141133333 0.03
188.171145 59.33174 0.00340529579533333 0.03
188.81762 59.32573 0.00974126192 0.03
188.881795 58.999705 0.000742364945333333 0.03
189.519425 59.00371 0.0213272563933333 0.03
189.567035 58.672935 0.00478741509266667 0.03
188.922205 58.6585 0.0531694429866667 0.03
188.9856 58.341925 0.06273750778 0.03
189.620755 58.32 0.0623696033533333 0.03
189.659575 58.002205 0.0342397817133333 0.03
189.017675 57.99585 0.0234135491733333 0.03
189.993385 57.815155 0.0255015229 0.03
189.71572 57.670965 0.0320685497333333 0.03
189.38892 57.835065 0.0517431993733333 0.03
189.158265 57.33899 0.0245038104 0.03
189.45384 57.494325 0.0707915687333333 0.03
190.012825 57.501705 0.352042333 0.03
189.83329 57.331325 0.952196952666667 0.03
190.15259 57.156285 2.41437326266667 0.03
189.52976 57.11589 0.969390056 0.03
189.79878 57.01874 0.641441568266667 0.03
190.097955 56.836065 0.170798117866667 0.03
190.701775 56.838385 0.0292476336733333 0.03
190.63386 57.5099 0.0795128483333333 0.03
190.965995 57.663775 0.0705619332 0.03
191.262165 57.82608 0.0872123689333333 0.03
190.947955 57.998925 0.0542870044533333 0.03
190.89222 58.325565 0.02658228282 0.03
190.864835 58.67059 0.0347970292066667 0.03
191.511325 58.672935 0.2994557382 0.03
191.470825 59.008685 0.212123227533333 0.03
191.445205 59.338415 0.168073976666667 0.03
191.38391 59.668125 0.1916864068 0.03
190.68669 60.33717 0.0954437023333333 0.03
191.34121 60.336065 0.117226337466667 0.03
192.02286 60.334885 0.0235713256066667 0.03
192.742055 60.336595 0.03709436484 0.03
191.35327 59.997175 0.136459904533333 0.03
192.00171 59.99753 0.779606097333333 0.03
192.047565 59.673225 0.217611343933333 0.03
192.09172 59.32744 0.3797414472 0.03
192.104 58.99315 0.1884688138 0.03
192.76994 58.9959 0.4058444584 0.03
192.77523 58.66974 0.3708112706 0.03
193.434255 58.6697 0.970847907333333 0.03
194.06263 58.65884 0.580043253466667 0.03
194.08758 58.314775 0.474879555733333 0.03
194.099555 58.001765 0.156578429266667 0.03
194.12047 57.667605 0.0196340868066667 0.03
194.133995 57.33336 0.0477510575133333 0.03
194.15535 56.99247 0.03102490368 0.03
193.53235 57.00364 0.0237022151666667 0.03
192.906 57.00089 0.0175725249866667 0.03
192.92712 56.671915 0.00690952843333333 0.03
193.58652 56.33174 0.00148623944666667 0.03
193.584195 56.66593 0.00794565433333333 0.03
194.1426 56.658075 0.00950720296 0.03
194.77234 56.66824 0.04468399252 0.03
194.77393 56.99811 0.0241480153666667 0.03
194.775105 57.33343 0.0117186154466667 0.03
194.74393 57.670055 0.147433387266667 0.03
194.7503 58.007695 0.05731015358 0.03
194.715895 58.342135 0.139091862466667 0.03
194.70376 58.672615 0.1005071188 0.03
194.708565 59.0009 0.532522264866667 0.03
194.08241 59.00403 0.482556201466667 0.03
193.426795 59.006985 0.257480640333333 0.03
194.036215 59.33522 0.108463878533333 0.03
194.682085 59.3249 0.0374807367533333 0.03
195.34677 59.33264 0.00875380165333333 0.03
196.013815 59.339775 0.00301172051466667 0.03
193.384165 59.3352 0.247274681733333 0.03
192.72814 59.348435 0.0732949756 0.03
192.725635 59.66516 0.131603203266667 0.03
193.354675 59.667515 0.120202366533333 0.03
194.06569 59.654625 0.108078367733333 0.03
196.63776 58.33169 0.328401560066667 0.03
196.616545 57.999925 0.120622799066667 0.03
196.611315 57.66848 0.200193077533333 0.03
196.61867 57.3285 0.223230409933333 0.03
196.589135 57.011385 0.184341408466667 0.03
196.60241 56.66181 0.0612492289466667 0.03
196.5844 56.341905 0.1634251866 0.03
196.60837 56.006375 0.0937667577333333 0.03
197.19715 55.99238 0.134271738266667 0.03
197.20973 56.337575 0.1472728466 0.03
197.18894 56.657335 0.120918930133333 0.03
197.21517 57.00219 0.1546930564 0.03
197.247765 57.335665 0.193412260266667 0.03
197.268275 57.67432 0.2337473246 0.03
197.26447 58.01388 0.2509621088 0.03
197.27205 58.34465 0.19987324 0.03
197.29619 58.682715 0.476701115 0.03
198.524275 57.99547 0.718111864666667 0.03
198.51371 57.66287 0.239699628 0.03
198.446435 57.32176 0.127651249066667 0.03
198.45026 56.998895 0.309372613666667 0.03
198.40482 56.66329 0.1238589246 0.03
198.388185 56.34064 0.569392618733333 0.03
199.019275 56.337545 0.741861258 0.03
199.037885 56.668765 0.369941463133333 0.03
199.626885 56.665545 1.244524262 0.03
200.27554 56.682295 0.740979238666667 0.03
199.70255 57.328155 0.487373690533333 0.03
199.738985 57.67785 2.17127290133333 0.03
199.78977 58.00326 1.03169257933333 0.03
200.01017 58.27461 0.458814669266667 0.03
201.02078 57.98709 0.152858180133333 0.03
200.971905 57.63733 0.690386588 0.03
200.940985 57.346585 1.54032120533333 0.03
200.86373 57.00388 0.542324640266667 0.03
194.25505 55.005385 0.0002820634494 0.03
194.20697 56.01064 0.00078831482 0.03
194.20173 56.32362 0.00601037836133333 0.03
194.78865 56.33626 0.0138264086266667 0.03
194.8109 55.98287 0.0364358806533333 0.03
195.422885 55.98851 0.0132406163266667 0.03
195.422085 56.338075 0.0399080662266667 0.03
195.41888 56.672795 0.0484801992333333 0.03
195.387 56.999015 0.0154378849 0.03
195.382395 57.33372 0.05466337504 0.03
195.36626 57.664385 0.160977789666667 0.03
195.385845 58.006375 0.168120903 0.03
195.35489 58.34169 0.2024669216 0.03
195.34906 58.683295 0.219076718333333 0.03
195.357995 58.99485 0.0658519665933333 0.03
195.998995 59.00585 0.142849488533333 0.03
196.65607 58.986895 0.0266691840866667 0.03
196.656695 58.67313 0.309078024866667 0.03
196.01189 58.661635 0.227204465733333 0.03
195.992175 58.325555 0.0583039050533333 0.03
195.98453 57.98949 0.0840036602666667 0.03
195.990765 57.655995 0.0746267134 0.03
195.99778 57.337265 0.0972195598 0.03
195.968775 56.99533 0.0359995369733333 0.03
195.986865 56.66518 0.00838533346666667 0.03
195.989435 56.33301 0.05372243168 0.03
195.96055 56.001385 0.0131637889733333 0.03
195.993385 55.687125 0.0662932450266667 0.03
195.434805 55.668895 0.04682802776 0.03
194.835085 55.32119 0.000796138252 0.03
194.840965 54.999705 0.0425817086533333 0.03
194.85787 54.703735 0.04131250128 0.03
195.421825 55.043145 0.1347654732 0.03
195.444895 55.33744 0.0771533190666667 0.03
195.98127 55.34299 0.0361713863866667 0.03
196.586715 55.34477 0.0696398238666667 0.03
196.578855 55.65821 0.114002363133333 0.03
197.1742 55.6748 0.105006878266667 0.03
197.717215 56.00242 0.0233184117466667 0.03
197.810255 56.33346 0.2153970492 0.03
197.81588 56.665105 0.267388583266667 0.03
197.835535 56.99535 0.244383200733333 0.03
197.855455 57.33881 0.362153512133333 0.03
197.87481 57.67123 0.1906854734 0.03
197.892755 57.992125 0.114668340266667 0.03
197.95579 58.30581 0.659514477266667 0.03
198.455355 58.22118 0.0780183761333333 0.03
199.17312 58.286685 0.0596349508533333 0.03
199.130785 58.00852 0.793238673333333 0.03
199.118145 57.66393 0.116551189933333 0.03
199.072925 57.335935 0.1878224924 0.03
199.053385 56.996805 0.156370967666667 0.03
199.665175 57.00004 0.773487633333333 0.03
200.303 57.00525 1.314540926 0.03
200.333915 57.33502 0.446325520733333 0.03
200.374615 57.66768 1.37788747333333 0.03
200.39866 58.007205 0.3379106206 0.03
200.44552 58.34331 0.00400662516333333 0.03
201.680205 57.991035 0.3631803202 0.03
201.656085 57.65599 1.821174824 0.03
201.58869 57.339565 0.114527867 0.03
