183.021185 61.007415 0 0.08
182.462425 60.668315 0 0.08
183.0543 61.34204 0 0.08
184.547295 60.673685 0 0.08
183.71912 61.00421 0 0.08
183.797865 60.6735 0 0.08
183.301495 60.32844 0 0.08
183.177405 60.67027 0 0.08
182.64008 60.33242 0 0.08
182.794835 60.006695 0 0.08
183.32255 60.00062 0 0.08
184.07728 60.000035 0 0.08
182.94415 59.327425 0 0.08
183.189765 58.662475 0 0.08
183.81902 58.66701 0 0.08
183.50214 59.659945 0 0.08
183.61819 59.343195 0 0.08
184.24536 59.33302 0 0.08
184.267185 58.997115 0 0.08
185.27973 60.32847 0 0.08
185.77098 59.8172 0 0.08
186.200645 59.32022 0 0.08
186.70089 57.32767 0 0.08
186.767395 56.99321 0 0.08
189.211915 57.000875 0 0.08
189.099825 57.66848 0 0.08
192.9714 56.336775 0 0.08
192.993385 55.988015 0 0.08
193.019725 55.65915 0 0.08
193.031835 55.350625 0 0.08
193.06765 55.00346 0 0.08
188.65334 56.67088 0 0.08
188.60803 57.007405 0 0.08
188.40052 58.00116 0 0.08
187.217955 57.671875 0 0.08
187.342755 57.02018 0 0.08
187.94608 56.99944 0 0.08
187.888265 57.32965 0 0.08
189.5383 56.847795 0 0.08
189.26745 56.65996 0 0.08
189.33299 56.34349 0 0.08
189.92277 56.335725 0 0.08
192.35931 56.3407 0 0.08
192.388515 56.006235 0 0.08
191.773235 56.011885 0 0.08
191.81534 55.66864 0 0.08
192.421875 55.66751 0 0.08
192.44062 55.34903 0 0.08
194.475545 54.834445 0 0.08
194.21285 55.340175 0 0.08
194.19649 55.661835 0 0.08
193.65059 55.011455 0 0.08
193.643295 55.352225 0 0.08
193.601385 55.67271 0 0.08
193.598995 55.998665 0 0.08
194.8275 55.661495 0 0.08
