# Number of parameters = 929 Objective function value = 29164.6094459594  Maximum gradient component = 0.00111061666455962
# log_avgrec:
9.93162853720
# log_avginit:
4.85674665994
# log_avg_F:
-1.49556472364
# natmort_phi:
0.00000000000
# log_q_bts:
0.00000000000
# log_q_std_area:
-0.151396625158
# bt_slope:
0.00000000000
# log_q_eit:
-1.07386421135
# log_Rzero:
9.89927733512
# steepness:
0.685608116761
# log_q_cpue:
0.0373137222750
# log_q_avo:
-9.61563324412
# log_initdevs:
 3.30948415910 2.85390710730 1.31721905113 0.478484699576 1.14444348330 0.349628240084 -0.784983494638 -1.24024333752 -1.23302140785 -1.23551242597 -1.23747225744 -1.23901401827 -1.24054944056 -1.24237316606
# log_rec_devs:
 -1.12850121262 0.0437087465280 -0.288382973544 0.225580068847 0.0789988569169 0.239145998746 0.132434928754 -0.345064333009 -0.541899371615 0.268841370932 -0.0332090475422 -0.184536847833 -0.445704716540 -0.379332444479 0.281297232771 1.12270452821 0.294110720610 0.410631431300 -0.232180987006 0.926482069072 -0.421678806958 0.510339468116 -0.356343887223 -0.978443352768 -1.32148643970 -0.627958885669 0.858672392342 0.213807727814 0.0968390408899 0.819094995181 -0.257536021283 -0.635420901874 0.107078094772 0.416944102696 -0.283361950749 -0.201899174602 0.225767513684 0.555302477660 0.146004391103 -0.349718604306 -1.14369225233 -1.46562890165 -0.539595998984 0.231438078373 -0.361211450991 1.00346179766 0.0770154759536 -0.434129298911 -0.613708167102 1.13319159631 0.447473970767 -0.119480072804 -0.0826234897307
# larv_rec_devs:
 0.00000000000 0.00000000000 0.00000000000 0.00000000000 0.00000000000 0.00000000000 0.00000000000 0.00000000000 0.00000000000 0.00000000000 0.00000000000
 0.00000000000 0.00000000000 0.00000000000 0.00000000000 0.00000000000 0.00000000000 0.00000000000 0.00000000000 0.00000000000 0.00000000000 0.00000000000
 0.00000000000 0.00000000000 0.00000000000 0.00000000000 0.00000000000 0.00000000000 0.00000000000 0.00000000000 0.00000000000 0.00000000000 0.00000000000
 0.00000000000 0.00000000000 0.00000000000 0.00000000000 0.00000000000 0.00000000000 0.00000000000 0.00000000000 0.00000000000 0.00000000000 0.00000000000
 0.00000000000 0.00000000000 0.00000000000 0.00000000000 0.00000000000 0.00000000000 0.00000000000 0.00000000000 0.00000000000 0.00000000000 0.00000000000
 0.00000000000 0.00000000000 0.00000000000 0.00000000000 0.00000000000 0.00000000000 0.00000000000 0.00000000000 0.00000000000 0.00000000000 0.00000000000
 0.00000000000 0.00000000000 0.00000000000 0.00000000000 0.00000000000 0.00000000000 0.00000000000 0.00000000000 0.00000000000 0.00000000000 0.00000000000
 0.00000000000 0.00000000000 0.00000000000 0.00000000000 0.00000000000 0.00000000000 0.00000000000 0.00000000000 0.00000000000 0.00000000000 0.00000000000
 0.00000000000 0.00000000000 0.00000000000 0.00000000000 0.00000000000 0.00000000000 0.00000000000 0.00000000000 0.00000000000 0.00000000000 0.00000000000
 0.00000000000 0.00000000000 0.00000000000 0.00000000000 0.00000000000 0.00000000000 0.00000000000 0.00000000000 0.00000000000 0.00000000000 0.00000000000
 0.00000000000 0.00000000000 0.00000000000 0.00000000000 0.00000000000 0.00000000000 0.00000000000 0.00000000000 0.00000000000 0.00000000000 0.00000000000
# repl_F:
0.277957611000
# log_F_devs:
 -0.606727064294 -0.622163088721 -0.693867569869 -0.161296038134 -0.170587368503 -0.129918647540 0.235055273817 0.583645043434 0.694594809907 0.821490053500 0.878783950824 0.687687477595 0.571174656049 0.444382459854 0.522228626150 0.547925044092 0.452837524373 0.138223413033 -0.250881326641 -0.391192077549 -0.393472249485 -0.379751983606 -0.449681540243 -0.763025075514 -0.468741398179 -0.449158528580 -0.0791149388136 0.0586945632849 0.348485756963 -0.0459915399953 -0.113583882495 -0.139115989709 0.00766556228284 0.0210362054388 -0.140005536199 -0.446826129117 -0.332320334499 -0.169045242201 -0.0191983125035 0.0119222545459 -0.107898584335 -0.175742904946 0.0279816636282 0.0803466704701 0.155385144301 0.106734784687 -0.0853141180030 0.213072537069 0.181571278210 0.119643282314 0.0190605888574 -0.0324719119240 -0.112535243084
# sigr:
0.900000000000
# sel_devs_fsh:
 -0.0171575675640 0.0263163608534 0.148548661452 0.0411678792472 -0.00426981678814 -0.0434005561148 -0.0494196741177 -0.0409813602273 -0.0329435074821 -0.0278596648382
 0.0495765357308 0.0967593492451 0.117803290396 -0.0525474150207 -0.0442499611436 -0.0463353869899 -0.0391301730822 -0.0348050872273 -0.0273527777717 -0.0197218974715
 0.0597150052131 0.103688014958 0.228503881191 -0.129809223126 -0.0960767795911 -0.0710678460734 -0.0481779745518 -0.0284533779447 -0.0154171244189 -0.00290296171728
 0.122485741647 0.100783345575 -0.000888171435149 -0.00812916205132 -0.0430262392715 -0.0480963451251 -0.0464036333916 -0.0364496459608 -0.0247572549108 -0.0155204571074
 0.134174186952 0.0705812087560 0.157927311069 -0.0985931690356 -0.0942726330502 -0.0834604055239 -0.0731051871003 -0.0248222546204 -0.00543632296135 0.0170135156368
 0.197756430132 0.147073062860 -0.0216266349849 -0.227453355301 -0.110023449354 -0.0932699134922 -0.0390557422521 0.0168106857088 0.0437060204026 0.0860833865641
 0.0170060685802 0.0326095904586 -0.0742348161942 -0.0363273985780 0.00953920103356 -0.00397419639762 -0.0407370620671 0.0116093980567 0.0322731378389 0.0522352629361
 -0.234755394370 0.189767918290 0.107998881349 0.0768877440817 -0.0241564903960 -0.0106554206733 -0.0165869651568 -0.0322526305806 -0.0167525171977 -0.0394965209415
 -0.254516533944 0.100891778037 0.0578292308528 0.0424087980540 0.0357267939617 0.0414105495722 0.0290003936926 -0.000447057996986 -0.0115676610817 -0.0407354983981
 -0.212263800963 0.139662150669 0.168809386837 0.0242899326684 -0.00153895567088 -0.00859364764610 -0.00731900068469 -0.0301705485293 -0.0221857239883 -0.0506872741797
 -0.187564036957 -0.174520494745 0.128398472528 0.0785332752072 0.0472367006853 0.0387902776869 0.0363462651142 0.00135527013910 0.0114847536808 0.0199377823224
 -0.185825592393 -0.0698316924236 -0.0750932767378 0.0859916782842 0.0726786473830 0.0608871164333 0.0544060406796 0.0197101065042 0.0186372965466 0.0184331947592
 -0.173512489289 0.0275693399359 -0.116859477211 -0.0338667122627 0.0545387639684 0.0597415747681 0.0581411439512 0.0407840140131 0.0367088782883 0.0467540838247
 -0.212695203861 -0.127503755816 -0.0249774013941 -0.0117042964799 0.0531127055408 0.0576018339677 0.0674315154220 0.0679399759409 0.0650422478340 0.0657499705756
 -0.156386981746 -0.361481042986 -0.145437853078 -0.0213802835503 0.0994471056238 0.136553797115 0.122947214032 0.123341886744 0.112289911182 0.0901130737158
 -0.162382553243 -0.456402028362 -0.246316340851 0.0906872909447 0.119682420015 0.149612939077 0.148892746438 0.141030706169 0.109048282834 0.106143724110
 -0.131277781845 -0.235758240695 -0.281752327683 -0.00424255054321 0.129092643490 0.0921621942586 0.102656377362 0.111828165936 0.109155337295 0.108145707199
 -0.0980651395053 -0.0836469125070 -0.275321672789 -0.0569042382280 0.0312926823904 0.0848994896403 0.0812910005719 0.0969779578336 0.109311199358 0.110168884597
 -0.116624066426 0.101859590312 -0.0776555556869 -0.148672772350 -0.105380617212 0.0583267634781 0.0609619808866 0.0544521055913 0.0747387869383 0.0979942774250
 -0.106180827832 -0.163829895180 0.0368684664414 -0.0639799642758 0.0729553825849 -0.000427780443323 0.0637145932108 0.0498929244734 0.0473730054437 0.0636174431263
 -0.124488056434 0.0537976201611 0.102821283483 -0.0874411728549 -0.200518641032 0.0992379741276 0.0313430137182 0.0473279888965 0.0327119096097 0.0452111218203
 -0.137241371710 -0.0266088403868 0.0789459770932 0.152126793138 -0.0257781800017 -0.0409138585795 0.0181514814663 -0.0576473780703 0.0319046811964 0.00706369373794
 -0.133020172218 -0.0466156141473 0.122592127020 -0.0696999351045 0.0197841442689 -0.0655619511981 -0.0652203565276 0.137594030142 0.0736552737560 0.0264893645891
 -0.194607099724 -0.0954145939492 0.460329486056 0.0240939033963 0.109734445986 -0.0877330838131 0.0887005114880 -0.0938463071437 -0.103518000173 -0.107732907678
 -0.144851494897 -0.0282757498500 -0.307868859608 0.186756198927 0.0358794256449 0.0860682359062 0.107795209827 0.0920606551370 -0.0220660111275 -0.00549691181020
 -0.148066761978 -0.00261326464849 -0.246036629318 0.102621767785 0.194744872616 0.0726203105320 -0.0522374204228 0.0296369717958 0.0400883544562 0.00924226191160
 -0.0771476606896 0.0471935604877 -0.236578737599 -0.184090218298 -0.108388826845 0.00848501683407 0.149493667246 0.0139749422648 0.176188026927 0.210869300713
 -0.117653619335 -0.0729521468502 0.338167296210 -0.213361339514 -0.272251691295 -0.00111475969076 0.0121970405548 0.190694600265 0.0740341810972 0.0622367912334
 -0.126743229209 -0.426138859189 -0.0697810700441 0.633217705372 0.00119906416310 -0.000870332305432 0.0586149713297 -0.00831198598096 -0.0184918802067 -0.0426950406561
 -0.0234273136359 0.0100957437426 -0.629614093193 -0.430113965684 0.665857710586 0.155414588130 0.0653869941815 0.0626796201900 0.0534796138246 0.0702407664193
 -0.0107266821813 0.173313685278 -0.288470852611 -0.608333133795 -0.282067766830 0.478029829240 0.145521331188 0.145069707597 0.127411867751 0.120251010711
 -0.0297347716693 0.378580847742 0.219906982378 -0.618278848439 -0.614915475814 -0.242998274899 0.300603357552 0.285281165826 0.195263988672 0.126291633224
 -0.123598951388 0.268299096607 0.127334734519 0.495204846661 -0.00728194177074 -0.376162069523 -0.312006679646 -0.151398024596 0.0214947065690 0.0581127612099
 -0.151277122514 -0.311019403706 0.293795099738 0.303861501744 0.142629227772 0.185032648990 -0.267631009827 -0.0945537682559 -0.0486290499223 -0.0522086651820
 -0.230455110434 -0.439324602285 0.724398655497 0.431352397301 0.140106915588 -0.234107985843 0.232000280945 -0.124158764975 -0.255252435492 -0.244558257735
 -0.0970713607028 -0.119169826026 -0.604115567455 0.267059593708 0.397842611690 -0.00598838857950 -0.0645494255746 0.223972954305 0.0328701121523 -0.0308539153458
 -0.0266511785548 -0.220333991593 -0.366050058088 -0.298388785050 0.227662411063 0.614481439961 0.120144366669 -0.128184237088 0.0121800378806 0.0651371144223
 -0.0835364788138 0.336087175595 -0.00732116134050 -0.0487178536544 -0.249326487794 0.0361728476805 0.0403856476300 0.0298507922101 0.0233665957826 -0.0769622424439
 -0.0772870055498 -0.430593486797 0.717679495314 -0.0515934046695 0.0952853439854 -0.146395436967 0.0121950440070 0.00275071698263 -0.0427996946415 -0.0792540612353
 -0.00341279677328 -0.179807573330 -0.677948021282 0.798267622012 0.0370851142573 -0.0934833672187 0.0281720527910 0.0241097615782 0.0184466884368 0.0485686478955
 -0.0510818915381 0.0995403409466 0.0214917574853 -0.336014230763 0.432544036133 0.263299066502 -0.108329160013 -0.170485760077 -0.0901320776152 -0.0608265920911
 -0.0844388182561 0.183561591155 0.568732363032 -0.0915003095657 -0.302175978693 -0.114014044128 -0.0574482920124 -0.0180008521960 -0.0624667563445 -0.0222476926933
 -0.0304798958762 0.0855351673880 -0.0482039123490 -0.0503349548669 -0.0341086908665 0.0758570334787 0.0106611667829 -0.0404107083601 -0.00284201894487 0.0343309129449
 0.0330043388461 -0.110746193018 -0.531331290411 -0.0435175996210 -0.0284971591430 0.0904102311276 0.141214704832 0.125579534258 0.175901712532 0.147982586153
 0.0403761702897 -0.264090828243 0.114393805824 0.0453823533352 -0.203744313636 -0.180700651192 0.00396001381747 0.0948406550344 0.137566315797 0.212016374166
 0.00740805692322 0.0521267862144 -0.491820576433 0.480450140302 0.247270426748 -0.154767004249 -0.0948916976636 0.0175264859596 -0.0311643264232 -0.0321391062888
 0.0196008939354 0.0903789020711 0.00178214893836 -1.06281130132 0.415387343908 0.379986188133 0.136217477179 0.0182642280853 0.00914555608937 -0.00795123325988
 -0.0401629257001 0.265866294299 0.351916678399 0.535718255206 -1.10066697573 -0.0690142203898 0.00602064585858 0.0284243502811 0.00513403106831 0.0167644452902
 0.0330550930253 -0.281980251433 0.117282508295 0.0747542258702 0.459712355182 -0.586707656691 -0.172447015474 0.0799307901643 0.125905021871 0.150490177067
 -0.0375547095381 0.00464235418058 -0.122308286213 -0.0781465317609 0.139931063741 0.240542474625 0.170771790498 -0.150559093861 -0.133804166889 -0.0335134686244
 -0.0416594824860 -0.126643092767 0.753567557623 0.126789845777 -0.161525403674 0.134795907980 -0.292878511353 -0.174251604619 -0.196032291080 -0.0221658539937
 0.0135322271850 0.00958242737349 -0.0484835103605 -0.0395440334477 -0.0694574025807 -0.00663491032256 0.0533055761883 0.0353762441616 0.0409664904570 0.0113615835921
 0.00000000000 0.00000000000 0.00000000000 0.00000000000 0.00000000000 0.00000000000 0.00000000000 0.00000000000 0.00000000000 0.00000000000
# sel_devs_bts:
 0.00000000000 0.00000000000 0.00000000000 0.00000000000 0.00000000000 0.00000000000 0.00000000000 0.00000000000
 0.00000000000 0.00000000000 0.00000000000 0.00000000000 0.00000000000 0.00000000000 0.00000000000 0.00000000000
 0.00000000000 0.00000000000 0.00000000000 0.00000000000 0.00000000000 0.00000000000 0.00000000000 0.00000000000
 0.00000000000 0.00000000000 0.00000000000 0.00000000000 0.00000000000 0.00000000000 0.00000000000 0.00000000000
 0.00000000000 0.00000000000 0.00000000000 0.00000000000 0.00000000000 0.00000000000 0.00000000000 0.00000000000
 0.00000000000 0.00000000000 0.00000000000 0.00000000000 0.00000000000 0.00000000000 0.00000000000 0.00000000000
 0.00000000000 0.00000000000 0.00000000000 0.00000000000 0.00000000000 0.00000000000 0.00000000000 0.00000000000
 0.00000000000 0.00000000000 0.00000000000 0.00000000000 0.00000000000 0.00000000000 0.00000000000 0.00000000000
 0.00000000000 0.00000000000 0.00000000000 0.00000000000 0.00000000000 0.00000000000 0.00000000000 0.00000000000
 0.00000000000 0.00000000000 0.00000000000 0.00000000000 0.00000000000 0.00000000000 0.00000000000 0.00000000000
 0.00000000000 0.00000000000 0.00000000000 0.00000000000 0.00000000000 0.00000000000 0.00000000000 0.00000000000
 0.00000000000 0.00000000000 0.00000000000 0.00000000000 0.00000000000 0.00000000000 0.00000000000 0.00000000000
 0.00000000000 0.00000000000 0.00000000000 0.00000000000 0.00000000000 0.00000000000 0.00000000000 0.00000000000
 0.00000000000 0.00000000000 0.00000000000 0.00000000000 0.00000000000 0.00000000000 0.00000000000 0.00000000000
 0.00000000000 0.00000000000 0.00000000000 0.00000000000 0.00000000000 0.00000000000 0.00000000000 0.00000000000
 0.00000000000 0.00000000000 0.00000000000 0.00000000000 0.00000000000 0.00000000000 0.00000000000 0.00000000000
 0.00000000000 0.00000000000 0.00000000000 0.00000000000 0.00000000000 0.00000000000 0.00000000000 0.00000000000
 0.00000000000 0.00000000000 0.00000000000 0.00000000000 0.00000000000 0.00000000000 0.00000000000 0.00000000000
 0.00000000000 0.00000000000 0.00000000000 0.00000000000 0.00000000000 0.00000000000 0.00000000000 0.00000000000
 0.00000000000 0.00000000000 0.00000000000 0.00000000000 0.00000000000 0.00000000000 0.00000000000 0.00000000000
 0.00000000000 0.00000000000 0.00000000000 0.00000000000 0.00000000000 0.00000000000 0.00000000000 0.00000000000
 0.00000000000 0.00000000000 0.00000000000 0.00000000000 0.00000000000 0.00000000000 0.00000000000 0.00000000000
 0.00000000000 0.00000000000 0.00000000000 0.00000000000 0.00000000000 0.00000000000 0.00000000000 0.00000000000
 0.00000000000 0.00000000000 0.00000000000 0.00000000000 0.00000000000 0.00000000000 0.00000000000 0.00000000000
 0.00000000000 0.00000000000 0.00000000000 0.00000000000 0.00000000000 0.00000000000 0.00000000000 0.00000000000
 0.00000000000 0.00000000000 0.00000000000 0.00000000000 0.00000000000 0.00000000000 0.00000000000 0.00000000000
 0.00000000000 0.00000000000 0.00000000000 0.00000000000 0.00000000000 0.00000000000 0.00000000000 0.00000000000
 0.00000000000 0.00000000000 0.00000000000 0.00000000000 0.00000000000 0.00000000000 0.00000000000 0.00000000000
 0.00000000000 0.00000000000 0.00000000000 0.00000000000 0.00000000000 0.00000000000 0.00000000000 0.00000000000
 0.00000000000 0.00000000000 0.00000000000 0.00000000000 0.00000000000 0.00000000000 0.00000000000 0.00000000000
 0.00000000000 0.00000000000 0.00000000000 0.00000000000 0.00000000000 0.00000000000 0.00000000000 0.00000000000
 0.00000000000 0.00000000000 0.00000000000 0.00000000000 0.00000000000 0.00000000000 0.00000000000 0.00000000000
 0.00000000000 0.00000000000 0.00000000000 0.00000000000 0.00000000000 0.00000000000 0.00000000000 0.00000000000
 0.00000000000 0.00000000000 0.00000000000 0.00000000000 0.00000000000 0.00000000000 0.00000000000 0.00000000000
# sel_devs_eit:
 -0.900744058834 1.00451358197 2.38104107887 2.40028775856 2.66680862020 2.78550249358 2.86142676789
# sel_coffs_fsh:
 -3.99998322720 -2.13504421993 -0.919986375443 0.353549666512 0.364670179679 0.356568807390 0.319391053287 0.273457558887 0.232063381895 0.199144829658
# sel_coffs_bts:
 -0.0100000000000 -0.0100000000000 -0.0100000000000 -0.0100000000000 -0.0100000000000 -0.0100000000000 -0.0100000000000 -0.0100000000000
# sel_coffs_eit:
 1.62794919641 -0.0937206568837 -1.40479761445 -1.40211957985 -1.83247074380 -1.94450871708 -2.09403589926
# sel_slp_bts:
1.03121284794
# sel_a50_bts:
5.99999998221
# sel_age_one:
-2.98362848652
# sel_slp_bts_dev:
 -0.358696168715 -0.191495917869 -0.112562262466 -0.284487368637 -0.230774660017 -0.220551892534 -0.190500125035 -0.104144448503 0.00785336798893 0.0539627540578 0.0727447625859 0.0996540652758 0.102428965384 0.0795305241877 -0.0458828309319 -0.187971863122 -0.302010742759 -0.343652023997 -0.284240695308 -0.280573933508 -0.151131605457 -0.0277174212753 -0.00141683221811 0.0480836549855 0.0562338993928 0.163512481543 0.273006910091 0.307923846964 0.431799560431 0.427759442998 0.268748326989 0.277437677544 0.309003887818 0.189047931140 0.149078732973
# sel_a50_bts_dev:
 -0.122959919643 -0.153973594373 -0.00166177560464 0.0337050641367 0.0689351976446 -0.0205590611746 -0.139738657807 -0.174728922298 -0.146069760110 -0.0468931455462 -0.0822323673456 -0.102063988558 -0.0433048822421 0.0709415433290 0.178615680648 0.171948578922 0.247727989349 0.117313280970 0.0870414772395 0.134781214079 0.0988318230663 0.147346186817 0.0898775625432 0.00559415512232 0.122168300703 -0.0288600213589 -0.0284419266886 -0.0606517189773 -0.138928659307 -0.0120546120566 -0.0405807172250 -0.0491904319518 -0.0757679059204 -0.0691423266284 -0.0370236597538
# sel_one_bts_dev:
 -0.119965100531 -0.150875795043 0.0103088289174 -0.303190070719 -0.438893638991 -0.206359564565 -0.337616611844 -0.128215920201 0.0965937976527 -0.176041443558 -0.0394535081232 0.0213081186537 -0.118413738708 -0.145139420703 -0.0325729410434 -0.0188042871411 0.0808187578438 0.0236517445730 0.144942397944 0.107499992660 0.244074906542 0.342395372022 0.0785811313075 -0.0195201908050 -0.0523994074379 -0.0525060973320 0.157134458020 0.353223100762 0.284005083980 -0.0469767199302 -0.104851496126 0.284885569695 0.0656105569437 0.0677309463832 0.129031188904
# sel_dif1_fsh:
1.00000000000
# sel_a501_fsh:
3.00000000000
# sel_trm2_fsh:
0.900000000000
# sel_dif2_fsh:
5.00000000000
# sel_dif1_fsh_dev:
 0.00000000000 0.00000000000 0.00000000000 0.00000000000 0.00000000000 0.00000000000 0.00000000000 0.00000000000 0.00000000000 0.00000000000 0.00000000000 0.00000000000 0.00000000000 0.00000000000 0.00000000000 0.00000000000 0.00000000000 0.00000000000 0.00000000000 0.00000000000 0.00000000000 0.00000000000 0.00000000000 0.00000000000 0.00000000000 0.00000000000 0.00000000000 0.00000000000 0.00000000000 0.00000000000 0.00000000000 0.00000000000 0.00000000000 0.00000000000 0.00000000000 0.00000000000 0.00000000000 0.00000000000 0.00000000000 0.00000000000 0.00000000000 0.00000000000 0.00000000000 0.00000000000 0.00000000000 0.00000000000 0.00000000000 0.00000000000 0.00000000000 0.00000000000 0.00000000000 0.00000000000 0.00000000000
# sel_a501_fsh_dev:
 0.00000000000 0.00000000000 0.00000000000 0.00000000000 0.00000000000 0.00000000000 0.00000000000 0.00000000000 0.00000000000 0.00000000000 0.00000000000 0.00000000000 0.00000000000 0.00000000000 0.00000000000 0.00000000000 0.00000000000 0.00000000000 0.00000000000 0.00000000000 0.00000000000 0.00000000000 0.00000000000 0.00000000000 0.00000000000 0.00000000000 0.00000000000 0.00000000000 0.00000000000 0.00000000000 0.00000000000 0.00000000000 0.00000000000 0.00000000000 0.00000000000 0.00000000000 0.00000000000 0.00000000000 0.00000000000 0.00000000000 0.00000000000 0.00000000000 0.00000000000 0.00000000000 0.00000000000 0.00000000000 0.00000000000 0.00000000000 0.00000000000 0.00000000000 0.00000000000 0.00000000000 0.00000000000
# sel_trm2_fsh_dev:
 0.00000000000 0.00000000000 0.00000000000 0.00000000000 0.00000000000 0.00000000000 0.00000000000 0.00000000000 0.00000000000 0.00000000000 0.00000000000 0.00000000000 0.00000000000 0.00000000000 0.00000000000 0.00000000000 0.00000000000 0.00000000000 0.00000000000 0.00000000000 0.00000000000 0.00000000000 0.00000000000 0.00000000000 0.00000000000 0.00000000000 0.00000000000 0.00000000000 0.00000000000 0.00000000000 0.00000000000 0.00000000000 0.00000000000 0.00000000000 0.00000000000 0.00000000000 0.00000000000 0.00000000000 0.00000000000 0.00000000000 0.00000000000 0.00000000000 0.00000000000 0.00000000000 0.00000000000 0.00000000000 0.00000000000 0.00000000000 0.00000000000 0.00000000000 0.00000000000 0.00000000000 0.00000000000
# rec_dev_future:
 0.00000000000 0.00000000000 0.00000000000 0.00000000000 0.00000000000
# M_dev:
 0.00000000000 0.00000000000 0.00000000000 0.00000000000 0.00000000000 0.00000000000 0.00000000000 0.00000000000 0.00000000000 0.00000000000 0.00000000000 0.00000000000 0.00000000000 0.00000000000 0.00000000000 0.00000000000 0.00000000000 0.00000000000 0.00000000000 0.00000000000 0.00000000000 0.00000000000 0.00000000000 0.00000000000 0.00000000000 0.00000000000 0.00000000000 0.00000000000 0.00000000000 0.00000000000 0.00000000000 0.00000000000 0.00000000000 0.00000000000 0.00000000000 0.00000000000 0.00000000000 0.00000000000 0.00000000000 0.00000000000 0.00000000000 0.00000000000 0.00000000000 0.00000000000 0.00000000000 0.00000000000 0.00000000000 0.00000000000 0.00000000000 0.00000000000 0.00000000000 0.00000000000
# L1:
27.1176337853
# L2:
49.8668811498
# log_alpha:
-11.5040644174
# log_K:
-0.318188935941
# d_scale:
 0.559399307539 0.803407655077 0.787668145066 0.777641427372 0.812353097525 0.850623422325 0.881892313689 0.909349600551 0.988039569936 1.02380685712 1.08448919885 1.09830431481 1.72442518434
# coh_eff:
 0.00000000000 0.00000000000 0.00000000000 0.00000000000 0.00000000000 0.00000000000 0.00000000000 0.00000000000 0.00000000000 0.00000000000 0.00000000000 0.00000000000 0.00000000000 0.00000000000 0.00000000000 0.00000000000 0.0639138751718 -0.0729988687356 0.153479219472 -0.0845433944339 -0.00750092206617 -0.0909802966709 0.0493708088985 0.363410290172 -0.0676692320886 -0.493789711057 0.531188740524 2.34366744268 2.62433944028 3.18297817030 3.23945486247 2.22192539247 3.25106872505 3.83352555621 2.72933570110 2.33383555805 2.07659916647 4.82924200159 5.73840144706 4.11234836535 0.349012667191 0.962440898930 3.70978950867 2.14087111524 3.82804083058 2.99458707682 2.03276323873 4.54028041273 5.77959279965 4.84206357326 3.57670468294 2.79998176544 4.56593832151 2.83029204312 3.10849484800 4.14141299449 2.46172903925 2.94109939532 2.70946621593 2.68506950394 4.36321175783 3.99677536194 0.00000000000 0.00000000000
# yr_eff:
 0.00000000000 0.0610230594906 0.255052412854 0.0278495098366 0.489796262956 0.175224770867 0.0982980529688 -0.176117929442 -0.0791835108032 1.67330807212 1.07242338614 -0.628419158757 0.485949986911 -0.116180315703 -0.126377100768 -0.206671544908 -1.38906607500 -0.564232499609 -0.720478432314 -1.06641829086 -0.283851996415 -0.418640018840 -0.0400709428463 0.226875582439 -0.822626957023 -1.72736242807 -0.689230656118 0.178989939206 -2.03913926520 -0.0517026855685 -0.588382741454 -0.539939015948 0.323277997670 -0.190599966492 -1.06627510966 -1.65526042400 -1.13510460447 0.420078750611 -0.547737225166 0.385390202096 -0.0274151744632 -0.211469266356 -0.773771939107 -0.412892874659 -0.221893901664 0.0345629291124 -0.435138686198 0.00000000000 0.00000000000 0.00000000000 0.00000000000 0.00000000000
