log-posterior
-14936.2
-14931.3
-14949.2
-14952.9
-15001.5
-15027.2
-15019.9
-15018.3
-14993.5
-14984.6
-14979
-14985.9
-14952
-14954.6
-14967
-14952.7
-14949.4
-14935.7
-14959.5
-14975.2
-14967.8
-14976.6
-14966.5
-14960.7
-14978.4
-14982.8
-15001.2
-14981.4
-14967.3
-14973.5
-14952.8
-14970.5
-14993.6
-14983.7
-14989.4
-14984
-14962.3
-14963.8
-14984
-14977
-14978.5
-14993.9
-15002.6
-14981
-14966.1
-14953.6
-14962.3
-14957
-14961.9
-14953.6
-14946.1
-14955.1
-14954
-14954.6
-14965.5
-14964.6
-14973.3
-14976.5
-14981.3
-14995.7
-14982.2
-14988.5
-14984.9
-14985.1
-14955
