 Minimum age for EIT is: 2
Phase fsh coef: 2 4
Phase bts coef: -2 -5
Phase eit coef: 3 -5
Phase fsh logist: -1 -4
Phase bts logist: 2 5
 200 1 1 1 1 1 1 1 1 1 1 1 12.5 1 1 1 1 1 1 3.125 5 0.1 5 1 0 2 -3 0 2 1
../dat/pm_2019_ddc.dat 1964 2019
 Index min and max for age comp data: 
1 Max 55
BottomTemp:
 0.80157 1.30878 0.887434 0.962802 0.660695 1.36387 0.937347 1.26377 1.03611 1.21835 0.770515 1.31696 0.565789 0.646255 1.44758 1.09525 1.476 0.149056 0.870974 1.0492 1.4319 1.62911 1.4676 1.49988 0.651584 0.644704 0.407247 0.439672 0.439672 0.439672 0.439672 0.439672 0.439672 0.439672 0.4 0.4 0.4 0.4
Last yr of estimation...2017
End year, n's 2019 55 38 16 
1964 0 1
1965 0 2
1966 0 3
1967 0 4
1968 0 5
1969 0 6
1970 0 7
1971 0 8
1972 0 9
1973 0 10
1974 0 11
1975 0 12
1976 0 13
1977 0 14
1978 0 15
1979 0 16
1980 0 17
1981 0 18
1982 0 19
1983 0 20
1984 0 21
1985 0 22
1986 0 23
1987 0 24
1988 0 25
1989 0 26
1990 0 27
1991 0 28
1992 0 29
1993 0 30
1994 0 31
1995 0 32
1996 0 33
1997 0 34
1998 0 35
1999 0 36
2000 0 37
2001 0 38
2002 0 39
2003 0 40
2004 0 41
2005 0 42
2006 0 43
2007 0 44
2008 0 45
2009 0 46
2010 0 47
2011 0 48
2012 0 49
2013 0 50
2014 0 51
2015 0 52
2016 0 53
2017 0 54
2018 0 55
dim_sel_eit 1
2021
10
-6 Phase for bts temperature
Set current phase to 6
sel_fut
 5.71746e-05 0.00203964 0.0352089 0.26927 0.994584 1 1.25014 1.22251 1.1124 1.00771 1.00771 1.00771 1.00771 1.00771 1.00771
 0.9 0.45 0.3 0.3 0.3 0.3 0.3 0.3 0.3 0.3 0.3 0.3 0.3 0.3 0.3
 0 0.004 0.1445 0.3205 0.421 0.4505 0.4735 0.4815 0.485 0.5 0.5 0.5 0.5 0.5 0.5
 0.0251823 0.186222 0.408675 0.527746 0.622546 0.733619 0.881704 0.922316 0.977396 1.07016 1.15804 1.31399 1.491 1.62508 1.80569
0.436297
Fmsy, MSY, Steepness, Rzero, Bzero, PhiZero, Alpha, Beta, SPB0, SPRBF40
0 0 0.660116 21900.4 5748.41 0.26248 2.05011 0 0 0.104992


Iter  F  Stock  Yld  Recruit
1 0.01 5634.58 106.486 22356.1  
2 0.02 5525.59 207.913 22792.6  
3 0.03 5421.17 304.545 23210.3  
4 0.04 5321.05 396.631 23609.8  
5 0.05 5224.98 484.408 23991.7  
6 0.06 5132.73 568.097 24356.4  
7 0.07 5044.08 647.909 24704.5  
8 0.08 4958.84 724.042 25036.7  
9 0.09 4876.82 796.683 25353.5  
10 0.1 4797.84 866.01 25655.4  
11 0.11 4721.74 932.19 25943.1  
12 0.12 4648.38 995.381 26217.1  
13 0.13 4577.59 1055.73 26477.9  
14 0.14 4509.26 1113.39 26726.1  
15 0.15 4443.26 1168.48 26962.2  
16 0.16 4379.46 1221.14 27186.7  
17 0.17 4317.75 1271.48 27400  
18 0.18 4258.05 1319.61 27602.7  
19 0.19 4200.23 1365.65 27795.1  
20 0.2 4144.22 1409.69 27977.8  
21 0.21 4089.92 1451.83 28151.1  
22 0.22 4037.26 1492.16 28315.5  
23 0.23 3986.16 1530.77 28471.2  
24 0.24 3936.55 1567.73 28618.8  
25 0.25 3888.35 1603.13 28758.5  
26 0.26 3841.51 1637.03 28890.7  
27 0.27 3795.96 1669.51 29015.7  
28 0.28 3751.65 1700.63 29133.8  
29 0.29 3708.52 1730.45 29245.2  
30 0.3 3666.52 1759.03 29350.4  
31 0.31 3625.61 1786.42 29449.5  
32 0.32 3585.73 1812.68 29542.7  
33 0.33 3546.85 1837.85 29630.4  
34 0.34 3508.92 1861.99 29712.8  
35 0.35 3471.91 1885.14 29790  
36 0.36 3435.77 1907.34 29862.3  
37 0.37 3400.48 1928.62 29930  
38 0.38 3366 1949.04 29993  
39 0.39 3332.3 1968.62 30051.8  
40 0.4 3299.35 1987.4 30106.3  
41 0.41 3267.12 2005.41 30156.9  
42 0.42 3235.58 2022.68 30203.6  
43 0.43 3204.72 2039.25 30246.6  
44 0.44 3174.5 2055.13 30286  
45 0.45 3144.9 2070.36 30322  
46 0.46 3115.9 2084.97 30354.8  
47 0.47 3087.48 2098.97 30384.3  
48 0.48 3059.62 2112.39 30410.8  
49 0.49 3032.3 2125.25 30434.4  
50 0.5 3005.5 2137.58 30455.1  
51 0.51 2979.2 2149.38 30473.1  
52 0.52 2953.4 2160.69 30488.4  
53 0.53 2928.06 2171.52 30501.2  
54 0.54 2903.18 2181.89 30511.6  
55 0.55 2878.75 2191.81 30519.6  
56 0.56 2854.74 2201.3 30525.3  
57 0.57 2831.15 2210.37 30528.8  
58 0.58 2807.96 2219.04 30530.2  
59 0.59 2785.16 2227.33 30529.6  
60 0.6 2762.74 2235.24 30526.9  
61 0.61 2740.69 2242.79 30522.4  
62 0.62 2718.99 2249.99 30516  
63 0.63 2697.64 2256.86 30507.7  
64 0.64 2676.62 2263.4 30497.8  
65 0.65 2655.94 2269.62 30486.2  
66 0.66 2635.57 2275.54 30472.9  
67 0.67 2615.51 2281.16 30458.1  
68 0.68 2595.75 2286.49 30441.8  
69 0.69 2576.28 2291.55 30424  
70 0.7 2557.1 2296.34 30404.8  
71 0.71 2538.19 2300.87 30384.1  
72 0.72 2519.56 2305.15 30362.2  
73 0.73 2501.19 2309.18 30338.9  
74 0.74 2483.07 2312.98 30314.4  
75 0.75 2465.2 2316.55 30288.7  
76 0.76 2447.58 2319.89 30261.7  
77 0.77 2430.19 2323.02 30233.7  
78 0.78 2413.04 2325.93 30204.5  
79 0.79 2396.11 2328.64 30174.2  
80 0.8 2379.4 2331.16 30142.9  
81 0.81 2362.91 2333.48 30110.5  
82 0.82 2346.63 2335.61 30077.2  
83 0.83 2330.55 2337.56 30042.9  
84 0.84 2314.67 2339.33 30007.7  
85 0.85 2298.99 2340.94 29971.5  
86 0.86 2283.5 2342.37 29934.5  
87 0.87 2268.19 2343.64 29896.6  
88 0.88 2253.07 2344.75 29857.9  
89 0.89 2238.13 2345.71 29818.3  
90 0.9 2223.36 2346.52 29778  
91 0.91 2208.76 2347.18 29736.9  
92 0.92 2194.33 2347.7 29695.1  
93 0.93 2180.07 2348.08 29652.5  
94 0.94 2165.96 2348.33 29609.2  
95 0.95 2152.01 2348.44 29565.2  
96 0.96 2138.22 2348.43 29520.6  
97 0.97 2124.57 2348.28 29475.3  
98 0.98 2111.08 2348.02 29429.4  
99 0.99 2097.72 2347.64 29382.8  
100 1 2084.51 2347.14 29335.6  
101 1.01 2071.44 2346.53 29287.9  
102 1.02 2058.5 2345.81 29239.6  
103 1.03 2045.69 2344.98 29190.7  
104 1.04 2033.02 2344.04 29141.3  
105 1.05 2020.47 2343 29091.3  
106 1.06 2008.05 2341.86 29040.8  
107 1.07 1995.76 2340.62 28989.8  
108 1.08 1983.58 2339.29 28938.4  
109 1.09 1971.52 2337.86 28886.4  
110 1.1 1959.58 2336.34 28834  
111 1.11 1947.75 2334.73 28781.1  
112 1.12 1936.04 2333.03 28727.8  
113 1.13 1924.43 2331.25 28674  
114 1.14 1912.94 2329.38 28619.8  
115 1.15 1901.55 2327.43 28565.2  
116 1.16 1890.26 2325.4 28510.2  
117 1.17 1879.08 2323.3 28454.8  
118 1.18 1867.99 2321.11 28399  
119 1.19 1857.01 2318.85 28342.8  
120 1.2 1846.12 2316.52 28286.2  
121 1.21 1835.33 2314.12 28229.3  
122 1.22 1824.63 2311.64 28172  
123 1.23 1814.02 2309.1 28114.4  
124 1.24 1803.51 2306.48 28056.5  
125 1.25 1793.08 2303.8 27998.2  
126 1.26 1782.74 2301.06 27939.6  
127 1.27 1772.49 2298.25 27880.7  
128 1.28 1762.32 2295.39 27821.4  
129 1.29 1752.24 2292.46 27761.9  
130 1.3 1742.24 2289.47 27702.1  
131 1.31 1732.32 2286.42 27642  
132 1.32 1722.47 2283.31 27581.6  
133 1.33 1712.71 2280.15 27520.9  
134 1.34 1703.02 2276.93 27459.9  
135 1.35 1693.41 2273.66 27398.7  
136 1.36 1683.88 2270.33 27337.2  
137 1.37 1674.41 2266.96 27275.5  
138 1.38 1665.02 2263.53 27213.5  
139 1.39 1655.7 2260.05 27151.3  
140 1.4 1646.45 2256.52 27088.8  
141 1.41 1637.27 2252.94 27026.1  
142 1.42 1628.16 2249.32 26963.2  
143 1.43 1619.12 2245.65 26900  
144 1.44 1610.14 2241.93 26836.7  
145 1.45 1601.22 2238.17 26773.1  
146 1.46 1592.37 2234.36 26709.3  
147 1.47 1583.59 2230.51 26645.2  
148 1.48 1574.86 2226.62 26581  
149 1.49 1566.2 2222.69 26516.6  
150 1.5 1557.6 2218.71 26452  
151 1.51 1549.05 2214.69 26387.2  
152 1.52 1540.57 2210.64 26322.2  
153 1.53 1532.14 2206.54 26257  
154 1.54 1523.77 2202.41 26191.6  
155 1.55 1515.46 2198.24 26126.1  
156 1.56 1507.2 2194.03 26060.3  
157 1.57 1499 2189.79 25994.4  
158 1.58 1490.85 2185.51 25928.4  
159 1.59 1482.75 2181.19 25862.1  
160 1.6 1474.71 2176.84 25795.8  
161 1.61 1466.72 2172.46 25729.2  
162 1.62 1458.78 2168.04 25662.5  
163 1.63 1450.89 2163.59 25595.6  
164 1.64 1443.05 2159.1 25528.6  
165 1.65 1435.26 2154.59 25461.4  
166 1.66 1427.52 2150.04 25394.1  
167 1.67 1419.83 2145.46 25326.6  
168 1.68 1412.18 2140.85 25259  
169 1.69 1404.58 2136.21 25191.3  
170 1.7 1397.03 2131.54 25123.4  
171 1.71 1389.52 2126.85 25055.4  
172 1.72 1382.06 2122.12 24987.2  
173 1.73 1374.64 2117.37 24918.9  
174 1.74 1367.26 2112.58 24850.5  
175 1.75 1359.93 2107.77 24782  
176 1.76 1352.64 2102.94 24713.3  
177 1.77 1345.4 2098.07 24644.5  
178 1.78 1338.19 2093.18 24575.6  
179 1.79 1331.03 2088.27 24506.6  
180 1.8 1323.9 2083.32 24437.4  
181 1.81 1316.82 2078.36 24368.2  
182 1.82 1309.78 2073.37 24298.8  
183 1.83 1302.77 2068.35 24229.3  
184 1.84 1295.81 2063.31 24159.7  
185 1.85 1288.88 2058.25 24090  
186 1.86 1281.99 2053.16 24020.2  
187 1.87 1275.14 2048.05 23950.3  
188 1.88 1268.33 2042.92 23880.2  
189 1.89 1261.55 2037.77 23810.1  
190 1.9 1254.81 2032.59 23739.9  
191 1.91 1248.1 2027.39 23669.5  
192 1.92 1241.43 2022.17 23599.1  
193 1.93 1234.8 2016.93 23528.6  
194 1.94 1228.19 2011.67 23458  
195 1.95 1221.63 2006.39 23387.3  
196 1.96 1215.09 2001.08 23316.4  
197 1.97 1208.59 1995.76 23245.5  
198 1.98 1202.13 1990.42 23174.5  
199 1.99 1195.69 1985.05 23103.5  
200 2 1189.29 1979.67 23032.3  
201 2.01 1182.92 1974.27 22961  
202 2.02 1176.58 1968.85 22889.7  
203 2.03 1170.28 1963.41 22818.3  
204 2.04 1164 1957.96 22746.8  
205 2.05 1157.76 1952.48 22675.2  
206 2.06 1151.54 1946.99 22603.5  
207 2.07 1145.36 1941.48 22531.7  
208 2.08 1139.2 1935.95 22459.9  
209 2.09 1133.08 1930.41 22388  
210 2.1 1126.98 1924.85 22316  
211 2.11 1120.91 1919.27 22243.9  
212 2.12 1114.87 1913.67 22171.8  
213 2.13 1108.86 1908.06 22099.6  
214 2.14 1102.88 1902.43 22027.3  
215 2.15 1096.92 1896.79 21954.9  
216 2.16 1090.99 1891.13 21882.4  
217 2.17 1085.09 1885.46 21809.9  
218 2.18 1079.22 1879.77 21737.4  
219 2.19 1073.37 1874.06 21664.7  
220 2.2 1067.55 1868.34 21592  
221 2.21 1061.75 1862.61 21519.2  
222 2.22 1055.98 1856.86 21446.3  
223 2.23 1050.24 1851.09 21373.4  
224 2.24 1044.52 1845.31 21300.4  
225 2.25 1038.82 1839.52 21227.4  
226 2.26 1033.15 1833.71 21154.2  
227 2.27 1027.51 1827.89 21081.1  
228 2.28 1021.89 1822.06 21007.8  
229 2.29 1016.29 1816.21 20934.5  
230 2.3 1010.72 1810.35 20861.1  
231 2.31 1005.17 1804.47 20787.7  
232 2.32 999.646 1798.59 20714.2  
233 2.33 994.143 1792.69 20640.7  
234 2.34 988.664 1786.77 20567  
235 2.35 983.208 1780.85 20493.4  
236 2.36 977.774 1774.91 20419.7  
237 2.37 972.362 1768.96 20345.9  
238 2.38 966.973 1762.99 20272  
239 2.39 961.605 1757.02 20198.1  
240 2.4 956.259 1751.03 20124.2  
241 2.41 950.935 1745.03 20050.2  
242 2.42 945.633 1739.02 19976.1  
243 2.43 940.351 1733 19902  
244 2.44 935.091 1726.97 19827.8  
245 2.45 929.851 1720.92 19753.6  
246 2.46 924.632 1714.86 19679.3  
247 2.47 919.433 1708.8 19605  
248 2.48 914.255 1702.72 19530.6  
249 2.49 909.097 1696.63 19456.2  
250 2.5 903.959 1690.53 19381.7  
251 2.51 898.84 1684.42 19307.2  
252 2.52 893.742 1678.3 19232.6  
253 2.53 888.662 1672.17 19157.9  
254 2.54 883.602 1666.03 19083.3  
255 2.55 878.561 1659.87 19008.5  
256 2.56 873.54 1653.71 18933.8  
257 2.57 868.536 1647.54 18858.9  
258 2.58 863.552 1641.36 18784.1  
259 2.59 858.586 1635.17 18709.2  
260 2.6 853.639 1628.96 18634.2  
261 2.61 848.709 1622.75 18559.2  
262 2.62 843.798 1616.53 18484.1  
263 2.63 838.905 1610.3 18409.1  
264 2.64 834.029 1604.06 18333.9  
265 2.65 829.171 1597.82 18258.7  
266 2.66 824.331 1591.56 18183.5  
267 2.67 819.507 1585.29 18108.2  
268 2.68 814.702 1579.02 18032.9  
269 2.69 809.913 1572.73 17957.6  
270 2.7 805.141 1566.44 17882.2  
271 2.71 800.386 1560.14 17806.7  
272 2.72 795.648 1553.83 17731.3  
273 2.73 790.926 1547.51 17655.7  
274 2.74 786.221 1541.18 17580.2  
275 2.75 781.532 1534.85 17504.6  
276 2.76 776.859 1528.5 17428.9  
277 2.77 772.202 1522.15 17353.3  
278 2.78 767.562 1515.79 17277.6  
279 2.79 762.937 1509.42 17201.8  
280 2.8 758.327 1503.05 17126  
281 2.81 753.734 1496.67 17050.2  
282 2.82 749.156 1490.27 16974.3  
283 2.83 744.593 1483.87 16898.4  
284 2.84 740.045 1477.47 16822.4  
285 2.85 735.513 1471.05 16746.5  
286 2.86 730.996 1464.63 16670.5  
287 2.87 726.493 1458.2 16594.4  
288 2.88 722.006 1451.77 16518.3  
289 2.89 717.533 1445.32 16442.2  
290 2.9 713.075 1438.87 16366  
291 2.91 708.631 1432.41 16289.8  
292 2.92 704.202 1425.95 16213.6  
293 2.93 699.787 1419.48 16137.3  
294 2.94 695.386 1413 16061.1  
295 2.95 690.999 1406.51 15984.7  
296 2.96 686.627 1400.02 15908.4  
297 2.97 682.268 1393.52 15832  
298 2.98 677.923 1387.01 15755.5  
299 2.99 673.592 1380.5 15679.1  
300 3 669.274 1373.98 15602.6  
301 3.01 664.97 1367.45 15526.1  
302 3.02 660.68 1360.92 15449.5  
303 3.03 656.402 1354.38 15372.9  
304 3.04 652.138 1347.84 15296.3  
305 3.05 647.887 1341.29 15219.6  
306 3.06 643.65 1334.73 15143  
307 3.07 639.425 1328.17 15066.3  
308 3.08 635.213 1321.6 14989.5  
309 3.09 631.014 1315.02 14912.7  
310 3.1 626.828 1308.44 14835.9  
311 3.11 622.654 1301.85 14759.1  
312 3.12 618.493 1295.26 14682.3  
313 3.13 614.345 1288.66 14605.4  
314 3.14 610.209 1282.05 14528.4  
315 3.15 606.085 1275.44 14451.5  
316 3.16 601.974 1268.83 14374.5  
317 3.17 597.874 1262.21 14297.5  
318 3.18 593.787 1255.58 14220.5  
319 3.19 589.712 1248.95 14143.4  
320 3.2 585.649 1242.31 14066.4  
321 3.21 581.597 1235.66 13989.3  
322 3.22 577.558 1229.01 13912.1  
323 3.23 573.53 1222.36 13835  
324 3.24 569.514 1215.7 13757.8  
325 3.25 565.509 1209.04 13680.6  
326 3.26 561.516 1202.37 13603.3  
327 3.27 557.534 1195.69 13526.1  
328 3.28 553.564 1189.01 13448.8  
329 3.29 549.605 1182.33 13371.4  
330 3.3 545.657 1175.63 13294.1  
331 3.31 541.721 1168.94 13216.7  
332 3.32 537.795 1162.24 13139.3  
333 3.33 533.881 1155.54 13061.9  
334 3.34 529.977 1148.83 12984.5  
335 3.35 526.085 1142.11 12907  
336 3.36 522.203 1135.39 12829.5  
337 3.37 518.332 1128.67 12752  
338 3.38 514.472 1121.94 12674.5  
339 3.39 510.622 1115.21 12596.9  
340 3.4 506.783 1108.47 12519.4  
341 3.41 502.955 1101.73 12441.8  
342 3.42 499.137 1094.98 12364.1  
343 3.43 495.329 1088.23 12286.5  
344 3.44 491.532 1081.47 12208.8  
345 3.45 487.745 1074.72 12131.1  
346 3.46 483.968 1067.95 12053.4  
347 3.47 480.201 1061.18 11975.7  
348 3.48 476.444 1054.41 11897.9  
349 3.49 472.698 1047.63 11820.1  
350 3.5 468.961 1040.85 11742.4  
351 3.51 465.235 1034.07 11664.5  
352 3.52 461.518 1027.28 11586.7  
353 3.53 457.811 1020.49 11508.8  
354 3.54 454.114 1013.69 11431  
355 3.55 450.426 1006.89 11353.1  
356 3.56 446.748 1000.08 11275.1  
357 3.57 443.08 993.274 11197.2  
358 3.58 439.422 986.461 11119.2  
359 3.59 435.772 979.645 11041.3  
360 3.6 432.133 972.824 10963.3  
361 3.61 428.502 966 10885.2  
362 3.62 424.881 959.172 10807.2  
363 3.63 421.269 952.341 10729.1  
364 3.64 417.667 945.505 10651.1  
365 3.65 414.074 938.666 10573  
366 3.66 410.489 931.824 10494.9  
367 3.67 406.914 924.978 10416.7  
368 3.68 403.348 918.128 10338.6  
369 3.69 399.791 911.275 10260.4  
370 3.7 396.243 904.418 10182.2  
371 3.71 392.704 897.558 10104  
372 3.72 389.174 890.694 10025.8  
373 3.73 385.652 883.827 9947.57  
374 3.74 382.139 876.957 9869.32  
375 3.75 378.635 870.083 9791.05  
376 3.76 375.14 863.206 9712.76  
377 3.77 371.653 856.326 9634.46  
378 3.78 368.175 849.442 9556.14  
379 3.79 364.705 842.556 9477.8  
380 3.8 361.244 835.666 9399.45  
381 3.81 357.791 828.772 9321.08  
382 3.82 354.346 821.876 9242.69  
383 3.83 350.91 814.977 9164.29  
384 3.84 347.483 808.074 9085.87  
385 3.85 344.063 801.169 9007.44  
386 3.86 340.652 794.26 8928.99  
387 3.87 337.249 787.348 8850.52  
388 3.88 333.854 780.434 8772.04  
389 3.89 330.467 773.516 8693.55  
390 3.9 327.088 766.596 8615.04  
391 3.91 323.717 759.672 8536.51  
392 3.92 320.355 752.746 8457.97  
393 3.93 317 745.817 8379.42  
394 3.94 313.653 738.885 8300.85  
395 3.95 310.314 731.95 8222.26  
396 3.96 306.982 725.012 8143.66  
397 3.97 303.659 718.072 8065.05  
398 3.98 300.343 711.129 7986.43  
399 3.99 297.035 704.183 7907.79  
400 4 293.735 697.234 7829.13  
401 4.01 290.442 690.283 7750.46  
402 4.02 287.157 683.329 7671.78  
403 4.03 283.879 676.372 7593.08  
404 4.04 280.609 669.413 7514.37  
405 4.05 277.346 662.451 7435.65  
406 4.06 274.091 655.487 7356.92  
407 4.07 270.843 648.52 7278.17  
408 4.08 267.603 641.551 7199.41  
409 4.09 264.37 634.579 7120.63  
410 4.1 261.144 627.604 7041.84  
411 4.11 257.926 620.627 6963.04  
412 4.12 254.714 613.648 6884.23  
413 4.13 251.51 606.666 6805.4  
414 4.14 248.313 599.682 6726.56  
415 4.15 245.123 592.695 6647.71  
416 4.16 241.941 585.706 6568.85  
417 4.17 238.765 578.715 6489.97  
418 4.18 235.596 571.721 6411.09  
419 4.19 232.435 564.725 6332.19  
420 4.2 229.28 557.727 6253.27  
421 4.21 226.132 550.727 6174.35  
422 4.22 222.991 543.724 6095.41  
423 4.23 219.857 536.719 6016.47  
424 4.24 216.73 529.711 5937.51  
425 4.25 213.61 522.702 5858.54  
426 4.26 210.496 515.69 5779.56  
427 4.27 207.389 508.676 5700.56  
428 4.28 204.289 501.66 5621.56  
429 4.29 201.195 494.642 5542.54  
430 4.3 198.108 487.622 5463.52  
431 4.31 195.028 480.599 5384.48  
432 4.32 191.954 473.575 5305.43  
433 4.33 188.887 466.548 5226.37  
434 4.34 185.826 459.52 5147.3  
435 4.35 182.772 452.489 5068.22  
436 4.36 179.725 445.456 4989.13  
437 4.37 176.683 438.421 4910.02  
438 4.38 173.648 431.385 4830.91  
439 4.39 170.62 424.346 4751.79  
440 4.4 167.598 417.305 4672.65  
441 4.41 164.582 410.262 4593.51  
442 4.42 161.572 403.218 4514.35  
443 4.43 158.569 396.171 4435.19  
444 4.44 155.572 389.123 4356.01  
445 4.45 152.581 382.072 4276.82  
446 4.46 149.596 375.02 4197.63  
447 4.47 146.618 367.966 4118.42  
448 4.48 143.645 360.91 4039.21  
449 4.49 140.679 353.852 3959.98  
450 4.5 137.718 346.792 3880.74  
451 4.51 134.764 339.73 3801.5  
452 4.52 131.816 332.667 3722.24  
453 4.53 128.873 325.602 3642.98  
454 4.54 125.937 318.535 3563.7  
455 4.55 123.007 311.466 3484.42  
456 4.56 120.082 304.395 3405.13  
457 4.57 117.163 297.323 3325.82  
458 4.58 114.251 290.249 3246.51  
459 4.59 111.344 283.173 3167.19  
460 4.6 108.442 276.096 3087.85  
461 4.61 105.547 269.016 3008.51  
462 4.62 102.657 261.935 2929.16  
463 4.63 99.7734 254.853 2849.8  
464 4.64 96.8951 247.769 2770.43  
465 4.65 94.0225 240.683 2691.06  
466 4.66 91.1555 233.595 2611.67  
467 4.67 88.2942 226.506 2532.27  
468 4.68 85.4385 219.415 2452.87  
469 4.69 82.5883 212.322 2373.45  
470 4.7 79.7437 205.228 2294.03  
471 4.71 76.9046 198.132 2214.6  
472 4.72 74.071 191.035 2135.16  
473 4.73 71.2429 183.936 2055.71  
474 4.74 68.4202 176.835 1976.25  
475 4.75 65.603 169.733 1896.78  
476 4.76 62.7912 162.63 1817.3  
477 4.77 59.9847 155.524 1737.82  
478 4.78 57.1837 148.418 1658.32  
479 4.79 54.3879 141.309 1578.82  
480 4.8 51.5975 134.199 1499.31  
481 4.81 48.8123 127.088 1419.79  
482 4.82 46.0325 119.975 1340.26  
483 4.83 43.2578 112.861 1260.72  
484 4.84 40.4884 105.745 1181.17  
485 4.85 37.7242 98.6275 1101.62  
486 4.86 34.9652 91.5086 1022.05  
487 4.87 32.2113 84.3883 942.483  
488 4.88 29.4626 77.2665 862.902  
489 4.89 26.719 70.1432 783.313  
490 4.9 23.9805 63.0185 703.716  
491 4.91 21.247 55.8923 624.11  
492 4.92 18.5186 48.7647 544.495  
493 4.93 15.7952 41.6356 464.872  
494 4.94 13.0769 34.5052 385.241  
495 4.95 10.3635 27.3733 305.601  
496 4.96 7.65508 20.24 225.953  
497 4.97 4.95161 13.1052 146.296  
498 4.98 2.25306 5.96911 66.6313  
499 4.99 -0.440579 -1.16841 -13.042  
500 5 -3.12934 -8.30732 -92.7238  
