#Ebspollock:
PM_CABE
#SSL Species?
1
#Constant buffer of Dorn?
0
#Number of fisheries?
1
#Number of sexes?
1
#5year_Average_F(endyr-4,endyr_as_estimated_by_ADmodel)
0.306237
#_Author_F_as_fraction_F_40%
1
#ABC SPR
0.30862	
#0.4
#MSY SPR
0.273312
#0.35
#_Spawn_month
4
#_Number_of_ages
15
#_F_ratio(must_sum_to_one_only_one_fishery)
1
#_Natural_Mortality
 0.9 0.45 0.3 0.3 0.3 0.3 0.3 0.3 0.3 0.3 0.3 0.3 0.3 0.3 0.3
#_Maturity_divided_by_2(projection_program_uses_to_get_female_spawning_biomass_if_divide_by_2
 0 0.008 0.289 0.641 0.842 0.901 0.947 0.963 0.97 1 1 1 1 1 1
#_Wt_at_age_spawners
 0.00660444 0.209342 0.366814 0.514702 0.643215 0.759893 0.872587 0.965968 1.07284 1.16553 1.25981 1.35344 1.4024 1.41538 1.52206
#_Wt_at_age_fishery
 0.00660444 0.209342 0.366814 0.514702 0.643215 0.759893 0.872587 0.965968 1.07284 1.16553 1.25981 1.35344 1.4024 1.41538 1.52206
#
#_Selectivity_fishery_scaled_to_max_at_one
 0.000239536 0.00744121 0.087068 0.372246 0.713718 1 0.987674 0.930651 0.881835 0.823971 0.823971 0.823971 0.823971 0.823971 0.823971
#_Numbers_at_age_end_year
 29419.7 3909.41 6314.9 1580.72 397.078 344.131 354.003 283.016 225.519 114.032 44.009 21.8903 22.5857 11.0636 16.5072
#_N_recruitment_years (including last 3 estimates)
31
#_Recruitment_start_at_1977_yearclass=1978_for_age_1_recruits
#23000 23000 23000 23000 23000 23000 23000 23000 23000 23000 23000 23000 23000 23000 23000 23000 23000 23000 23000 23000 23000 23000 23000 23000 23000 23000 23000 23000 23000 23000 23000 
26336.1 63857 25589.1 28700.6 15394.2 51913.7 12869.9 34921.7 13559.5 7985.15 4931.79 9213.69 49951.1 25554.5 21387.3 46626.5 14327.8 10289.2 22729.7 30832.3 14898.2 16084.7 24739.5 33990.5 21434.7 12719.6 5536.32 3491.84 8570.07 24451.2 9616.73
#_Spawning biomass 
 862.225 899.195 876.889 994.22 1669.54 2559.02 3154.97 3352.14 3603.42 3832.21 3964.04 3961.41 3564.04 2862.26 2119.11 2216.49 3090.14 3398.93 3596 3588.62 3377.55 3134.28 3148.64 3185.03 3198.54 2998.46 3139.23 3194.61 2873.8 2297.25 1831.84
