#name                                      
5yravg.dat                                      
#SSL_spp                                      
1                                      
#Dorn_buffer                                      
0                                      
#N_fsh                                      
1                                      
#N_sexes                                      
1                                      
#avg_5yr_F                                      
0.0661399                                      
#F_40_multiplier                                      
1                                      
#SPR_abc                                      
0.4                                      
#SPR_msy               # 0.00542181 0.0526442 0.34544 0.755974 1.20134 1.61484 1.60236 1.39123 1.35691 1.33692 1.33692            
0.35               # 0.00480919 0.0582376 0.559856 1.13975 1.20813 1.49342 1.58404 1.4288 1.29042 1.11627 1.11627            
#spawn_month               # 0.00429521 0.05974 1.22197 0.878114 1.27637 1.49706 1.36901 1.44661 1.34721 0.949813 0.949813            
8               # 0.00412215 0.0478342 0.47628 0.739826 1.11807 1.47743 1.77897 2.16925 1.63348 0.777369 0.777369            
#N_ages               # 0.00398965 0.0399295 0.371578 1.04755 0.799498 1.36588 1.75444 2.18617 2.00639 0.712287 0.712287            
11               # 0.004527602 0.0516771 0.5950248 0.9122428 1.1206816 1.489726 1.617764 1.724412 1.526882 0.9785318 0.9785318  1.724412          
#F_ratio                                      
1                                      
#M                                      
0.3 0.3 0.3 0.3 0.3 0.3 0.3 0.3 0.3 0.3 0.3                            
#maturity                                      
0.005 0.037 0.224 0.688 0.944 0.992 0.999 1 1 1 1                           
#wt_at_age_spawners  3 most recent surveys                                    
44.86666667 170.5555985 398.5879384 506.845267 661.7826522 719.5616207 792.1047155 887.5405996 897.6897485 844.4815777 950.9372037                           
#Wt_at_age_fsh                                      
69.37777778 247.8519266 466.2838758 596.5265341 669.6902212 697.6650314 749.4778385 764.7613602 776.3926855 823.3484765 847.0660878 # 3yr avg  69.37777778 316.4186169 569.083436 633.9420702 709.1909161 734.9205991 839.9480444 838.485021 791.2302853 942.418559 923.1420411            
                                      
                                      
#select                                      
# 0.003358229 0.044197343 0.524641878 0.607448324 0.761176847 0.926243568 1 0.953875823 0.661444118 0.456762896 0.456762896 # 3yr avg 0.00577565 0.0760128 0.902305333 1.04472 1.30911 1.593 1.71985 1.640523333 1.137584667 0.785563667 0.785563667 1.71985            
0.002625592 0.029967954 0.345059533 0.529016732 0.649892021 0.863903754 0.938153991 1 0.885450809 0.567458241 0.567458241 # 5 yr avg 0.00582103 0.0643556 0.66373 0.9317298 1.342412 1.650836 1.650456 1.484912 1.2317608 0.9869942 0.9869942 1.650836           
# 0.004630656 0.054225322 0.441134366 0.654068133 0.818715516 0.945784247 1 0.851855107 0.662469455 0.463776235 0.463776235 # 10 yr avg 0.008008451 0.09377955 0.7629163 1.1311729 1.415921 1.635679 1.729442 1.473234 1.1457025 0.8020741 0.8020741 1.729442           
#N                                      
498.899 339.91 212.75 170.916 180.939 112.316 40.8596 39.9999 11.6076 24.4852 46.8399                           
#Nyrs                                      
38                                      
#recruits                                      
# 1623.41 488.82 359.365 445.424 317.83 420.804 490.712 574.054 473.317 635.04 463.459 1281.87 610.342 373.888 524.96 859.995 397.878 379.985 948.295 219.503 340.749 951.689 2048.24 1273.33 1466.96 320.899 419.234 563.197 376.342 958.98 749.929 238.018 485.85 338.072 557.667 541.05 423.105 466.885
2177.24 568.439 354.117 397.647 267.37 363.827 418.395 596.362 505.632 677.898 527.155 1292.02 624.638 366.939 565.097 951.17 384.489 381.684 990.786 232.064 358.738 842.575 1907.17 1241.69 1393.44 303.755 408.969 553.79 383.05 1006.95 837.938 250.027 540.743 349.339 634.021 714.941 440.972 389.602
#SSB                                      
194135 187696 184824 198180 245803 257912 243375 227795 204616 185122 180099 186380 191005 201256 216924 245262 242320 213464 190682 169352 149411 141020 151702 143116 138829 187098 275350 333747 354805 326248 282022 245929 214408 208870 204269 182981 172271 170000 170225

