EBS_Pollock_2016
1    # SSLn species...
0    # Buffer of Dorn
1    # Number of fsheries
1    # Number of sexes
0.26167  # averagei 5yr f                  
 1  # author f                  
 0.4  # ABC SPR        
 0.35 # MSY/OFL SPR    
 4  # Spawnmo                   
15 # Number of ages
 1  # Fratio                  
 0.9 0.45 0.3 0.3 0.3 0.3 0.3 0.3 0.3 0.3 0.3 0.3 0.3 0.3 0.3 # Natural Mortality       
# Maturity
 0	0.008	0.289	0.641	0.842	0.901	0.947	0.963	0.97	1	1	1	1	1	1
# Wt spawn
 0.0251823 0.181324 0.205144 0.531175 0.711553 0.812174 0.946655 1.04758 1.0746 1.20824 1.22769 1.30318 1.39321 1.37807 1.37181
# Wt fsh 
 0.0251823 0.181324 0.205144 0.531175 0.711553 0.812174 0.946655 1.04758 1.0746 1.20824 1.22769 1.30318 1.39321 1.37807 1.37181
# selectivity
0.00011328 0.00725648 0.0903406 0.36501 0.681336 1 1.108 1.15166 1.12976 1.21536 1.21536 1.21536 1.21536 1.21536 1.21536
# natage
 18950.7  7391.01 8251.39 11695.5 1414.83 1089.51 1003.08 1552.13 244.145 149.087 35.6846 8.27724 5.64724 5.7737 12.8255
# Nrec
38
# rec
 25352.3	61942.6	27184.1	30738.1	16305.4	52162.3	13572.8	34631.9	14545.4	7835.33	5561.46	11102.8	48848.1	25581.3	22780.8	46863.2	15942.8	10904.9	22878.1	31178.4	15483	16827.1	25850.3	35963.4	23951.8	14625.5	6640.46	4831.7	12207.5	26390.5	14622.4	56930.6	22500.1	13479.2	11200.8	63521.7	31883.2	18179.5
# SpawningBiomass
  886.534 989.172 1631.87 2504.22 3133.29 3385.19 3674.26 3925.45 4065.28 4064.37 3667.76 2965.33 2236.31 2344.22 3202.11 3497.49 3703.89 3713.71 3512.62 3276.86 3277.46 3305.64 3330.25 3142.97 3322.4 3430.44 3159.29 2612.01 2196.73 1640.95 1797.67 2028.11 2480.02 2903.64 3242.13 3144.28 3452.93 4108.45


