EBS_Pollock_2017
1    # SSLn species...
0    # Buffer of Dorn
1    # Number of fsheries
1    # Number of sexes
0.226178  # averagei 5yr f                  
 1  # author f                  
 0.4  # ABC SPR        
 0.35 # MSY/OFL SPR    
 4  # Spawnmo                   
15 # Number of ages
 1  # Fratio                  
 0.9 0.45 0.3 0.3 0.3 0.3 0.3 0.3 0.3 0.3 0.3 0.3 0.3 0.3 0.3 # Natural Mortality       
# Maturity
 0	0.008	0.289	0.641	0.842	0.901	0.947	0.963	0.97	1	1	1	1	1	1
# Wt spawn
 0.0251823 0.181324 0.205144 0.531175 0.711553 0.812174 0.946655 1.04758 1.0746 1.20824 1.22769 1.30318 1.39321 1.37807 1.37181
# Wt fsh 
  0.0251823 0.181324 0.39533 0.496196 0.695911 0.836685 0.881926 0.969185 1.09267 1.19916 1.36542 1.53586 1.67345 1.82992 1.93496
# selectivity
 9.45672e-05 0.0053848 0.0790767 0.435835 0.715459 1 1.12288 1.15354 1.15059 1.14341 1.14341 1.14341 1.14341 1.14341 1.14341
# natage
 18960.2 7614.57 4867.91 6790.51 6945.67 879.189 621.463 569.911 840.265 123.224 79.7618 18.6534 4.19413 2.97804 10.0761
# Nrec
39
# rec
 25827.6 62400 26692 31260.2 17292.5 51235.7 14310.3 34359.6 14069.5 7718.08 5739.74 11278.3 49270.1 25646 22294.3 47038.8 15279.2 10591.2 22880.4 31345.4 15386 16691 25916.5 35262.9 23323.8 14412.2 6587.09 4552.38 11663.2 26903.6 13903.2 55546.2 22415 13238.1 11137.7 59726.7 35946 18794.5 18729.2 18960.2
# SpawningBiomass
 932.623 946.94 917.276 1029.55 1682.54 2557.31 3185.43 3447.89 3740.21 3985.12 4118.22 4105.31 3691.26 2979.91 2242.86 2346.03 3213.77 3532.44 3720.27 3718.43 3521.32 3242.97 3263.59 3286.71 3315.59 3129.73 3288.97 3378.67 3097.58 2543.18 2115.6 1581.58 1686.69 1956.73 2397.3 2802.41 3132.08 2990.57 3077.27 3676.36
