# Number of parameters = 867 Objective function value = 973.604683507510  Maximum gradient component = 0.000549008521950611
# log_avgrec:
9.92493541738
# log_avginit:
4.82064835535
# log_avg_F:
-1.48200610062
# natmort_phi:
0.00000000000
# log_q_bts:
0.852074223556
# log_q_std_area:
-0.314333958363
# bt_slope:
0.00000000000
# log_q_eit:
-1.08046838770
# log_Rzero:
9.90329934045
# steepness:
0.683712480202
# log_q_cpue:
-0.000133177679160
# log_q_avo:
-9.65118419730
# log_initdevs:
 3.39221832245 2.93811709370 1.33728102175 0.454504545190 1.12033419432 0.327608138915 -0.800568702260 -1.25492638026 -1.24869083339 -1.25056564284 -1.25198802286 -1.25308832191 -1.25425733340 -1.25597637890
# log_rec_devs:
 -1.05935123114 0.0639581790103 -0.235382029351 0.282017723798 0.146039596295 0.271062096791 0.118331979011 -0.364652766397 -0.557790591895 0.260179321781 0.0160446105522 -0.111135645903 -0.381566832429 -0.337405219045 0.264313669720 1.15260353534 0.284580187128 0.413994272817 -0.222500691610 0.925524014947 -0.441027069715 0.501089722853 -0.355409692186 -0.953047736251 -1.30915155956 -0.573722470374 0.884747461897 0.230358824101 0.113336037226 0.848979033482 -0.277006665012 -0.634649814458 0.110296524284 0.419014026382 -0.283761568016 -0.200332893551 0.244896010415 0.552746595931 0.111472352362 -0.395619392537 -1.19485135281 -1.54953957993 -0.599062737711 0.251464984797 -0.338696439098 1.03671674917 0.131396810336 -0.278957484065 -0.431110448731 1.19564427990 0.300329215506 -0.0322778179596 -0.0865309717294
# larv_rec_devs:
 0.00000000000 0.00000000000 0.00000000000 0.00000000000 0.00000000000 0.00000000000 0.00000000000 0.00000000000 0.00000000000 0.00000000000 0.00000000000
 0.00000000000 0.00000000000 0.00000000000 0.00000000000 0.00000000000 0.00000000000 0.00000000000 0.00000000000 0.00000000000 0.00000000000 0.00000000000
 0.00000000000 0.00000000000 0.00000000000 0.00000000000 0.00000000000 0.00000000000 0.00000000000 0.00000000000 0.00000000000 0.00000000000 0.00000000000
 0.00000000000 0.00000000000 0.00000000000 0.00000000000 0.00000000000 0.00000000000 0.00000000000 0.00000000000 0.00000000000 0.00000000000 0.00000000000
 0.00000000000 0.00000000000 0.00000000000 0.00000000000 0.00000000000 0.00000000000 0.00000000000 0.00000000000 0.00000000000 0.00000000000 0.00000000000
 0.00000000000 0.00000000000 0.00000000000 0.00000000000 0.00000000000 0.00000000000 0.00000000000 0.00000000000 0.00000000000 0.00000000000 0.00000000000
 0.00000000000 0.00000000000 0.00000000000 0.00000000000 0.00000000000 0.00000000000 0.00000000000 0.00000000000 0.00000000000 0.00000000000 0.00000000000
 0.00000000000 0.00000000000 0.00000000000 0.00000000000 0.00000000000 0.00000000000 0.00000000000 0.00000000000 0.00000000000 0.00000000000 0.00000000000
 0.00000000000 0.00000000000 0.00000000000 0.00000000000 0.00000000000 0.00000000000 0.00000000000 0.00000000000 0.00000000000 0.00000000000 0.00000000000
 0.00000000000 0.00000000000 0.00000000000 0.00000000000 0.00000000000 0.00000000000 0.00000000000 0.00000000000 0.00000000000 0.00000000000 0.00000000000
 0.00000000000 0.00000000000 0.00000000000 0.00000000000 0.00000000000 0.00000000000 0.00000000000 0.00000000000 0.00000000000 0.00000000000 0.00000000000
# repl_F:
0.253288458508
# log_F_devs:
 -0.518561617948 -0.633892137876 -0.734232808704 -0.216572208384 -0.241432515282 -0.261130778571 0.200432666012 0.596215344930 0.644269471635 0.765696128652 0.744746441219 0.620080906310 0.475653502483 0.277859441645 0.305576954662 0.388536365766 0.403787790605 0.141084500963 -0.165227597578 -0.199711592081 -0.278606826389 -0.245228996256 -0.438490947495 -0.555857873182 -0.526224392470 -0.468751500919 -0.134762891056 0.114479763792 0.396214239323 -0.111520298088 -0.282106589663 -0.228632767934 0.0894363257193 0.0651823704358 -0.0805115823732 -0.512399675481 -0.375692751618 -0.203572156010 -0.0668866763840 -0.0301660318409 -0.0915645594948 -0.182503633603 0.0303591789347 0.0896112060154 0.190176007898 0.203524137545 -0.0164734602454 0.277379948266 0.236564107405 0.332793906156 0.177387121662 0.0268922289255 0.00677480996596
# sigr:
0.900000000000
# sel_devs_fsh:
 -0.0231253663998 0.0486747288846 0.294662352463 0.131513957616 -0.0146088871871 -0.0656645607947 -0.0848088715324 -0.0888288192067 -0.0936570629598 -0.104156310353
 0.123056392411 0.213398528658 0.124632745921 -0.0825486821100 -0.0728785766296 -0.0723980771939 -0.0654500501334 -0.0625006037005 -0.0562042915945 -0.0491063984959
 0.130298466821 0.148169807129 0.423736219793 -0.258864459604 -0.153446865321 -0.120165288034 -0.0852804101048 -0.0534478046354 -0.0284676119536 -0.00253230923824
 0.292050723308 0.126937223056 -0.148860070193 0.0764428269206 -0.0309532129160 -0.0460185392889 -0.0582639906101 -0.0651755681630 -0.0688919288726 -0.0772674607056
 0.328870968026 0.0447095653678 0.288482524386 -0.128855994556 -0.131999720034 -0.118389842836 -0.102718058661 -0.0788538684149 -0.0571023584477 -0.0441435514402
 0.509332482464 0.231729403091 -0.0638286962441 -0.346180727094 -0.216955510198 -0.196784240467 -0.0925755762706 -0.0312111982477 -0.00945901114104 0.215932634487
 0.0933046245356 -0.0905920889680 -0.169339609533 -0.0186043005029 0.0718785734618 0.0465081546901 -0.0587429254687 -0.00845940118875 0.00676390278457 0.127283572526
 -0.472015343260 0.364774592920 0.161351919455 0.152570147493 -0.0381974536399 -0.0167473660364 -0.0133409990864 -0.0157770044365 0.00143724036060 -0.124055393546
 -0.487496264034 0.110966567548 -0.0227625187534 0.0647060091785 0.0917134241560 0.0993017076264 0.0976313856919 0.0717462038825 0.0281991611081 -0.0540057806629
 -0.286259364103 0.274394244588 0.239510862469 0.00666365748952 -0.0199784803852 -0.0263230844449 -0.0167570971204 -0.0202428480717 -0.00467203835002 -0.146336550857
 -0.263472484686 -0.406016328250 0.187902480729 0.134146078856 0.0948158380268 0.0762610442848 0.0627548956586 -0.00259737216181 0.0140697268974 0.102137692382
 -0.214346446814 -0.0561368215720 -0.105020638012 0.0990576075511 0.0924515149930 0.0808563725441 0.0712351447870 0.0448857241933 0.0125306926753 -0.0255128199775
 -0.159865778495 0.256761825481 -0.121467409831 -0.0484855099145 0.0211210352832 0.0314898881122 0.0306360879687 0.0266100358982 0.00599200364565 -0.0427919834397
 -0.280738225366 -0.123271049097 0.0945512426336 0.0202837088782 0.0452020435874 0.0387593457972 0.0453958496511 0.0465792155244 0.0572078244551 0.0560294228244
 -0.191781864372 -0.474507269436 -0.170109910360 -0.0801244012917 0.104736018248 0.147400527297 0.138286930940 0.143646014033 0.190788763723 0.191666055718
 -0.398632660281 -0.661159010912 -0.270840082750 0.149385871127 0.140355851614 0.198902971337 0.201092614219 0.192034242614 0.154718729832 0.294140822634
 -0.319136377933 -0.313924248050 -0.263484648949 0.0501576845300 0.176070069195 0.0983789831174 0.106253262966 0.116668476464 0.137438598430 0.211578619399
 -0.230737084299 -0.0507197476118 -0.427912628911 -0.0308280461542 0.0844419693513 0.0839330802024 0.0821961451204 0.104435112666 0.140811547064 0.244378829182
 -0.233881688380 0.485910115462 -0.0960299790801 -0.239210386791 -0.191006897563 0.0340162744905 0.0298356084140 0.0150935399009 0.0441364240127 0.151136771064
 -0.217180955283 -0.441748279581 0.0958126770078 0.0218689421262 0.267749944351 0.0459941283147 0.0844983680459 0.0696563053722 0.0490764503079 0.0242722140226
 -0.213845428092 0.243920260173 0.193951202825 -0.255583637384 -0.369653350829 0.143733254560 0.0867865917219 0.120724923792 0.0332627786173 0.0167037342169
 -0.205575120415 -0.0188397810021 0.0101934388006 0.352421640236 -0.00859663671285 -0.0288182069101 0.0498973555819 -0.0620303049266 0.0898423423290 -0.178494781002
 -0.206892090273 -0.105486430613 0.0213208151098 -0.242381456925 -0.00746503788174 -0.125743902620 -0.177971995147 0.316703264998 0.212821093724 0.315096315797
 -0.203161688693 -0.0850194380279 0.998626453034 0.169334810303 0.222601941127 -0.0857820414414 0.191523147366 -0.280602670639 -0.329253128341 -0.598266577955
 -0.201132220834 -0.0114126915767 -0.615122725573 0.235912866989 -0.0451766711932 0.146714904505 0.171564216131 0.149285000208 0.0688386775934 0.100528632996
 -0.197217961358 0.0585610230576 -0.323898744838 0.253343013442 0.368053293595 0.109276482111 -0.163328531802 -0.00269631775525 -0.00845076304041 -0.0936411064683
 -0.187704065166 -0.0116547013980 -0.500187062963 -0.391920175131 -0.163183213410 0.0297760582477 0.286872299508 0.0458812409239 0.343573845535 0.548544073558
 -0.168117701596 0.00328827507145 0.698380194458 -0.445512372315 -0.446375714225 -0.0262879318816 -0.0146676379796 0.273125861162 0.114278636250 0.0118887376955
 -0.141849226856 -0.814125309380 0.0687824988912 0.976514411850 0.104615771154 0.0127656178172 0.0979826481026 -0.0327546462765 -0.0960496906647 -0.175882079363
 -0.101129163204 0.0902284661749 -0.904881146055 -0.326813604212 0.902847929972 0.279131397256 0.0205791286287 0.00832027043967 -0.00580288089638 0.0375195411028
 -0.100459900483 0.162252016931 -0.341174857784 -0.723894992524 -0.325068944265 0.492259327520 0.222255866783 0.212709060619 0.198367469480 0.202753617153
 -0.0971482501676 0.657857434517 0.350107815077 -1.04544940550 -0.888255626399 -0.352123471162 0.302778873870 0.433474166276 0.353877410980 0.284881923875
 -0.0885667327242 0.479143825775 0.0410877336810 0.887732682574 0.0801130817000 -0.469445756493 -0.418687274289 -0.399781121780 -0.0805046304825 -0.0310907103176
 -0.0950900500017 -0.496213848699 0.306244767750 0.220483459547 0.196854703005 0.258593953954 -0.296566995345 -0.0692977348861 -0.0414790635657 0.0164703075357
 -0.0901891056939 -0.511262624040 0.910590937804 0.515169643139 0.130828002033 -0.215860936971 0.266878467011 -0.140430436756 -0.399019854672 -0.466705891586
 -0.0812777492300 -0.122468984011 -0.654360123049 0.265629576322 0.398686246520 -0.0410020569977 -0.0266135594020 0.214767613244 0.0449311907893 0.00170790633223
 -0.0641665499541 -0.386034810475 -0.413515943061 -0.304835188458 0.275401758771 0.669464498848 0.134362776171 -0.0781110405645 0.0464351775446 0.120997746343
 -0.0506109662245 0.564239527233 -0.0107840966350 -0.0644977504926 -0.303857214237 0.00814854668577 0.0204453772782 0.00667690686802 -0.0185974869282 -0.151162905191
 -0.0427661294437 -0.541402935612 0.813128641992 -0.0779810123554 0.0984552578560 -0.150315275828 0.0174062603360 0.0108719932747 -0.0429985704758 -0.0843981138466
 -0.0353260300396 -0.285036575987 -0.769565018288 0.847796607647 0.0214764495982 -0.126904549070 0.0332863006220 0.0607833543794 0.0940580287040 0.159430663791
 -0.0330956305398 0.191472793388 0.0202215011540 -0.351130143795 0.464556664174 0.277645790143 -0.128366964763 -0.191514792520 -0.130159254847 -0.119629989176
 -0.0313816827845 0.344051471680 0.701669749712 -0.144783548350 -0.368676021918 -0.138959377460 -0.0914936722633 -0.0722536128738 -0.112893085630 -0.0852801832810
 -0.0262717349347 0.0631189449795 -0.0520436792048 -0.0262894603557 -0.0341187323817 0.0698221653559 0.0304284793720 -0.0200695972342 -0.0117338298327 0.00715746125024
 -0.0265633591029 -0.270046101084 -0.660740939049 -0.00434678772505 0.0316800408493 0.124528378078 0.171265442673 0.188095576303 0.236590932569 0.209536848905
 -0.0150312748676 -0.502267614249 0.131417633824 0.0242896609046 -0.229706095479 -0.147730739100 0.0372081372253 0.124367663747 0.224524539817 0.352927970502
 0.00377744622608 0.262898971278 -0.618782870522 0.476154457800 0.299024824165 -0.191826754707 -0.113561299770 0.0257485976016 -0.0474787860269 -0.0959544103701
 -0.00935486079014 0.0832656551384 0.0873976648550 -1.15877441994 0.374038321011 0.428242799174 0.172418595191 0.0195968554180 0.00532840729354 -0.00215708826244
 -0.00584217731270 0.373289568679 0.357495580905 0.582010618720 -1.20251673424 -0.0940727854901 -0.00630837355248 0.00732524401966 -0.00627959281761 -0.00510407638896
 -8.24331672034e-05 -0.453183384000 0.0263633647768 0.0558040197517 0.513435403970 -0.685848037188 -0.208626135538 0.138147301016 0.200707398405 0.413282557781
 -0.0164665603395 0.126790132002 -0.204993341120 -0.151199843278 0.146500998145 0.306525808342 0.157706182492 -0.201662387954 -0.118319140715 -0.0448818920358
 -0.00641335571340 -0.0262033237359 0.984911257349 0.128787102889 -0.262452246263 0.121164799486 -0.301331391200 -0.217963833510 -0.299598605387 -0.120900430679
 1.91913910008e-06 -0.000571538313269 -0.0533597205713 -0.144764526593 -0.150496741721 0.0122610015265 0.0573180971480 0.122184047342 0.0987952905967 0.0586316758555
# sel_devs_bts:
 0.00000000000 0.00000000000 0.00000000000 0.00000000000 0.00000000000 0.00000000000 0.00000000000 0.00000000000
 0.00000000000 0.00000000000 0.00000000000 0.00000000000 0.00000000000 0.00000000000 0.00000000000 0.00000000000
 0.00000000000 0.00000000000 0.00000000000 0.00000000000 0.00000000000 0.00000000000 0.00000000000 0.00000000000
 0.00000000000 0.00000000000 0.00000000000 0.00000000000 0.00000000000 0.00000000000 0.00000000000 0.00000000000
 0.00000000000 0.00000000000 0.00000000000 0.00000000000 0.00000000000 0.00000000000 0.00000000000 0.00000000000
 0.00000000000 0.00000000000 0.00000000000 0.00000000000 0.00000000000 0.00000000000 0.00000000000 0.00000000000
 0.00000000000 0.00000000000 0.00000000000 0.00000000000 0.00000000000 0.00000000000 0.00000000000 0.00000000000
 0.00000000000 0.00000000000 0.00000000000 0.00000000000 0.00000000000 0.00000000000 0.00000000000 0.00000000000
 0.00000000000 0.00000000000 0.00000000000 0.00000000000 0.00000000000 0.00000000000 0.00000000000 0.00000000000
 0.00000000000 0.00000000000 0.00000000000 0.00000000000 0.00000000000 0.00000000000 0.00000000000 0.00000000000
 0.00000000000 0.00000000000 0.00000000000 0.00000000000 0.00000000000 0.00000000000 0.00000000000 0.00000000000
 0.00000000000 0.00000000000 0.00000000000 0.00000000000 0.00000000000 0.00000000000 0.00000000000 0.00000000000
 0.00000000000 0.00000000000 0.00000000000 0.00000000000 0.00000000000 0.00000000000 0.00000000000 0.00000000000
 0.00000000000 0.00000000000 0.00000000000 0.00000000000 0.00000000000 0.00000000000 0.00000000000 0.00000000000
 0.00000000000 0.00000000000 0.00000000000 0.00000000000 0.00000000000 0.00000000000 0.00000000000 0.00000000000
 0.00000000000 0.00000000000 0.00000000000 0.00000000000 0.00000000000 0.00000000000 0.00000000000 0.00000000000
 0.00000000000 0.00000000000 0.00000000000 0.00000000000 0.00000000000 0.00000000000 0.00000000000 0.00000000000
 0.00000000000 0.00000000000 0.00000000000 0.00000000000 0.00000000000 0.00000000000 0.00000000000 0.00000000000
 0.00000000000 0.00000000000 0.00000000000 0.00000000000 0.00000000000 0.00000000000 0.00000000000 0.00000000000
 0.00000000000 0.00000000000 0.00000000000 0.00000000000 0.00000000000 0.00000000000 0.00000000000 0.00000000000
 0.00000000000 0.00000000000 0.00000000000 0.00000000000 0.00000000000 0.00000000000 0.00000000000 0.00000000000
 0.00000000000 0.00000000000 0.00000000000 0.00000000000 0.00000000000 0.00000000000 0.00000000000 0.00000000000
 0.00000000000 0.00000000000 0.00000000000 0.00000000000 0.00000000000 0.00000000000 0.00000000000 0.00000000000
 0.00000000000 0.00000000000 0.00000000000 0.00000000000 0.00000000000 0.00000000000 0.00000000000 0.00000000000
 0.00000000000 0.00000000000 0.00000000000 0.00000000000 0.00000000000 0.00000000000 0.00000000000 0.00000000000
 0.00000000000 0.00000000000 0.00000000000 0.00000000000 0.00000000000 0.00000000000 0.00000000000 0.00000000000
 0.00000000000 0.00000000000 0.00000000000 0.00000000000 0.00000000000 0.00000000000 0.00000000000 0.00000000000
 0.00000000000 0.00000000000 0.00000000000 0.00000000000 0.00000000000 0.00000000000 0.00000000000 0.00000000000
 0.00000000000 0.00000000000 0.00000000000 0.00000000000 0.00000000000 0.00000000000 0.00000000000 0.00000000000
 0.00000000000 0.00000000000 0.00000000000 0.00000000000 0.00000000000 0.00000000000 0.00000000000 0.00000000000
 0.00000000000 0.00000000000 0.00000000000 0.00000000000 0.00000000000 0.00000000000 0.00000000000 0.00000000000
 0.00000000000 0.00000000000 0.00000000000 0.00000000000 0.00000000000 0.00000000000 0.00000000000 0.00000000000
 0.00000000000 0.00000000000 0.00000000000 0.00000000000 0.00000000000 0.00000000000 0.00000000000 0.00000000000
 0.00000000000 0.00000000000 0.00000000000 0.00000000000 0.00000000000 0.00000000000 0.00000000000 0.00000000000
# sel_devs_eit:
 -0.703725014122 0.831286627551 1.57699555375 1.54525291990 1.43749923013 1.43159308657 1.27204865643
# sel_coffs_fsh:
 -4.35507330838 -2.40485364020 -1.25164102818 0.271465170970 0.380673374299 0.378726724364 0.348810282154 0.309001363414 0.273397716779 0.247953246776
# sel_coffs_bts:
 -0.0100000000000 -0.0100000000000 -0.0100000000000 -0.0100000000000 -0.0100000000000 -0.0100000000000 -0.0100000000000 -0.0100000000000
# sel_coffs_eit:
 1.28993676345 -0.0458868176148 -0.715796722241 -0.704350506183 -0.701863599551 -0.694002250952 -0.683359097101
# sel_slp_bts:
0.987300212335
# sel_a50_bts:
5.62130945455
# sel_age_one:
-3.00700051922
# sel_slp_bts_dev:
 -0.457882021142 -0.0952347325460 0.0686250993769 -0.257369358801 -0.227057627731 -0.327633101235 -0.361406043771 -0.207626249418 0.0555733896910 0.0128543544628 0.0267989962221 0.122515936602 0.176616862296 0.248069474066 0.0115030706517 -0.191875712251 -0.371376220992 -0.460751331607 -0.308968239332 -0.345039884609 -0.0924528212640 0.118888887764 0.0231886515514 0.0801072717586 -0.0269457516734 0.177042795990 0.344623911511 0.319816323389 0.615327406579 0.533234980655 0.189555467959 0.241879620746 0.317361204710 0.0976006077787 -0.0495652173878
# sel_a50_bts_dev:
 -0.152664340014 -0.238802214623 -0.0599626881752 -0.0419846793885 0.0726802796113 0.0843662256653 -0.104733689719 -0.146716891236 -0.200837329810 0.0365954905349 -0.0381091392595 -0.101717305390 -0.0552796278540 -0.0224869656505 0.176241086980 0.162104051481 0.294439914664 0.204249393523 0.0951032177550 0.182705305911 0.0607188515399 0.0201740191166 0.106602946793 -0.0328807068440 0.161766183184 -0.0611602657997 -0.0260402013056 -0.0412175534574 -0.202225295372 -0.0301564671786 -0.00537788392623 -0.0174263838866 -0.0866478808710 -0.0554267251277 0.0641072681307
# sel_one_bts_dev:
 -0.168785616710 -0.195408371453 -0.0513149262488 -0.374610557171 -0.456208224543 -0.168843403940 -0.340294385016 -0.104143816650 0.109667855764 -0.139891578263 -0.00141654126180 0.0462489399116 -0.129929247922 -0.219722032145 -0.0447402528928 -0.0469103302082 0.0845581971636 0.0441753136579 0.145404106179 0.111257105228 0.207314943539 0.263597261403 0.0603147928321 -0.0455096656472 -0.0477117756365 -0.0447619832804 0.186708758635 0.392930601009 0.313125955434 0.0335649990171 -0.00799804072511 0.322657932200 0.0367275526793 0.0760870289576 0.153859406103
# sel_dif1_fsh:
1.00000000000
# sel_a501_fsh:
3.00000000000
# sel_trm2_fsh:
0.900000000000
# sel_dif2_fsh:
5.00000000000
# sel_dif1_fsh_dev:
 0.00000000000 0.00000000000 0.00000000000 0.00000000000 0.00000000000 0.00000000000 0.00000000000 0.00000000000 0.00000000000 0.00000000000 0.00000000000 0.00000000000 0.00000000000 0.00000000000 0.00000000000 0.00000000000 0.00000000000 0.00000000000 0.00000000000 0.00000000000 0.00000000000 0.00000000000 0.00000000000 0.00000000000 0.00000000000 0.00000000000 0.00000000000 0.00000000000 0.00000000000 0.00000000000 0.00000000000 0.00000000000 0.00000000000 0.00000000000 0.00000000000 0.00000000000 0.00000000000 0.00000000000 0.00000000000 0.00000000000 0.00000000000 0.00000000000 0.00000000000 0.00000000000 0.00000000000 0.00000000000 0.00000000000 0.00000000000 0.00000000000 0.00000000000 0.00000000000 0.00000000000 0.00000000000
# sel_a501_fsh_dev:
 0.00000000000 0.00000000000 0.00000000000 0.00000000000 0.00000000000 0.00000000000 0.00000000000 0.00000000000 0.00000000000 0.00000000000 0.00000000000 0.00000000000 0.00000000000 0.00000000000 0.00000000000 0.00000000000 0.00000000000 0.00000000000 0.00000000000 0.00000000000 0.00000000000 0.00000000000 0.00000000000 0.00000000000 0.00000000000 0.00000000000 0.00000000000 0.00000000000 0.00000000000 0.00000000000 0.00000000000 0.00000000000 0.00000000000 0.00000000000 0.00000000000 0.00000000000 0.00000000000 0.00000000000 0.00000000000 0.00000000000 0.00000000000 0.00000000000 0.00000000000 0.00000000000 0.00000000000 0.00000000000 0.00000000000 0.00000000000 0.00000000000 0.00000000000 0.00000000000 0.00000000000 0.00000000000
# sel_trm2_fsh_dev:
 0.00000000000 0.00000000000 0.00000000000 0.00000000000 0.00000000000 0.00000000000 0.00000000000 0.00000000000 0.00000000000 0.00000000000 0.00000000000 0.00000000000 0.00000000000 0.00000000000 0.00000000000 0.00000000000 0.00000000000 0.00000000000 0.00000000000 0.00000000000 0.00000000000 0.00000000000 0.00000000000 0.00000000000 0.00000000000 0.00000000000 0.00000000000 0.00000000000 0.00000000000 0.00000000000 0.00000000000 0.00000000000 0.00000000000 0.00000000000 0.00000000000 0.00000000000 0.00000000000 0.00000000000 0.00000000000 0.00000000000 0.00000000000 0.00000000000 0.00000000000 0.00000000000 0.00000000000 0.00000000000 0.00000000000 0.00000000000 0.00000000000 0.00000000000 0.00000000000 0.00000000000 0.00000000000
# rec_dev_future:
 0.00000000000 0.00000000000 0.00000000000 0.00000000000 0.00000000000
# M_dev:
 0.00000000000 0.00000000000 0.00000000000 0.00000000000 0.00000000000 0.00000000000 0.00000000000 0.00000000000 0.00000000000 0.00000000000 0.00000000000 0.00000000000 0.00000000000 0.00000000000 0.00000000000 0.00000000000 0.00000000000 0.00000000000 0.00000000000 0.00000000000 0.00000000000 0.00000000000 0.00000000000 0.00000000000 0.00000000000 0.00000000000 0.00000000000 0.00000000000 0.00000000000 0.00000000000 0.00000000000 0.00000000000 0.00000000000 0.00000000000 0.00000000000 0.00000000000 0.00000000000 0.00000000000 0.00000000000 0.00000000000 0.00000000000 0.00000000000 0.00000000000 0.00000000000 0.00000000000 0.00000000000 0.00000000000 0.00000000000 0.00000000000 0.00000000000 0.00000000000 0.00000000000
# mnwt:
 0.357510219529 0.477781727212 0.599166902265 0.718240031972 0.825042635480 0.937647727417 1.06473791034 1.18046141313 1.26067720895 1.35573704325 1.42374724090 1.51888688268 1.56623292334
# coh_eff:
 -1.44588002186 -0.783287472223 -0.866424911266 -0.959217972798 -0.727676035409 -0.330061744892 -0.261005935171 -0.340025674766 0.146881330353 0.0682882094363 -0.0119475670578 -0.174273500431 -0.126238366031 0.718217383565 0.786344868979 0.0986711405806 -0.440981484333 0.246752755744 0.801945701835 0.768442999068 0.938399786026 0.903045838525 0.960187123025 1.23973114942 1.71814242335 1.31019930805 1.13393462555 1.19763361991 0.855718532298 0.447069204007 0.142626357349 -0.600018038272 -1.50795689464 -1.63284910597 -2.10270761568 -2.17168662438 0.00000000000 0.00000000000 0.00000000000
# yr_eff:
 -0.0253017127276 0.137008302156 1.34840773401 0.918739903493 0.558292256881 0.186705223506 -0.100027147760 -0.444019782332 -0.528597689541 -0.729122065005 -0.228235393800 -0.359300139937 -0.429301166807 -0.896555009556 -1.59670810334 -1.87424434921 -0.996673671724 -1.03680036327 0.315836874605 0.239927092555 0.639970193989 0.799379177276 1.67767379888 2.42293762006 0.00000000000 0.00000000000 0.00000000000
