#	Data	with	corrections	for	BTS	Survey...depends	on	cov.dat	file																																													
#	Begin	year	fishery	trawl	survey																																																	
	1964	1982	1994																																																			
#	Endyr	46	1																																																			
2018																																																						
#	Recruitment	lag	(age	of	first	age	group)																																															
1																																																						
#	Number	of	age	groups																																																		
15																																																						
#	Maturity	at	age																																																			
0	0.008	0.289	0.641	0.842	0.901	0.947	0.963	0.97	1	1	1	1	1	1																																								
#	GOA	Maturitey-at-age																																																				
#	1965	1966	1967	1968	1969	1970	1971	1972	1973	1974	1975	1976	1977	1978	1979	1980	1981	1982	1983	1984	1985	1986	1987	1988	1989	1990	1991	1992	1993	1994	1995	1996	1997	1998	1999	2000	2001	2002	2003	2004	2005	2006	2007	2008	2009	2010	2011	2012	2013	2014	2015	2016	2017	2018
#	EW	index	NS	Index	(for	year's	64-99)																																															
8	7	2	9	7	7	7	7	8	6	5	7	8	8	7	5	4	6	7	8	3	7	7	7	7	8	4	6	2	1	6	6	4	4	10	4	4	4	4	4	4	4	4	4	4	4	4	4	4	4	4	4	4	4	4
5	6	6	8	5	8	5	4	8	4	5	5	6	5	8	11	6	7	9	10	4	4	6	5	7	9	5	7	3	5	3	5	4	6	11	4	4	4	4	4	4	4	4	4	4	4	4	4	4	4	4	4	4	4	4
#	Mean	wts	in	fishery	2	3	4	5	6	7	8	9	10	11	12	13	14	15																																				
0.0066	0.17	0.303	0.447	0.589	0.722	0.84	0.942	1.029	1.102	1.163	1.212	1.253	1.286	1.312																																								
0.0066	0.17	0.303	0.447	0.589	0.722	0.84	0.942	1.029	1.102	1.163	1.212	1.253	1.286	1.312																																								
0.0066	0.17	0.303	0.447	0.589	0.722	0.84	0.942	1.029	1.102	1.163	1.212	1.253	1.286	1.312																																								
0.0066	0.17	0.303	0.447	0.589	0.722	0.84	0.942	1.029	1.102	1.163	1.212	1.253	1.286	1.312																																								
0.0066	0.17	0.303	0.447	0.589	0.722	0.84	0.942	1.029	1.102	1.163	1.212	1.253	1.286	1.312																																								
0.0066	0.17	0.303	0.447	0.589	0.722	0.84	0.942	1.029	1.102	1.163	1.212	1.253	1.286	1.312																																								
0.0066	0.17	0.303	0.447	0.589	0.722	0.84	0.942	1.029	1.102	1.163	1.212	1.253	1.286	1.312																																								
0.0066	0.17	0.303	0.447	0.589	0.722	0.84	0.942	1.029	1.102	1.163	1.212	1.253	1.286	1.312																																								
0.0066	0.17	0.303	0.447	0.589	0.722	0.84	0.942	1.029	1.102	1.163	1.212	1.253	1.286	1.312																																								
0.0066	0.17	0.303	0.447	0.589	0.722	0.84	0.942	1.029	1.102	1.163	1.212	1.253	1.286	1.312																																								
0.0066	0.17	0.303	0.447	0.589	0.722	0.84	0.942	1.029	1.102	1.163	1.212	1.253	1.286	1.312																																								
0.0066	0.17	0.303	0.447	0.589	0.722	0.84	0.942	1.029	1.102	1.163	1.212	1.253	1.286	1.312																																								
0.0066	0.17	0.303	0.447	0.589	0.722	0.84	0.942	1.029	1.102	1.163	1.212	1.253	1.286	1.312																																								
0.0066	0.17	0.303	0.447	0.589	0.722	0.84	0.942	1.029	1.102	1.163	1.212	1.253	1.286	1.312																																								
0.0066	0.17	0.303	0.447	0.589	0.722	0.84	0.942	1.029	1.102	1.163	1.212	1.253	1.286	1.312																																								
0.0066	0.17	0.303	0.447	0.589	0.722	0.84	0.942	1.029	1.102	1.163	1.212	1.253	1.286	1.312																																								
0.0066	0.17	0.303	0.447	0.589	0.722	0.84	0.942	1.029	1.102	1.163	1.212	1.253	1.286	1.312																																								
0.0066	0.17	0.303	0.447	0.589	0.722	0.84	0.942	1.029	1.102	1.163	1.212	1.253	1.286	1.312																																								
0.0066	0.17	0.303	0.447	0.589	0.722	0.84	0.942	1.029	1.102	1.163	1.212	1.253	1.286	1.312																																								
0.0066	0.17	0.303	0.447	0.589	0.722	0.84	0.942	1.029	1.102	1.163	1.212	1.253	1.286	1.312																																								
0.0066	0.17	0.303	0.447	0.589	0.722	0.84	0.942	1.029	1.102	1.163	1.212	1.253	1.286	1.312																																								
0.0066	0.17	0.303	0.447	0.589	0.722	0.84	0.942	1.029	1.102	1.163	1.212	1.253	1.286	1.312																																								
0.0066	0.17	0.303	0.447	0.589	0.722	0.84	0.942	1.029	1.102	1.163	1.212	1.253	1.286	1.312																																								
0.0066	0.17	0.303	0.447	0.589	0.722	0.84	0.942	1.029	1.102	1.163	1.212	1.253	1.286	1.312																																								
0.0066	0.17	0.303	0.447	0.589	0.722	0.84	0.942	1.029	1.102	1.163	1.212	1.253	1.286	1.312																																								
0.0066	0.17	0.303	0.447	0.589	0.722	0.84	0.942	1.029	1.102	1.163	1.212	1.253	1.286	1.312																																								
0.0066	0.17	0.303	0.447	0.589	0.722	0.84	0.942	1.029	1.102	1.163	1.212	1.253	1.286	1.312																																								
0.0066	0.149613	0.285831903	0.4763462	0.604388244	0.72757859	0.838658917	0.873304053	1.013929617	1.126930891	1.12934103	1.25103857	1.23982614	1.30809624	1.24930709																																								
0.0066	0.179094	0.393811609	0.462008889	0.64725545	0.70067006	0.811723113	0.981875457	1.030570815	1.21031652	1.22638093	1.27217625	1.198747639	1.34037031	1.43038514																																								
0.0066	0.33131	0.497035451	0.610141739	0.649777526	0.753521793	0.903963795	1.039495496	1.21128119	1.2320326	1.3914348	1.53791677	1.61033834	1.64628496	1.58357897																																								
0.0066	0.233091	0.405266624	0.650682232	0.728499608	0.747232977	0.707364531	1.057313237	1.39452065	1.3474982	1.34691986	1.39118175	1.39414764	1.3010208	1.34126011																																								
0.0066	0.15348	0.377089863	0.498154833	0.735324493	0.839973333	0.856337025	0.985669184	1.22018555	1.31482583	1.38760798	1.47694555	1.38988414	1.297470462	1.340887086																																								
0.0066	0.292889	0.322748603	0.42734275	0.678635925	0.793675533	0.948528529	0.952643075	1.020268667	1.095993765	1.361916639	1.50001019	1.52034212	1.71020965	1.59813542																																								
0.0066	0.187184	0.31503197	0.470676105	0.558501954	0.747383516	0.892715274	1.07220585	1.090543336	1.242880031	1.3458074	1.44292292	1.6677276	1.42339697	1.38310856																																								
0.0066	0.190536	0.368377661	0.588589129	0.627275875	0.62064389	0.775055372	1.029246329	1.16850284	1.25266839	1.32677737	1.45213008	1.41364689	1.52324441	1.5371141																																								
0.0066	0.187805	0.404737606	0.507373614	0.642725412	0.700532216	0.727927198	0.890782721	1.036612622	1.25007083	1.248240432	1.43060692	0.990332931	0.51599184	1.235554203																																								
0.0066	0.217708	0.352708368	0.525784469	0.629242427	0.730682041	0.782001248	0.80583257	0.965791781	1.006531717	1.24215959	1.320810898	1.100646661	1.16522963	1.46629382																																								
0.0065	0.226725	0.326971191	0.503462526	0.669034879	0.787665955	0.957718258	0.986619565	1.06317947	1.115446482	1.31389528	1.4349929	1.562648073	1.4333403	1.46689118																																								
0.0067	0.231265	0.386081365	0.508992332	0.666138301	0.794988638	0.909736588	1.029499976	1.10393711	1.094826922	1.28846182	1.44807517	1.5967901	1.342783668	1.68252193																																								
0.0065	0.27607	0.489288238	0.546559282	0.648934595	0.767045514	0.862457327	0.953267396	1.081378341	1.19979257	1.20001697	1.20553918	1.361502665	1.377197601	1.69915317																																								
0.0067	0.134785	0.40901797	0.582701986	0.640260628	0.758458131	0.888571047	0.924111665	1.035294552	1.161821378	1.109682438	1.160295818	1.333459146	1.281030089	1.21325107																																								
0.0066	0.282639	0.346398556	0.508256027	0.641900918	0.741043085	0.881739431	0.953783844	1.062463184	1.09629841	1.224724179	1.27560092	1.25146073	1.174224326	1.372974249																																								
0.0066	0.174065	0.30511706	0.447419531	0.605962064	0.754579594	0.852636744	0.952071579	1.064660379	1.11446828	1.219220437	1.234043468	1.282166044	1.39935871	1.46177729																																								
0.006633333	0.154728	0.346450376	0.505952458	0.6410819	0.78121324	0.96184034	1.09794638	1.18186161	1.27493799	1.30418453	1.47701463	1.50016392	1.73760323	1.52026134																																								
0.006611111	0.2076326	0.329653541	0.519574483	0.652285154	0.77404446	0.902674835	1.049082275	1.11853565	1.28179423	1.4208071	1.52405823	1.55267209	1.92119447	1.65965238																																								
0.006604444	0.135797	0.339597386	0.525923185	0.704469373	0.878851541	1.001725644	1.1254004	1.39856113	1.49005817	1.56322836	1.61366724	1.81413939	1.99574433	2.22982968																																								
0.0497677	0.174856	0.382978687	0.489482591	0.664494102	0.915162656	1.11856036	1.2609021	1.37111288	1.5874197	1.65866429	1.9240475	1.92283575	2.07927632	2.31621199																																								
0.030688207	0.204737208	0.290411609	0.508684432	0.665114976	0.808472144	0.975735006	1.22470357	1.3464161	1.5176903	1.58467716	1.62100973	2.17603071	1.75379734	2.28679933																																								
0.029020117	0.141972725	0.270360079	0.409638974	0.642711156	0.823719852	0.974379476	1.17166434	1.30618953	1.51921456	1.61423419	1.64407634	1.71695646	2.04018048	2.08625889																																								
0.0949551	0.1439405	0.288558723	0.441975922	0.564243498	0.78199228	1.13146386	1.28395947	1.4259477	1.69200945	1.83377091	1.80581269	1.96027938	2.18658045	2.20673042																																								
0.014342609	0.19287	0.316313298	0.454641924	0.616959116	0.751001784	0.893501859	1.15415696	1.30999151	1.370274953	1.69153765	1.81466513	1.73304554	1.65809597	2.23591917																																								
0.025182262	0.181323803	0.403077834	0.463025965	0.570501887	0.689736711	0.786016934	0.887238343	1.144517813	1.200508701	1.37777706	1.89162519	1.45240322	1.60281008	2.62710859																																								
0.025182262	0.181323803	0.407264208	0.530868995	0.556847276	0.647694558	0.732191368	0.801260619	0.942785955	1.046683754	1.20051774	0.63702886	1.087659782	1.869536944	1.63831505																																								
0.025182262	0.191119721	0.403932415	0.497843572	0.650786302	0.69388099	0.750552411	0.826982384	0.893537281	0.912035665	1.019403391	1.096666397	1.278415159	1.46016392	1.65671957																																								
0.025182262	0.186221762	0.337766	0.470909	0.609137	0.746714	0.790969	0.863668	0.975552	1.074736	1.226893	1.38554	1.51326	1.658812	1.753993																																								
#	10	11	12	13	14	15	16	17	18	19	20	21	22	23	24	25	26	27	28	29	30	31	32	33	34	35	36	37	38	39	40	41	42	43	44	45	46	47	48	49	50													
	0.084881666	0.195868126	0.313762788	0.459295544	0.588623602	0.697818331	0.796798739	0.914861263	1.056957011	1.147231476	1.290106451	1.387917889	1.43166676	1.407002719	1.522866931																																							
	0.084881666	0.195868126	0.313762788	0.459295544	0.588623602	0.697818331	0.796798739	0.914861263	1.056957011	1.147231476	1.290106451	1.387917889	1.43166676	1.407002719	1.522866931																																							
	0.084881666	0.195868126	0.313762788	0.459295544	0.588623602	0.697818331	0.796798739	0.914861263	1.056957011	1.147231476	1.290106451	1.387917889	1.43166676	1.407002719	1.522866931																																							
	0.084881666	0.195868126	0.313762788	0.459295544	0.588623602	0.697818331	0.796798739	0.914861263	1.056957011	1.147231476	1.290106451	1.387917889	1.43166676	1.407002719	1.522866931																																							
	0.084881666	0.195868126	0.313762788	0.459295544	0.588623602	0.697818331	0.796798739	0.914861263	1.056957011	1.147231476	1.290106451	1.387917889	1.43166676	1.407002719	1.522866931																																							
	0.084881666	0.195868126	0.313762788	0.459295544	0.588623602	0.697818331	0.796798739	0.914861263	1.056957011	1.147231476	1.290106451	1.387917889	1.43166676	1.407002719	1.522866931																																							
	0.084881666	0.195868126	0.313762788	0.459295544	0.588623602	0.697818331	0.796798739	0.914861263	1.056957011	1.147231476	1.290106451	1.387917889	1.43166676	1.407002719	1.522866931																																							
	0.084881666	0.195868126	0.313762788	0.459295544	0.588623602	0.697818331	0.796798739	0.914861263	1.056957011	1.147231476	1.290106451	1.387917889	1.43166676	1.407002719	1.522866931																																							
	0.084881666	0.195868126	0.313762788	0.459295544	0.588623602	0.697818331	0.796798739	0.914861263	1.056957011	1.147231476	1.290106451	1.387917889	1.43166676	1.407002719	1.522866931																																							
	0.084881666	0.195868126	0.313762788	0.459295544	0.588623602	0.697818331	0.796798739	0.914861263	1.056957011	1.147231476	1.290106451	1.387917889	1.43166676	1.407002719	1.522866931																																							
	0.084881666	0.195868126	0.313762788	0.459295544	0.588623602	0.697818331	0.796798739	0.914861263	1.056957011	1.147231476	1.290106451	1.387917889	1.43166676	1.407002719	1.522866931																																							
	0.084881666	0.195868126	0.313762788	0.459295544	0.588623602	0.697818331	0.796798739	0.914861263	1.056957011	1.147231476	1.290106451	1.387917889	1.43166676	1.407002719	1.522866931																																							
	0.084881666	0.195868126	0.313762788	0.459295544	0.588623602	0.697818331	0.796798739	0.914861263	1.056957011	1.147231476	1.290106451	1.387917889	1.43166676	1.407002719	1.522866931																																							
	0.084881666	0.195868126	0.313762788	0.459295544	0.588623602	0.697818331	0.796798739	0.914861263	1.056957011	1.147231476	1.290106451	1.387917889	1.43166676	1.407002719	1.522866931																																							
	0.084881666	0.195868126	0.313762788	0.459295544	0.588623602	0.697818331	0.796798739	0.914861263	1.056957011	1.147231476	1.290106451	1.387917889	1.43166676	1.407002719	1.522866931																																							
	0.084881666	0.195868126	0.313762788	0.459295544	0.588623602	0.697818331	0.796798739	0.914861263	1.056957011	1.147231476	1.290106451	1.387917889	1.43166676	1.407002719	1.522866931																																							
	0.084881666	0.195868126	0.313762788	0.459295544	0.588623602	0.697818331	0.796798739	0.914861263	1.056957011	1.147231476	1.290106451	1.387917889	1.43166676	1.407002719	1.522866931																																							
	0.084881666	0.195868126	0.313762788	0.459295544	0.588623602	0.697818331	0.796798739	0.914861263	1.056957011	1.147231476	1.290106451	1.387917889	1.43166676	1.407002719	1.522866931																																							
	0.084881666	0.195868126	0.313762788	0.459295544	0.588623602	0.697818331	0.796798739	0.914861263	1.056957011	1.147231476	1.290106451	1.387917889	1.43166676	1.407002719	1.522866931																																							
	0.084881666	0.195868126	0.313762788	0.459295544	0.588623602	0.697818331	0.796798739	0.914861263	1.056957011	1.147231476	1.290106451	1.387917889	1.43166676	1.407002719	1.522866931																																							
	0.084881666	0.195868126	0.313762788	0.459295544	0.588623602	0.697818331	0.796798739	0.914861263	1.056957011	1.147231476	1.290106451	1.387917889	1.43166676	1.407002719	1.522866931																																							
	0.084881666	0.195868126	0.313762788	0.459295544	0.588623602	0.697818331	0.796798739	0.914861263	1.056957011	1.147231476	1.290106451	1.387917889	1.43166676	1.407002719	1.522866931																																							
	0.084881666	0.195868126	0.313762788	0.459295544	0.588623602	0.697818331	0.796798739	0.914861263	1.056957011	1.147231476	1.290106451	1.387917889	1.43166676	1.407002719	1.522866931																																							
	0.084881666	0.195868126	0.313762788	0.459295544	0.588623602	0.697818331	0.796798739	0.914861263	1.056957011	1.147231476	1.290106451	1.387917889	1.43166676	1.407002719	1.522866931																																							
	0.084881666	0.195868126	0.313762788	0.459295544	0.588623602	0.697818331	0.796798739	0.914861263	1.056957011	1.147231476	1.290106451	1.387917889	1.43166676	1.407002719	1.522866931																																							
	0.084881666	0.195868126	0.313762788	0.459295544	0.588623602	0.697818331	0.796798739	0.914861263	1.056957011	1.147231476	1.290106451	1.387917889	1.43166676	1.407002719	1.522866931																																							
	0.084881666	0.195868126	0.313762788	0.459295544	0.588623602	0.697818331	0.796798739	0.914861263	1.056957011	1.147231476	1.290106451	1.387917889	1.43166676	1.407002719	1.522866931																																							
	0.084881666	0.195868126	0.313762788	0.459295544	0.588623602	0.697818331	0.796798739	0.914861263	1.056957011	1.147231476	1.290106451	1.387917889	1.43166676	1.407002719	1.522866931																																							
	0.084881666	0.195868126	0.313762788	0.459295544	0.588623602	0.697818331	0.796798739	0.914861263	1.056957011	1.147231476	1.290106451	1.387917889	1.43166676	1.407002719	1.522866931																																							
	0.084881666	0.195868126	0.313762788	0.459295544	0.588623602	0.697818331	0.796798739	0.914861263	1.056957011	1.147231476	1.290106451	1.387917889	1.43166676	1.407002719	1.522866931																																							
	0.084881666	0.195868126	0.313762788	0.459295544	0.588623602	0.697818331	0.796798739	0.914861263	1.056957011	1.147231476	1.290106451	1.387917889	1.43166676	1.407002719	1.522866931																																							
	0.084881666	0.195868126	0.313762788	0.459295544	0.588623602	0.697818331	0.796798739	0.914861263	1.056957011	1.147231476	1.290106451	1.387917889	1.43166676	1.407002719	1.522866931																																							
	0.084881666	0.195868126	0.313762788	0.459295544	0.588623602	0.697818331	0.796798739	0.914861263	1.056957011	1.147231476	1.290106451	1.387917889	1.43166676	1.407002719	1.522866931																																							
	0.084881666	0.195868126	0.313762788	0.459295544	0.588623602	0.697818331	0.796798739	0.914861263	1.056957011	1.147231476	1.290106451	1.387917889	1.43166676	1.407002719	1.522866931																																							
	0.084881666	0.195868126	0.313762788	0.459295544	0.588623602	0.697818331	0.796798739	0.914861263	1.056957011	1.147231476	1.290106451	1.387917889	1.43166676	1.407002719	1.522866931																																							
	0.084881666	0.195868126	0.313762788	0.459295544	0.588623602	0.697818331	0.796798739	0.914861263	1.056957011	1.147231476	1.290106451	1.387917889	1.43166676	1.407002719	1.522866931																																							
	0.084881666	0.195868126	0.313762788	0.459295544	0.588623602	0.697818331	0.796798739	0.914861263	1.056957011	1.147231476	1.290106451	1.387917889	1.43166676	1.407002719	1.522866931																																							
	0.084881666	0.195868126	0.313762788	0.459295544	0.588623602	0.697818331	0.796798739	0.914861263	1.056957011	1.147231476	1.290106451	1.387917889	1.43166676	1.407002719	1.522866931																																							
	0.084881666	0.195868126	0.313762788	0.459295544	0.588623602	0.697818331	0.796798739	0.914861263	1.056957011	1.147231476	1.290106451	1.387917889	1.43166676	1.407002719	1.522866931																																							
	0.084881666	0.195868126	0.313762788	0.459295544	0.588623602	0.697818331	0.796798739	0.914861263	1.056957011	1.147231476	1.290106451	1.387917889	1.43166676	1.407002719	1.522866931																																							
	0.084881666	0.195868126	0.313762788	0.459295544	0.588623602	0.697818331	0.796798739	0.914861263	1.056957011	1.147231476	1.290106451	1.387917889	1.43166676	1.407002719	1.522866931																																							
	0.084881666	0.195868126	0.313762788	0.459295544	0.588623602	0.697818331	0.796798739	0.914861263	1.056957011	1.147231476	1.290106451	1.387917889	1.43166676	1.407002719	1.522866931																																							
	0.084881666	0.195868126	0.313762788	0.459295544	0.588623602	0.697818331	0.796798739	0.914861263	1.056957011	1.147231476	1.290106451	1.387917889	1.43166676	1.407002719	1.522866931																																							
	0.084881666	0.195868126	0.313762788	0.459295544	0.588623602	0.697818331	0.796798739	0.914861263	1.056957011	1.147231476	1.290106451	1.387917889	1.43166676	1.407002719	1.522866931																																							
	0.084881666	0.195868126	0.313762788	0.459295544	0.588623602	0.697818331	0.796798739	0.914861263	1.056957011	1.147231476	1.290106451	1.387917889	1.43166676	1.407002719	1.522866931																																							
	0.084881666	0.195868126	0.313762788	0.459295544	0.588623602	0.697818331	0.796798739	0.914861263	1.056957011	1.147231476	1.290106451	1.387917889	1.43166676	1.407002719	1.522866931																																							
	0.084881666	0.195868126	0.313762788	0.459295544	0.588623602	0.697818331	0.796798739	0.914861263	1.056957011	1.147231476	1.290106451	1.387917889	1.43166676	1.407002719	1.522866931																																							
	0.084881666	0.195868126	0.313762788	0.459295544	0.588623602	0.697818331	0.796798739	0.914861263	1.056957011	1.147231476	1.290106451	1.387917889	1.43166676	1.407002719	1.522866931																																							
	0.084881666	0.195868126	0.313762788	0.459295544	0.588623602	0.697818331	0.796798739	0.914861263	1.056957011	1.147231476	1.290106451	1.387917889	1.43166676	1.407002719	1.522866931																																							
	0.084881666	0.195868126	0.313762788	0.459295544	0.588623602	0.697818331	0.796798739	0.914861263	1.056957011	1.147231476	1.290106451	1.387917889	1.43166676	1.407002719	1.522866931																																							
	0.084881666	0.195868126	0.313762788	0.459295544	0.588623602	0.697818331	0.796798739	0.914861263	1.056957011	1.147231476	1.290106451	1.387917889	1.43166676	1.407002719	1.522866931																																							
	0.084881666	0.195868126	0.313762788	0.459295544	0.588623602	0.697818331	0.796798739	0.914861263	1.056957011	1.147231476	1.290106451	1.387917889	1.43166676	1.407002719	1.522866931																																							
	0.084881666	0.195868126	0.313762788	0.459295544	0.588623602	0.697818331	0.796798739	0.914861263	1.056957011	1.147231476	1.290106451	1.387917889	1.43166676	1.407002719	1.522866931																																							
	0.084881666	0.195868126	0.313762788	0.459295544	0.588623602	0.697818331	0.796798739	0.914861263	1.056957011	1.147231476	1.290106451	1.387917889	1.43166676	1.407002719	1.522866931																																							
	0.084881666	0.195868126	0.313762788	0.459295544	0.588623602	0.697818331	0.796798739	0.914861263	1.056957011	1.147231476	1.290106451	1.387917889	1.43166676	1.407002719	1.522866931																																							
#Catch	in	kilo	tons	by	year	1000																																																
#64	1965	1966	1967	1968	1969	1970	1971	1972	1973	1974	1975	1976	1977	1978	1979	1980	1981	1982	1983	1984	1985	1986	1987	1988	1989	1990	1991	1992	1993	1994	1995	1996	1997	1998	1999	2000	2001	2002	2003	2004	2005	2006	2007	2008	2009	2010	2011	2012	2013	2014	2015	2016	2017	2018
#	Updated	with	new	blend	data	for	83.45833333	1199072.884	1205530.721	1000	8,019																																											
174.792	230.551	261.678	550.362	702.181	862.789	1256.565	1743.763	1874.534	1758.919	1588.39	1356.736	1177.822	978.37	979.431	935.714	958.28	973.502	955.964	981.45	1092.055	1139.676	1141.993	859.416	1228.721	1229.6	1455.193	1195.64363	1390.29935	1326.60232	1329.35166	1264.24689	1192.78109	1124.43305	1102.15914	989.68031	1132.70985	1387.19702	1480.77388	1490.779227	1480.551669	1483.021809	1488.031045	1354.501789	990.578068	810.784346	810.2065048	1199.041168	1205.212137	1270.76509	1297.41948	1321.580583	1352.659289	1359.273639	1373.859376
	#Effort	(6	year	moving	average	after	1976)	1900																																														
#64	1965	1966	1967	1968	1969	1970	1971	1972	1973	1974	1975	1976	1977	1978	1979	1980	1981	1982	1983	1984	1985	1986	1987	1988	1989	1990	1991	1992	1993	1994	1995	1996	1997	1998	1999	2000	2001	2002	2003	2004	2005	2006	2007	2008	2009	2010	2011	2012	2013	2014	2015	2016	2017	2018
0.56385	0.38425	0.35362	0.67946	0.62695	0.60335	1.03848	1.55693	1.5365	1.72443	1.57266	1.49092	1.28024	1.526946667	1.521949444	1.519524352	1.48537341	1.48537341	1.48537341	1.48537341	1.48537341	1.48537341	1.48537341	1.48537341	1.48537341	1.48537341	1.48537341	1.48537341	1.48537341	1.48537341	1.48537341	1.48537341	1.48537341	1.48537341	1.48537341	1.48537341	1.48537341	1.48537341	1.48537341	1.5	1.5	1.5	1.5	1.5	1.5	1.5	1.5	1.5	1.5	1.5	1.5	1.5	1.5	1.5	1.5
#	Japanese	CPUE	Data																																																			
#	years																																																					
12																																																						
#Year																																																						
1965	1966	1967	1968	1969	1970	1971	1972	1973	1974	1975	1976																																											
2816.437428	3473.580475	3802.169891	5257.304601	6712.468418	5679.809828	5257.331283	5726.743484	4787.923949	4740.992588	4271.57446	4318.523058																																											
#	Stderrors																																																					
563.2874856	694.716095	760.4339781	1051.46092	1342.493684	1135.961966	1051.466257	1145.348697	957.5847898	948.1985176	854.3148919	863.7046116																																											
#	AVO	data																																																				
13	#	years																																																				
#Year																																																						
	2006	2007	2008	2009	2010	2011	2012	2013	2014	2015	2016	2017	2018																																									
#AVO																																																						
	0.555	0.638	0.316	0.285	0.679	0.543	0.661	0.694	0.897	0.953	0.776	0.73	0.672																																									
#StdErr	0.051	0.0865	0.0643	0.1203	0.0858	0.0572	0.0625	0.039	0.0428	0.0456	0.0365	0.0342	0.0336	#	0.113458436																																							
	0.145383248	0.283457527	0.104363651	0.176100948	0.299232161	0.159531727	0.212193797	0.13901936	0.19719115	0.223207586	0.145480838	0.128233109	0.115973765	#	0.3	4.280258132																																						
#	Mean	wts	in	AVO																																																		
#1	2	3	4	5	6	7	8	9	10	11	12	13	14	15																																								
0.019380752	0.101459822	0.244144755	0.378145671	0.526992229	0.652066615	0.763603851	0.846668019	0.933519833	0.971437494	1.001150919	1.149534691	1.211687201	1.281049807	1.179917849																																								
0.018495649	0.087193364	0.279247415	0.437187833	0.582488803	0.686632399	0.788236316	0.870999726	0.970100191	1.102708516	1.105671451	1.236948448	1.235486845	1.749460306	1.230626606																																								
0.022553568	0.083533376	0.21397106	0.406607915	0.575800608	0.689063242	0.805223493	0.981970849	0.968320224	1.262557586	1.247212431	1.246648968	1.389705798	1.638032697	1.246968301																																								
0.020319991	0.10850146	0.241958619	0.416450696	0.646619245	0.785332663	0.950143453	1.030621575	1.064024628	1.328355453	1.326541881	1.547037133	1.556585854	1.536816208	1.743715961																																								
0.031689084	0.117343148	0.221257593	0.441148338	0.565233181	0.72191307	0.936799438	1.336564857	1.574484153	1.622437222	1.692529159	1.895356839	1.926997647	1.941451524	1.96177442																																								
0.029375575	0.106631395	0.208972742	0.408413458	0.548858375	0.705860897	0.887469619	1.132474036	1.422040294	1.444774336	1.510418611	1.641548799	1.694167469	1.853097483	1.859717642																																								
0.027062065	0.095919642	0.196687891	0.375678579	0.532483569	0.689808725	0.838139801	0.928383216	1.269596435	1.267111449	1.328308063	1.387740759	1.461337291	1.764743441	1.757660864																																								
0.029375575	0.106631395	0.208972742	0.408413458	0.548858375	0.705860897	0.887469619	1.132474036	1.422040294	1.444774336	1.510418611	1.641548799	1.694167469	1.853097483	1.859717642																																								
0.025225422	0.134561038	0.22362502	0.394297251	0.547275951	0.694533734	0.762828456	0.997097865	1.142014088	1.26636429	1.444106539	1.711001125	1.903016304	1.794556846	1.776686924																																								
0.022663922	0.076370721	0.20628749	0.388882172	0.574370838	0.62703836	0.805764052	0.94094099	1.045938443	1.065510102	1.30555602	1.609914487	1.41157465	1.611457042	2.220015431																																								
0.033300215	0.109915022	0.265899823	0.480980012	0.538858085	0.63233835	0.696644128	0.785593495	0.846709044	0.960479213	1.166773547	1.369473936	1.623201894	1.684791209	1.738218																																								
0.021695848	0.098126926	0.198306373	0.398275248	0.527987789	0.595204387	0.685967599	0.736540379	0.818095286	0.819148452	0.947346988	0.815786201	1.182831599	1.319474816	1.57842663																																								
0.029279013	0.113887513	0.251122675	0.40643369	0.512022355	0.595795685	0.678600156	0.721862861	0.81782518	0.874899121	0.977607696	1.044707584	1.15193339	1.389053393	1.626173395																																								
#	Relative_Mean_Temp	1984	1985	1986	1987	1988	1989	1990	1991	1992	1993	1994	1995	1996																																								
#Number	of	types	of	age	comp	data																																																
3																																																						
#Nyears	of	Fishery	Bottom	Trawl	Survey	and	Hydro	survey	age	data																																												
1	1	1																																																				
54	37	16																																																				
#	Years	1900																																																				
1964	1965	1966	1967	1968	1969	1970	1971	1972	1973	1974	1975	1976	1977	1978	1979	1980	1981	1982	1983	1984	1985	1986	1987	1988	1989	1990	1991	1992	1993	1994	1995	1996	1997	1998	1999	2000	2001	2002	2003	2004	2005	2006	2007	2008	2009	2010	2011	2012	2013	2014	2015	2016	2017	
1982	1983	1984	1985	1986	1987	1988	1989	1990	1991	1992	1993	1994	1995	1996	1997	1998	1999	2000	2001	2002	2003	2004	2005	2006	2007	2008	2009	2010	2011	2012	2013	2014	2015	2016	2017	2018																		
	1994	1996	1997	1999	2000	2002	2004	2006	2007	2008	2009	2010	2012	2014	2016	2018																																						
#	Sample	sizes	for	fishery	trawl	survey	and	1999																																														
10	10	10	10	10	10	10	10	10	10	10	10	10	10	39	39	39	39	39	39	39	39	39	39	39	39	39	134	155	211	83	107	115	198	208	730	725	467	697	623	532	638	525	654	545	371	383	716	659	624	631	539	510	500	
105	126	118	125	88	105	76	80	82	71	82	90	74	75	90	78	82	90	101	107	110	107	108	109	102	97	82	87	90	113	116	120	137	151	115	105	100																		
43	32	49	67	70	72	51	47	39	35	26	34	44	79	61	25																																							
#Fishery	Age	Comps	(early	years	funky	based	on	old	size	comps	with	surface	age	key)																																								
0.025321	0.105571	0.165563	0.193611	0.095442	0.268407	0.120764	0.025321	0	0	0	0	0	0	0																																								
0.01417	0.015327	0.204164	0.550318	0.13476	0.033545	0.032389	0.015327	0	0	0	0	0	0	0																																								
0.028428	0.168302	0.057358	0.420126	0.264906	0.024151	0.026415	0.010314	0	0	0	0	0	0	0																																								
0.009467	0.110178	0.577515	0.087692	0.16	0.037988	0.011479	0.00568	0	0	0	0	0	0	0																																								
0.032939	0.178617	0.140218	0.468517	0.10737	0.030573	0.036579	0.005187	0	0	0	0	0	0	0																																								
0.014678	0.079766	0.459233	0.315684	0.10843	0.002305	0.012142	0.007761	0	0	0	0	0	0	0																																								
0.156762	0.238147	0.374263	0.176699	0.034247	0.011143	0.005571	0.003168	0	0	0	0	0	0	0																																								
0.165462	0.049415	0.27603	0.185287	0.274689	0.026683	0.017515	0.004919	0	0	0	0	0	0	0																																								
0.031428	0.151596	0.349715	0.280079	0.117347	0.046028	0.017471	0.006335	0	0	0	0	0	0	0																																								
0.011129	0.100338	0.121466	0.264054	0.202123	0.13807	0.076822	0.055643	0.024972	0.004498	0.000566	0.00015	0.0000325	0.000138	0																																								
0.024247	0.527279	0.194871	0.055427	0.074453	0.040192	0.025745	0.02169	0.021289	0.008954	0.003638	0.00095	0.000948	0.000169	0.000147																																								
0.008543	0.150288	0.691843	0.053185	0.014149	0.026573	0.025452	0.013869	0.008162	0.005747	0.001421	0.000562	0.0000904	0.000116	0																																								
0.0002	0.120162	0.454616	0.305986	0.030152	0.013916	0.019279	0.022363	0.017396	0.008572	0.003956	0.002706	0.000697	0	0																																								
0.037672	0.247673	0.331098	0.239905	0.086129	0.019158	0.00703	0.010141	0.008111	0.006514	0.00336	0.001667	0.001229	0.000245	0.0000678																																								
0.012042	0.186306	0.308118	0.261359	0.15068	0.040795	0.011772	0.007098	0.008047	0.006471	0.004559	0.001741	0.000722	0.000221	0.0000692																																								
0.0395	0.211525	0.280373	0.163648	0.152892	0.083939	0.021921	0.010012	0.013973	0.010706	0.006862	0.003069	0.001153	0.000206	0.000222																																								
0.004034	0.190932	0.339926	0.183116	0.104124	0.087117	0.034572	0.015525	0.008981	0.009877	0.010508	0.006561	0.003192	0.001036	0.0005																																								
0.000262	0.033202	0.465713	0.29335	0.104387	0.047308	0.023758	0.01361	0.007403	0.004299	0.003453	0.002115	0.000699	0.00029	0.000152																																								
0.00237	0.012649	0.08055	0.584991	0.210743	0.051754	0.017953	0.017973	0.010743	0.004531	0.002704	0.001587	0.000928	0.000344	0.00018																																								
0.002906	0.067965	0.090431	0.179378	0.468209	0.125093	0.023738	0.014167	0.011353	0.006362	0.004356	0.002808	0.002017	0.000997	0.000218																																								
0.001082	0.023623	0.045694	0.22207	0.253549	0.337247	0.069013	0.01834	0.012938	0.008067	0.00366	0.001299	0.00151	0.000861	0.001046																																								
0.001377	0.028742	0.198541	0.06341	0.190469	0.167426	0.23081	0.058574	0.019048	0.013449	0.012929	0.005553	0.004909	0.002088	0.002675																																								
0.001514	0.042154	0.045222	0.366847	0.104926	0.185293	0.108734	0.105004	0.029249	0.00744	0.001637	0.001264	0.000132	0.000583	0																																								
0	0.014353	0.080902	0.056279	0.299858	0.100715	0.088821	0.065742	0.179309	0.039207	0.028064	0.015557	0.020974	0.004421	0.005799																																								
0	0.004867	0.207078	0.192308	0.115004	0.248302	0.102527	0.047866	0.017872	0.044149	0.008324	0.004658	0.001715	0.002506	0.002825																																								
0	0.002671	0.030904	0.083527	0.252883	0.093473	0.320776	0.053997	0.058166	0.018176	0.07233	0.006102	0.002235	0.001436	0.003325																																								
0.000752	0.018901	0.032625	0.125708	0.114964	0.273633	0.074005	0.211015	0.037632	0.058368	0.005178	0.034402	0.004865	0.002677	0.005275																																								
389.574	113171.246	44377.118	88939.243	151831.858	181937.238	509695.986	81478.506	292863.183	29464.685	143946.716	18242.941	88287.567	21837.841	50005.35	#	1,816,469 																																						
1963.817	88216.878	670812.79	130291.321	82898.781	110166.816	136177.829	254831.214	102726.463	152502.263	57876.973	45353.715	13708.389	43213.482	32332.071	#	1,923,073 																																						
94.553	6917.374	243618.641	1144408.8	108022.22	73939.487	68533.705	53098.613	91647.46	20461.642	35213.79	10862.126	13502.848	7305.252	16014.065	#	1,893,641 																																						
1167.769	35589.735	58612.068	347405.309	1067224.702	180474.844	57739.999	18728.566	12367.621	20247.034	9182.09	10150.168	7576.513	4058.436	8040.104	#	1,838,565 																																						
0	362.234	77134.933	148491.086	406831.16	767104.998	121936.992	31977.238	11202.132	8112.693	17685.144	5228.754	6653.234	1347.822	9082.577	#	1,613,151 																																						
0	16705.889	51918.124	82638.435	161493.758	362775.977	481648.022	186012.142	32583.736	14098.593	8438.524	8658.345	4502.948	5928.221	5026.075	#	1,422,429 																																						
1642.234	77851.848	39246.144	107649.409	472667.192	282593.09	252640.554	200068.83	65432.844	14010.332	5934.446	5275.465	3278.374	4446.997	9998.397	#	1,542,736 																																						
220.085	42328.664	85616.473	70923.704	154774.056	697028.577	202038.775	130969.685	107502.479	29113.557	6117.247	6200.07	2439.152	3558.84	5611.305	#	1,544,443 																																						
191.878	9649.623	294436.093	224555.033	102324.72	159704.82	470779.569	130685.88	56328.539	34117.658	3655.915	2267.111	813.723	397.372	1846.686	#	1,491,755 																																						
0	15332.214	80266.571	425831.835	346974.349	105151.561	170382.752	357627.323	85956.499	29457.682	22278.072	5336.222	1340.472	628.371	938.373	#	1,647,502 																																						
0	3084.082	46891.601	154726.845	582562.629	410467.836	135860.797	127004.325	157299.897	58963.253	34428.25	15999.852	5423.645	3709.105	1982.923	#	1,738,405 																																						
896.247	46960.366	108614.984	213379.414	287356.307	602274.72	270186.356	100646.404	86265.325	96759.331	33892.198	15336.596	11015.279	2669.201	1835.449	#	1,878,088 																																						
0	14109.644	408579.708	323481.978	367205.844	307130.698	331247.145	158767.45	49547.88	38445.472	36120.183	22732.501	6770.847	3455.562	3195.196	#	2,070,790 																																						
0	472.747	90113.139	825409.403	483692.605	238969.499	168482.403	155208.607	63231.433	15501.659	18560.982	26774.438	8939.641	6410.677	7628.284	#	2,109,396 																																						
0	4141.053	51083.675	399372.828	859074.438	483457.921	157561.81	68662.806	68321.412	30797.672	9622.546	8925.615	3027.053	2244.074	2795.475	#	2,149,088 																																						
0	9976.618	83181.281	293286.82	615345.939	592562.509	283626.996	109860.035	49506.308	40670.169	16990.443	8261.996	8356.433	4547.565	7080.682	#	2,123,254 																																						
1628.575	16913.693	60498.61	137515.012	388609.222	508735.359	300146.882	139480.685	47584.317	27418.283	24217.691	9501.016	6060.76	2823.288	11372.586	#	1,682,506 																																						
0	25887.483	57572.921	79413.829	148847.773	308393.403	242016.84	149334.438	82517.86	21781.636	18399.442	13973.056	8882.489	2825.066	12828.156	#	1,172,674 																																						
0	1314.583	175885.812	199871.244	82354.686	112946.047	123367.324	104017.576	65932.226	40456.075	23896.423	7607.21	8195.834	3332.554	9010.22	#	958,188 																																						
1038.972	27151.579	30847.146	557916.681	220633.757	55007.151	42454.516	56572.318	52871.334	31764.132	15999.889	8793.905	6228.497	4729.513	5530.034	#	1,117,539 																																						
439.07	11410.413	192811.109	115606.251	809474.865	284361.954	64084.643	37701.134	38348.107	40244.483	25274.388	12844.814	1822.819	4088.882	4234.601	#	1,642,748 																																						
0	23705.411	117842.838	943811.884	173671.162	433067.101	139900.66	36952.281	17622.732	14680.593	16212.08	13833.845	7795.157	5916.005	3021.404	#	1,948,033 																																						
1747.78	824.489	65324.891	342119.48	955524.16	195194.904	155881.129	69052.364	20085.844	13334.206	12521.42	11956.744	7948.41	4855.109	5556.129	#	1,861,927 																																						
0	39591.369	31441.3	168628.579	397383.817	752245.708	210304.189	86346.613	29153.561	9015.776	4631.899	4743.565	4481.716	2911.435	6138.456	#	1,747,018 																																						
0	15735.781	633167.118	194789.082	229065.738	385234.109	509395.335	88174.899	42967.285	17223.675	3151.271	2184.992	3342.803	2733.258	1286.352	#	2,128,452 																																						
0	513.811	91701.018	1389711.96	159282.682	175325.335	175485.305	223115.724	34719.37	13155.031	7889.919	455.54	1299.915	757.421	1096.176	#	2,274,509 																																						
0	2023.136469	29837.81109	551446.013	894584.2048	214665.1578	147536.6973	123201.1229	96340.83427	21539.79041	7841.114641	6289.15605	552.8579431	229.381001	142.4888516	#	2,096,230 																																						
#																																																						
#	1982	1983	1984	1985	1986	1987	1988	1989	1990	1991	1992	1993	1994	1995	1996	1997	1998	1999	2000	2001	2002	2003	2004	2005	2006	2007	2008	2009	2010	2011	2012	2013	2014	2015	2016	2017	2018																	
#	3818.993325	9824.660063	6986.428857	8199.420005	7399.334221	7786.862423	10922.0333	10482.38326	11674.22886	7514.669345	6698.642251	7936.605375	7431.863105	6544.127243	4066.835669	5030.769459	4037.571215	5184.650545	8024.333115	6105.654699	7028.476093	11468.19225	5743.141796	7017.787262	4015.799082	6438.16722	4257.940579	2933.737475	5182.947707	4603.804778	4770.803205	6166.292016	12508.09569	10877.71357	9776.255141	8694.051963	5595.761061																	
	4069.210419	8409.192322	6408.68334	8250.365179	6825.572169	7892.194066	11088.28364	9795.795211	11899.77443	7389.523346	6210.927575	7089.352255	7100.03131	9107.058623	4079.746944	5019.416752	3509.910059	5454.721391	7355.106687	5439.751954	6770.722978	13508.10474	5105.803667	6696.467023	3886.151484	6145.11096	3994.328355	2989.696394	5131.69891	3948.603132	4613.87077	6114.896548	10331.24582	8587.401763	6607.636871	6256.373881	4187.423749																	
#	Bottom	trawl	biomass	estimate	Std	Errors	1000	0.090865037																																														
656.5097702	870.9655366	810.7462153	720.5648504	835.8892747	1195.67918	1547.018253	1118.275333	2044.983554	1290.940431	1025.637265	858.7153006	988.306263	2233.498212	446.9047712	789.3197301	517.4108137	868.7917938	1100.241514	544.1707395	777.4763612	4536.024761	606.6999713	760.3421219	445.9910199	777.4335009	530.8238943	426.8413279	772.4435186	454.2602651	587.7486624	572.5813602	842.7448566	680.8952554	843.4311731	613.1929096	754.3806404																		
#	Bottom	trawl	survey	mean	wt	at	age									1000																																						
0.031871224	0.075186374	0.1679663	0.348916962	0.425297847	0.643747165	0.998681674	1.085515902	1.166361975	1.354272964	1.552064357	1.60956385	1.806353252	1.703207717	2.556631711																																								
0.017393809	0.141313627	0.241806885	0.360026274	0.489914366	0.572428132	0.713974694	1.057047615	1.100810545	0.98997982	1.07470938	1.083858965	1.493856997	1.073650592	1.721002384																																								
0.014057076	0.072449458	0.250629338	0.362426062	0.48886538	0.622582099	0.758918998	0.999529461	1.191830006	1.388738724	1.481671874	1.674948189	1.327583196	1.446157361	2.071736997																																								
0.013549291	0.104355437	0.234818632	0.394095063	0.485618114	0.615812039	0.75249829	0.868800603	1.40013969	1.091833069	1.245806038	1.743695044	1.614745772	1.599907499	2.561835063																																								
0.011730163	0.101955014	0.195047263	0.345255066	0.452698721	0.636289459	0.716317818	0.845273957	0.995476252	1.236911227	1.274868436	1.093435016	2.164136591	2.122759889	2.341956381																																								
0.017441665	0.109681581	0.270559811	0.356122108	0.435398589	0.524520272	0.695544842	0.777178395	0.868628883	0.956341492	1.133564145	1.369218529	1.679636286	2.007069233	2.122077698																																								
0.018388785	0.108357895	0.300046639	0.347271938	0.446431093	0.513206002	0.588595774	0.739759188	0.839048308	0.978431141	1.171230429	1.189698431	1.64453364	0.892124582	1.579087376																																								
0.015641812	0.091536768	0.176704531	0.363214382	0.43188785	0.514396298	0.616536393	0.654589781	0.89435365	0.888739562	1.005671382	1.026515557	1.068747725	1.117837174	1.132818272																																								
0.012647961	0.102228442	0.15954771	0.38513389	0.503057712	0.568476505	0.605321716	0.713555653	0.775669527	1.024196736	1.03845261	1.088294635	1.018571313	1.205001789	1.270606541																																								
0.01944445	0.108252507	0.156461855	0.371385691	0.492157904	0.581227863	0.688879628	0.731175096	0.85866908	0.889801421	1.055210286	1.145457672	1.215588093	1.32505156	1.816149229																																								
0.014178377	0.11345733	0.284115607	0.384510047	0.549779557	0.646604274	0.783777712	0.828338326	0.880334834	0.964002276	1.067007408	1.200033561	1.300591383	1.278803243	1.247820486																																								
0.01181974	0.072052892	0.322599842	0.447838099	0.49299942	0.539617152	0.643945921	0.777729118	0.962942526	1.016881171	1.129813689	1.2348227	1.341550225	1.492696122	1.597307955																																								
0.014690312	0.086165247	0.242097182	0.47871877	0.570174017	0.630398491	0.706960632	0.943517669	1.120632495	1.074950268	1.151910529	1.277381101	1.336984662	1.421991783	1.500662578																																								
0.01263642	0.088343474	0.170425206	0.371040279	0.474449019	0.627252046	0.652453729	0.783891458	0.899530746	1.099486156	1.044712268	1.22146508	1.220370972	1.338240679	1.544376132																																								
0.01675515	0.080521231	0.153694442	0.326784333	0.496211995	0.575992597	0.696485161	0.778836405	0.938872965	1.020987554	1.271397706	1.377276768	1.414034977	1.549745135	1.637594543																																								
0.016234995	0.053126079	0.237302202	0.337008535	0.406225331	0.536663279	0.677449172	0.769448281	0.937449508	1.013007556	1.122740689	1.269260611	1.226747727	1.462127718	1.569379946																																								
0.01634109	0.06967323	0.18395847	0.343457052	0.467325173	0.508788998	0.659699297	0.804256054	0.894104274	0.957632151	1.057476431	1.347557658	1.345390004	1.76386784	1.809621337																																								
0.014215979	0.079683911	0.216061934	0.353778771	0.416892653	0.557486817	0.631061691	0.761673688	0.961408199	0.985861873	1.074576216	1.161973729	1.519407284	1.725116384	1.868934275																																								
0.01046947	0.062744664	0.239769422	0.374622247	0.447404517	0.517588065	0.642992422	0.701421721	0.769493627	0.943930509	1.127326	1.188505227	1.299610672	1.436332035	1.810123968																																								
0.016224849	0.068509007	0.165574302	0.375526689	0.502198922	0.598478222	0.670413334	0.76372212	0.852253043	0.905657722	1.09306099	1.193116283	1.402188147	1.383885119	1.679810607																																								
0.011467951	0.097455911	0.256041201	0.378668365	0.511936292	0.63415806	0.66269649	0.798329833	0.890662624	0.927567666	0.938674132	1.100236058	1.195096833	1.400508004	1.864319147																																								
0.020553809	0.106301254	0.34071357	0.431101045	0.567624167	0.687699017	0.744669538	0.849112783	0.903518873	0.963793721	0.969339234	1.018760513	1.02541601	1.119599235	1.187132202																																								
0.019404381	0.099154638	0.305125979	0.480130747	0.554073566	0.676394254	0.751544275	0.782959048	0.933529769	0.940873734	1.027809789	1.03466438	1.107471945	1.320152974	1.375913273																																								
0.018445775	0.078518394	0.240513496	0.391287336	0.510362644	0.583253824	0.68831302	0.792107211	0.862327471	0.90140993	1.005624768	1.058454598	1.089917332	1.186867297	1.31729541																																								
0.00931117	0.08132745	0.14851422	0.375315876	0.514662519	0.605154692	0.716904927	0.803342831	0.896460659	1.027403783	1.070192948	1.153412765	1.25485842	1.230598102	1.329210005																																								
0.012229249	0.095294788	0.311736257	0.443167691	0.547936238	0.668329075	0.771247587	0.837861801	0.915181194	1.059712693	1.108413383	1.089317951	1.275554786	1.266667186	1.372976988																																								
0.014094157	0.054279565	0.22928535	0.427276881	0.529998373	0.643420241	0.756664467	0.857774606	0.91936506	1.059508689	1.204851527	1.186559968	1.344206973	1.505740529	1.534275274																																								
0.010376478	0.113182122	0.22155185	0.411230758	0.563214293	0.686879284	0.84501317	0.915263176	0.956244121	1.16628775	1.16505241	1.431930762	1.430776927	1.529248434	1.761036357																																								
0.018466123	0.078232404	0.244354571	0.4027184	0.541105817	0.669874509	0.8933253	0.978148202	1.015991923	1.113304552	1.145580079	1.25887292	1.42428475	1.526776814	1.934781034																																								
0.014640918	0.112349416	0.233275883	0.425946504	0.548479995	0.640717298	0.794541018	0.995259834	1.09421236	1.140071058	1.229364446	1.279440978	1.399569135	1.446563485	1.617166894																																								
0.013375986	0.079705948	0.206783152	0.361043331	0.535479056	0.662714892	0.794216647	0.915873717	1.190771037	1.216321331	1.271804511	1.318075566	1.40640952	1.642407962	1.898995889																																								
0.017066309	0.06862558	0.225205387	0.423763032	0.49225945	0.617416583	0.823676879	0.970024042	1.079252287	1.212366721	1.28790702	1.334696599	1.450174793	1.602957974	1.707280209																																								
0.016262659	0.100495194	0.219225322	0.359779996	0.476642416	0.601353251	0.653130277	0.880670257	0.966110461	1.105464114	1.288349495	1.30099061	1.35563472	1.454922533	1.623502538																																								
0.019334679	0.092677248	0.288273618	0.391657484	0.517743591	0.595091147	0.717680482	0.802753698	1.037410968	1.068790319	1.304994392	1.57471401	1.343204782	1.556839146	1.75562709																																								
0.022516319	0.083460929	0.241921837	0.434082258	0.507849995	0.603488265	0.6897681	0.774718989	0.837225941	0.915688442	1.062030931	0.968185147	1.333656715	1.577354939	1.583655261																																								
0.021695848	0.098126926	0.198306373	0.398275248	0.527987789	0.595204387	0.685967599	0.736540379	0.818095286	0.819148452	0.947346988	0.815786201	1.182831599	1.319474816	1.57842663																																								
0.020371863	0.072853995	0.206184551	0.374389232	0.495020775	0.602693838	0.696799029	0.74444716	0.839313769	0.877787425	0.959051812	0.935130487	1.017570394	1.069069854	1.120569314																																								
#																																																						
#	Bottom	trawl	survey	number	stderrors	1000	8	385	588	65	1.05E+18	1025.460872	0.105345544	1000																																								
#	1983	1984	1985	1986	1987	1988	1989	1990	1991	1992	1993	1994	1995	1996	1997	1998	1999	2000	2001	2002	2003	2004	2005	2006	2007	2008	2009	2010	2011	2012	2013	2014	2015	2016	2017	2018																		
#	Below	doesn't	apply	for	dens	dep	corrected	indices	(uses	covariance	matrix...)																																											
1273.281229	1128.229727	739.2267437	1930.851273	826.3730571	1125.630941	1456.237948	1136.250077	1369.842305	827.3787603	802.1038459	863.1712933	972.7242685	1809.108057	458.018317	981.6488213	578.1486389	833.7953316	1006.046504	695.6240203	750.124331	1863.12202	498.7207319	697.376502	427.3259792	668.5135658	430.8984247	415.0758849	707.0270956	452.5935264	610.8009021	625.3017876	792.4168798	705.3779581	700	700	700																		
#	Bottom	Trawl	survey	numbers	at	age	1982-98	96	Numbers	in	millions	of	fish	1000000	Rank	of	1yr	olds	2	3	4	5																																
1113.704709	2844.276083	3486.043515	4588.0215	1549.638861	196.8071426	122.9010906	57.61865106	36.16256589	21.81417063	13.16959638	7.78481326	2.586224834	0.933120122	0.36078229	#	14,106	1982	16	1	2	1	18	33	33	33	33	33	33																										
1622.0448	691.5586777	1752.585597	3178.914156	6893.612223	2091.121261	372.3831989	195.0436755	86.46917783	75.7872345	56.7842139	19.77038725	7.509005563	6.81106938	2.179288408	#	21,162	1983	2	8	5	5	1	9	28	28	30	28	27																										
359.8117949	378.138684	533.6214445	1450.813952	1893.996594	4569.164723	883.1473814	189.9157113	87.30810489	29.65264504	20.17560262	7.482576735	4.841883304	5.42280123	2.879808914	#	11,374	1984	30	20	14	12	11	4	15	29	29	32	32																										
5802.421017	896.9038933	3937.056096	1266.840022	4154.804123	2471.668475	1604.502735	304.2294031	71.47232431	61.53791544	20.20388388	6.496240651	7.022724419	0.896562335	0.303907086	#	21,312	1985	1	4	1	16	6	7	7	25	32	31	31																										
2284.215163	414.8234464	607.887298	2154.736643	1221.930877	1916.892079	1674.952426	1532.2042	481.1523692	71.63710977	32.70841413	14.3986617	0.930079071	3.005635432	0	#	12,818	1986	5	10	16	9	23	10	8	3	10	30	30																										
345.5092919	636.3768538	1019.419824	813.9643255	5117.509123	1435.459932	1369.473693	534.2483329	1633.106813	242.7487623	67.9958306	24.34738077	4.418457248	2.069312292	1.422775738	#	13,298	1987	32	7	6	21	4	17	11	16	1	15	25																										
910.1173151	581.3701885	2190.462095	4163.414393	1707.115723	5316.214795	1535.839152	1099.155616	619.2065342	1422.565486	130.3335649	77.05552576	13.92265074	21.2718089	7.89054372	#	20,548	1988	14	6	4	3	16	3	9	5	7	1	15																										
699.4626244	352.3439803	746.0632113	2483.280609	5356.327608	1007.942758	3632.818118	547.5646469	596.4413535	233.9954562	705.5354454	118.1188171	101.0097821	51.51537678	64.5549782	#	16,808	1989	22	21	11	7	3	24	1	14	6	14	2																										
1485.359231	383.0826363	118.7031178	932.5380619	1991.455561	6591.849499	1340.192396	3237.484479	324.6181754	548.9188668	81.53612409	765.1753401	65.17745006	47.23852535	69.26131056	#	18,161	1990	7	19	31	20	14	2	13	1	21	6	23																										
2516.481769	789.2347804	279.7599022	98.57910996	700.7951915	698.8304184	2287.264528	858.1529078	1767.347607	445.8693661	571.8959252	114.4591911	339.5423638	46.13184527	35.4426673	#	11,664	1991	3	5	21	33	28	30	5	9	2	9	3																										
1206.924221	235.1833324	1675.988814	276.7527521	440.8995618	887.4435724	891.1120737	1299.864773	560.8711584	1082.189328	365.8574295	392.6766768	162.5088024	125.238756	107.8816187	#	9,962	1992	15	13	3	26	32	28	23	7	11	4	7																										
1954.152611	266.8290136	1090.350261	4454.390682	940.9022037	724.2614479	352.9089154	439.1924038	561.5346965	339.6901043	283.8616396	207.8849739	155.9575803	82.01005639	90.51141195	#	13,126	1993	4	15	8	2	26	29	29	17	5	8	5																										
1106.336353	433.8353867	502.9742632	1773.100605	4921.071998	826.9471923	209.7186546	161.4499666	166.7947185	323.9621993	172.3428726	242.5146413	86.86677482	79.9478181	121.9343725	#	11,732	1994	13	9	12	13	5	27	32	30	25	10	11																										
685.0787411	56.86088728	309.7928765	2565.86777	3093.085134	4760.101996	2039.781113	571.5129077	323.6760925	166.2502383	338.5181761	131.9407067	234.0893488	79.36586313	95.79401405	#	15,651	1995	10	25	19	8	9	5	6	18	22	19	6																										
1176.475453	312.3518218	158.1363089	377.0053583	1220.536533	1657.755884	1318.619933	408.3472157	86.81863815	87.97020974	53.96077073	99.45190797	33.20324463	56.46569929	80.45606512	#	7,993	1996	12	17	28	27	24	14	10	19	28	25	22																										
2445.032158	335.8380128	190.6858651	262.250292	3332.479092	1461.899316	855.2655552	950.7114351	143.6644402	69.84586566	49.65803559	52.00724447	85.93824291	25.1894742	90.32658822	#	11,248	1997	6	18	27	30	7	15	17	6	26	26	26																										
646.8340455	610.5335539	368.1930952	286.9587539	509.8539353	2796.202077	644.8827426	384.6502334	292.6426345	73.18120623	33.12480072	11.21675835	25.53415116	31.11350294	71.90595561	#	7,054	1998	26	11	20	31	31	6	22	20	18	27	29																										
821.0040103	932.8503506	1112.447885	1234.814427	672.9699705	1086.900264	2724.534021	710.1656063	341.7048774	309.6015282	118.6105675	45.66249749	17.56904359	23.64217154	81.24610407	#	10,275	1999	21	3	9	18	29	22	3	10	17	11	18																										
953.5596467	342.1068315	552.5632999	2115.496193	2023.357891	976.9695589	759.7000366	2417.071767	942.9575408	486.0463032	202.7266958	133.5096415	41.28427729	17.5564456	72.64883629	#	12,493	2000	18	14	15	10	12	25	20	2	3	7	10																										
2055.502781	1162.049134	546.0994634	515.7195603	1328.115172	1374.240694	588.1356891	298.0705705	871.0863715	621.2288132	239.3619314	190.7603232	74.7411922	26.48506081	73.49133665	#	9,976	2001	11	2	13	22	19	16	24	26	4	5	8																										
605.5830662	344.4958601	1223.268007	1658.322257	1359.083778	1552.72678	797.0282486	370.8860041	486.8389969	919.3591417	455.0580367	206.6676786	123.8617414	38.07377533	44.69315355	#	10,373	2002	24	16	10	15	22	13	18	22	9	2	4																										
250.102547	91.7051069	1081.913248	1745.080483	1855.999936	1795.320179	2519.834598	1543.71882	747.1464009	955.0477517	2009.827207	870.4473902	309.2608004	187.5122788	115.8796116	#	16,085	2003	27	26	7	11	10	11	4	4	8	3	1																										
308.1829735	227.3340663	174.6961814	1436.158979	1419.183446	1058.353269	613.4904718	655.894994	309.2052779	193.170977	190.29103	345.6337046	145.7896411	35.18750247	27.1154152	#	7,150	2004	33	22	29	14	20	23	25	12	20	17	12																										
290.6844694	101.6333995	282.33083	1394.472501	3193.312986	1990.762421	968.1887714	423.4407488	312.9541087	229.7977282	59.76702719	124.9987216	202.2606698	78.75663034	79.80111124	#	10,794	2005	31	27	25	17	8	8	14	15	12	12	24																										
808.3758578	44.37500052	60.94185136	394.4123123	1061.274114	1344.28671	849.3565223	402.3894056	222.4545583	184.5082963	87.6171523	53.3879292	74.98273818	103.0549383	99.60611877	#	5,934	2006	23	32	32	25	25	18	19	23	24	18	21																										
2206.193024	38.22436137	117.6348721	463.7479292	1555.856346	1823.797438	1307.287972	940.4365876	391.0025603	171.2763701	159.2932926	137.3668295	59.01570141	74.76399216	140.4173992	#	9,716	2007	8	33	30	24	17	12	12	8	15	21	14																										
462.5861419	87.84155511	77.17091751	163.200755	543.954755	1161.969712	919.611149	639.1472088	403.4336657	156.7252405	128.2810634	97.56822428	43.1176792	23.07236034	145.059298	#	5,165	2008	28	30	33	32	30	21	16	13	14	23	17																										
764.5524647	232.5405889	501.5220875	483.6368004	247.4649213	376.915679	534.4906028	423.3154997	309.1035887	146.7479988	97.68369608	32.03509392	31.60371124	16.87793574	66.54756672	#	4,448	2009	25	24	17	23	33	31	26	21	19	22	19																										
442.2661202	120.7085834	248.3010346	3122.799528	1364.048554	410.525335	339.6238499	357.1098645	378.1222901	256.0634814	220.4927897	80.3467929	47.22282764	27.90131332	59.15639419	#	7,544	2010	29	28	23	6	21	32	30	24	13	13	9																										
1018.061169	112.9284052	280.710024	385.6199779	1969.192626	945.6645436	266.6700052	145.1887342	223.9777359	220.408025	181.4915987	136.0149852	55.97264825	26.52938447	68.81488673	#	6,111	2011	20	31	24	28	13	26	31	32	23	16	13																										
1147.714729	216.9275984	416.9624908	3301.171353	828.1633742	1319.392877	424.6197036	161.5656638	109.5939751	147.4153541	119.4839531	104.4793341	86.82951345	29.19048991	53.44759324	#	8,504	2012	19	23	18	4	27	19	27	31	27	20	16																										
1095.112998	93.13160873	205.8300112	992.9117459	5164.509354	1187.762678	717.6687098	244.8533418	81.49863735	72.23311817	95.51559223	71.07870785	66.3993426	35.92678242	48.60108145	#	10,289	2012	17	29	26	19	2	20	21	27	31	29	20																										
1848.324524	629.0989337	283.3795338	369.4865566	1764.155472	6503.771687	3358.343776	682.7331258	366.8216104	128.9972328	49.31959676	67.92481939	68.33747679	32.6303341	83.23079038	#	16,288	2012	9	12	22	29	15	1	2	11	16	24	28																										
1025.629564	794.0671346	2377.330262	607.3689449	1254.46392	2318.943857	4459.171816	1285.649544	294.4798849	140.5462319	16.21016651	14.73410362	27.36910829	16.21910385	34.74357331																																								
677.9094214	429.9705523	614.8152808	3668.426916	1426.637396	906.7926258	1231.252748	1763.165977	343.3068506	132.923038	42.20294258	9.474794246	9.75301505	2.791699226	3.801969966																																								
544.5618583	280.314598	451.7676144	2461.514986	2916.545376	1252.562786	850.7856774	753.124109	882.4229773	250.9653996	86.83082147	31.0379458	3.306936585	1.217818743	4.563964236																																								
977.9839536	456.1634939	194.7154772	394.0453117	2740.999581	1487.162749	491.2583082	359.0398677	362.3059598	279.0793801	87.31183108	13.83935275	1.856981197	0	4.828847555																																								
#	EIT	Std	errs	#	Total	Age	2+	total																																														
#	1979	1982	1985	1988	1991	1994	1996	1997	1999	2000	2002	2004	2006	2007	2008	New	2009	2010	2012	2014																																		
#	46314	17805	14965	12280.04769	7729.521174	9129.620765	5552.904008	6319.487549	9488.786604	7371.833551	11560.44934	6818.739008	2940.09277	3618.120222	4667.503016	2869.712543	10023.03476	6600.399086	13072.70542																																			
#	1979	1982	1985	1988	1991	1994	1996	1997	1999	2000	2002	2004	2006	2007	2008	2009	2010	2011																																				
#	CV:	2.5	0.2	0.2	0.2	0.2	0.192363714	0.159620955	0.151435265	0.225106474	0.13097104	0.126878195	0.151435265	0.159620955	0.184178024	0.312649056	0.360170359	0.245570699	0.25	0.204477459																																		
#115785	3561	2993	2456.009538	1545.904235	1756.207762	886.3598381	956.9932688	2135.987298	965.496704	1466.768941	1032.597546	469.3004144	666.3782347	1459.290413	1033.585396	2461.363655	1650.099771	3236.308222	2673.073581																																			
	1756.207762	886.3598381	956.9932688	2135.987298	965.496704	1466.768941	1032.597546	469.3004144	666.3782347	1459.290413	1033.585396	2461.363655	1650.099771	3236.308222	3054.031044	1500																																						
#	EIT	Age	compositions	#	Total	Age	2+	total	Rank	of	1yr	olds	2	yr	olds	3	yr	olds																																				
#	69110	41132	3884	413	534	128	30	4	28	59	69	29	3	1	0	#	115,424	46314	1	1	3	16																																
#	108	3401	4108	7637	1790	283	141	178	90	55	122	0	0	0	0	#	17,913	17805	14	7	2	1																																
#	2076	929	8149	898	2186	1510	1127	130	21	7	8	0	0	0	0	#	17,041	14965	6	15	1	11																																
#	10.85474	1112	3586	3864	739	1882	403	151	129.52866	254.51903	159	0	0	0	0	#	12,291	12280.04769	18	13	6	2																																
#	639.267538	5942.329255	967.026421	214.547946	224.129227	133.045368	119.732088	38.685293	37.037006	14.667193	16.038739	5.275012	7.862405	4.59	4.555221	#	8,369	7729.521174	8	4	15	17																																
	982.7611586	4093.592002	1215.690291	1833.134111	2262.106386	386.2678902	106.7317928	97.47818657	54.40252756	65.03580669	28.18229378	44.87201329	18.81994579	17.6317109	18.23336026	#	6,149	9129.620765	11	6	12	9		11224.93948	1756.207762																													
	1800.254055	566.6651289	552.1605677	2741.05969	914.9627576	633.5314923	585.0410499	141.6902635	38.61581297	28.17004469	22.42098893	39.47190175	13.93162698	24.8151922	11.36671099	#	5,747	5552.904008	7	17	16	4		8114.157284	886.3598381																													
	13250.61337	2878.576729	439.5912371	535.61608	2326.973348	546.0999907	313.0735193	290.5785486	75.13254314	27.84097254	30.8774387	35.15072189	38.9456788	18.73270433	26.40644085	#	4,705	6319.487549	2	9	17	14		20834.20933	956.9932688																													
	607.203652	1779.994957	3717.060555	1809.674942	651.8623359	397.5206722	1548.032454	526.2522179	180.0208387	141.6458991	48.2429485	20.49954722	10.26681262	7.795366795	4.756579636	#	9,064	9488.786604	13	11	5	8		11450.82978	2135.987298																													
	460.3664031	1322.030279	1230.054859	2588.027289	1011.827791	326.6153429	308.3642221	949.5520349	277.5851716	134.0981097	60.2585889	35.59960225	6.987367648	4.555128345	4.717246843	#	6,938	7371.833551	12	12	11	5		8720.639436	965.496704																													
	722.9260512	4281.091373	3931.01177	1435.181467	838.7676422	771.8300408	389.2720491	148.9245491	183.8283077	336.9202665	169.379811	75.55148286	42.33630324	12.69171075	4.614496482	#	8,340	11560.44934	9	5	4	10		13344.32732	1466.768941																													
	83.05449742	313.4685281	1216.362518	3117.581508	1636.599735	567.5542723	291.0125385	281.4871868	120.5677654	69.69279765	58.68894894	77.01034778	37.43403148	12.54649572	9.336016612	#	7,496	6818.739008	17	18	10	3		7892.397187	1032.597546																													
	524.7109597	216.9959852	291.2456803	654.0968542	783.376093	658.556301	390.200249	144.8889546	74.79552565	58.55390357	32.82491838	21.71921312	16.49280539	19.79414096	16.17350608	#	3,163	2940.09277	10	19	19	12		3904.42509	469.3004144																													
	5775.294145	1040.587146	345.0975264	477.803433	793.6882062	729.4436646	406.8880778	240.7900814	97.68694176	39.26161661	37.24040015	18.81644455	9.172120396	9.578372056	12.23984432	#	3,218	3618.120222	3	14	18	15		10033.58802	666.3782347																													
	70.86987403	2914.781331	1046.982702	166.0364212	160.8390551	287.569994	234.9074311	136.0885497	101.8481235	31.99584062	30.13565907	19.00020739	10.87302568	5.622851894	9.325865938	#	2,241	4667.503016	16	8	13	19		5226.876932	1459.290413																													
	5196.547365	815.7423751	1732.582202	277.4113589	67.61555844	84.02481977	117.4079812	92.79876222	64.88464872	38.8689759	22.50540238	9.640397393	8.552315286	4.733030008	4.561522468	#	2,526	2869.712543	4	16	7	18		8537.876715	1033.585396																													
	2567.932041	6404.127558	983.555176	2294.894996	445.8751144	73.08294839	33.24644727	36.88729822	37.75284314	28.93219886	25.95608354	13.14394723	8.0262055	4.890586523	4.448811744	#	3,991	10023.03476	5	3	14	7		12962.75226	2461.363655																													
	177.3461428	1988.660134	1692.89158	2710.228205	279.6862537	366.6684028	113.1403549	35.68733298	24.894592	28.74222129	25.056611	17.89443123	16.16934997	5.075921786	4.609220427	#	5,321	6600.399086	15	10	8	6		7486.750753	1650.099771																													
	4750.826375	8655.126367	969.4612339	1161.049534	1118.694291	1769.616489	740.1196732	170.1462345	78.81003026	31.51996399	12.57992471	13.86996375	14.05970784	7.703570799	7.097002595	#	6,095							19500.68036	3236.308222																													
	353.0717039	1184.817308	4546.423859	4438.903581	1193.688911	486.8315302	557.0814533	649.7428759	130.1618336	61.48228366	29.06412475	10.85506605	7.924340273	4.696196116	5.135812686	#	12,122	to	0.5	m				13659.88088	3054.031044																													
	423.915774	535.2572675	314.3102337	570.3387134	2337.630132	843.2920323	199.0089061	134.3605361	102.8608403	78.65806613	23.16443678	4.497976195	1.122373228	0	1.433463084	#	4,611																																					
#	EIT	1996	1997	1999	2000	2002	2004	2006	2007	2008	2009	2010	2012	2014	2016	2018	#																																					
	3640.106	2955.115	3590.695	4202.143	3613.94	4330.008	4016.18	1887.421	2288.07	1407.479	1323.06	2651.176	2298.941	4726.599	4828.889687	2499.401064	#																																					
#	0.047	0.039	0.037	0.055	0.032	0.031	0.037	0.039	0.045	0.076389176	0.088	0.06	0.042	0.046431649	0.021	0.044163258	#	0.046249005	4.324417343																																			
#	EIT	biomass	estimate	Std	Errors	0.315299588											#																																					
#	20%	17%	16%	24%	14%	13%	16%	17%	19%	33%	38%	26%	18%	20%	9%	19%	#	0.2																																				
	739.8428632	498.3868717	574.523558	999.4501036	500.1019139	580.4676123	642.6026224	318.3178481	445.2556315	464.9447517	503.4887976	687.8874884	417.5463739	949.0530011	438.5248204	477.3365073	#	577.3581728																																				
#	0.203247615	0.168652276	0.160003442	0.237842954	0.138381355	0.134056938	0.160003442	0.168652276	0.19459878	0.330338678	0.380548726	0.259465041	0.181625528	0.200789828	0.090812764																																							
#	Mean	wt-age	in	EIT																																																		
#1	2	3	4	5	6	7	8	9	10	11	12	13	14	15																																								
#	0.027102747	0.103943249	0.246133113	0.397317435	0.545315171	0.66730764	0.777638319	0.877165717	0.948517031	1.077568193	1.146133829	1.27113659	1.320688455	1.520677115	1.418910492																																							
#	0.027102747	0.103943249	0.246133113	0.397317435	0.545315171	0.66730764	0.777638319	0.877165717	0.948517031	1.077568193	1.146133829	1.27113659	1.320688455	1.520677115	1.418910492																																							
#	0.027102747	0.103943249	0.246133113	0.397317435	0.545315171	0.66730764	0.777638319	0.877165717	0.948517031	1.077568193	1.146133829	1.27113659	1.320688455	1.520677115	1.418910492																																							
#	0.027102747	0.103943249	0.246133113	0.397317435	0.545315171	0.66730764	0.777638319	0.877165717	0.948517031	1.077568193	1.146133829	1.27113659	1.320688455	1.520677115	1.418910492																																							
#	0.027102747	0.103943249	0.246133113	0.397317435	0.545315171	0.66730764	0.777638319	0.877165717	0.948517031	1.077568193	1.146133829	1.27113659	1.320688455	1.520677115	1.418910492																																							
0.028098302	0.088950365	0.233833851	0.387288624	0.562235162	0.63220144	0.704351579	0.848887748	0.969022356	1.138361652	1.23182106	1.445206662	1.403855796	1.356626056	1.822586605																																								
0.037773966	0.079180711	0.228031394	0.330858026	0.482485022	0.671084465	0.828614383	0.853917444	0.971967521	1.046543204	1.211815358	1.406491996	1.171310239	1.470779469	1.59589653																																								
0.033802091	0.134739627	0.257568156	0.384177333	0.479309027	0.611452193	0.785806012	0.979086727	1.045964863	1.145578791	1.239572454	1.715021861	2.033758674	1.672786046	1.423109296																																								
0.029428196	0.098627188	0.23558358	0.380245608	0.466445375	0.599929307	0.642847384	0.696932986	0.808573285	0.934792241	0.983716243	1.110090232	0.896256915	1.619041974	1.289666455																																								
0.031532787	0.113172734	0.240187623	0.392892849	0.543011597	0.639746947	0.712191862	0.745851368	0.782381229	0.901469147	1.094850025	0.92357505	1.072474776	1.892101509	1.416936706																																								
0.033327848	0.133008776	0.25604884	0.39670786	0.563822385	0.679883647	0.805020762	0.936518401	1.006467236	1.034434591	1.142940509	1.09697609	1.508178288	1.440500871	1.309022423																																								
0.023417064	0.115008316	0.276888956	0.459929374	0.569257426	0.692991123	0.76798241	0.857368045	0.913345976	0.987011448	1.022179787	1.104971366	1.048272624	1.070253326	1.349568682																																								
0.019380752	0.101459822	0.244144755	0.378145671	0.526992229	0.652066615	0.763603851	0.846668019	0.933519833	0.971437494	1.001150919	1.149534691	1.211687201	1.281049807	1.179917849																																								
0.018495649	0.087193364	0.279247415	0.437187833	0.582488803	0.686632399	0.788236316	0.870999726	0.970100191	1.102708516	1.105671451	1.236948448	1.235486845	1.749460306	1.230626606																																								
0.022553568	0.083533376	0.21397106	0.406607915	0.575800608	0.689063242	0.805223493	0.981970849	0.968320224	1.262557586	1.247212431	1.246648968	1.389705798	1.638032697	1.246968301																																								
0.020319991	0.10850146	0.241958619	0.416450696	0.646619245	0.785332663	0.950143453	1.030621575	1.064024628	1.328355453	1.326541881	1.547037133	1.556585854	1.536816208	1.743715961																																								
0.031689084	0.117343148	0.221257593	0.441148338	0.565233181	0.72191307	0.936799438	1.336564857	1.574484153	1.622437222	1.692529159	1.895356839	1.926997647	1.941451524	1.96177442																																								
0.027062065	0.095919642	0.196687891	0.375678579	0.532483569	0.689808725	0.838139801	0.928383216	1.269596435	1.267111449	1.328308063	1.387740759	1.461337291	1.764743441	1.757660864																																								
0.025225422	0.134561038	0.22362502	0.394297251	0.547275951	0.694533734	0.762828456	0.997097865	1.142014088	1.26636429	1.444106539	1.711001125	1.903016304	1.794556846	1.776686924																																								
0.033300215	0.109915022	0.265899823	0.480980012	0.538858085	0.63233835	0.696644128	0.785593495	0.846709044	0.960479213	1.166773547	1.369473936	1.623201894	1.684791209	1.738218																																								
0.029279013	0.113887513	0.251122675	0.40643369	0.512022355	0.595795685	0.678600156	0.721862861	0.81782518	0.874899121	0.977607696	1.044707584	1.15193339	1.389053393	1.626173395																																								
#	Relative_Mean_Temp	1984	1985	1986	1987	1988	1989	1990	1991	1992	1993	1994	1995	1996	1997	1998	1999	2000	2001	2002	2003	2004	2005	2006	2007	2008	2009	2010	2011	2012	2013	2014	2015	2016	2017	2018																		
0.801569974	1.308777926	0.887433921	0.962802284	0.660695373	1.363870605	0.937346639	1.263771226	1.036109015	1.218350075	0.770514845	1.31695717	0.565789349	0.646254864	1.447577778	1.095249208	1.475999401	0.149055698	0.870974168	1.049198637	1.431904869	1.629112326	1.467596046	1.499882273	0.651583608	0.644704453	0.407246675	0.439671593	0.439671593	0.439671593	0.439671593	0.439671593	0.439671593	0.439671593	0.4	0.4	0.4																		
#	age	error	#	age	error																																																	
0.994244373	0.005755627	1.72E-14	0	0	0	0	0	0	0	0	0	0	0	0																																								
0.017589322	0.964821356	0.017589322	1.32E-10	0	0	0	0	0	0	0	0	0	0	0																																								
3.02E-08	0.035475485	0.929048969	0.035475485	3.02E-08	0	0	0	0	0	0	0	0	0	0																																								
1.38E-15	1.06E-06	0.057015091	0.885967691	0.057015091	1.06E-06	0	0	0	0	0	0	0	0	0																																								
4.00E-23	1.07E-12	1.25E-05	0.080011094	0.839952805	0.080011094	1.25E-05	1.07E-12	0	0	0	0	0	0	0																																								
2.60E-30	4.30E-19	1.28E-10	7.42E-05	0.102942042	0.793967468	0.102942042	7.42E-05	1.28E-10	0	0	0	0	0	0																																								
5.84E-37	2.15E-25	4.21E-16	4.50E-09	0.000281265	0.124855101	0.749727259	0.124855101	0.000281265	4.50E-09	0	0	0	0	0																																								
4.98E-43	2.22E-31	1.21E-21	8.05E-14	6.83E-08	0.000783758	0.145168358	0.708095632	0.145168358	0.000783758	6.83E-08	8.05E-14	0	0	0																																								
1.53E-48	5.72E-37	4.96E-27	1.01E-18	4.86E-12	5.73E-07	0.001756272	0.163535451	0.669415408	0.163535451	0.001756272	5.73E-07	4.86E-12	0	0																																								
1.53E-53	3.84E-42	3.73E-32	1.42E-23	2.12E-16	1.27E-10	3.13E-06	0.003356355	0.179774235	0.63373256	0.179774235	0.003356355	3.13E-06	1.27E-10	0																																								
4.45E-58	6.52E-47	5.64E-37	2.88E-28	8.78E-21	1.60E-14	1.78E-09	1.24E-05	0.00569276	0.193827561	0.60093454	0.193827561	0.00569276	1.24E-05	1.78E-09																																								
3.32E-62	2.65E-51	1.75E-41	9.64E-33	4.43E-25	1.71E-18	5.57E-13	1.56E-08	3.86E-05	0.008811112	0.205734376	0.570831873	0.205734376	0.008811112	3.86E-05																																								
5.73E-66	2.39E-55	1.10E-45	5.57E-37	3.13E-29	1.95E-22	1.36E-16	1.06E-11	9.50E-08	9.93E-05	0.012694831	0.215603453	0.543204737	0.215603453	0.012794178																																								
2.08E-69	4.47E-59	1.34E-49	5.65E-41	3.33E-33	2.76E-26	3.22E-20	5.34E-15	1.26E-10	4.33E-07	0.000220213	0.017275673	0.223589352	0.517828659	0.24108567																																								
1.46E-72	1.62E-62	3.07E-53	9.94E-45	5.52E-37	5.26E-30	8.63E-24	2.44E-18	1.20E-13	1.03E-09	1.57E-06	0.000433888	0.022448549	0.229871987	0.747244002																																								
																																																						
#	Fishery	Length	Frequency	for	2008	(development,	not	used)																																														
#Nlbins																																																						
25																																																						
#Bins	(lower	bound):	25	27	29	31	33	35	36	37	38	39	40	41	42	43	44	45	46	48	50	52	54	56	58	60	62																											
361	304	393	635	898	478	544	709	986	1389	2023	2860	4044	5795	7792	10559	27013	28513	24232	18246	13057	8849	5842	3766	6205																														
#	Size-age	transition	for	2008	(based	on	2006	age-l	data)																																													
1	0	0	0	0	0	0	0	0	0	0	0	0	0	0	0	0	0	0	0	0	0	0	0	0																														
0.989820937	0.009491111	x	2.22E-05	3.44E-07	8.89E-09	6.42E-10	3.83E-11	1.89E-12	7.67E-14	2.55E-15	1.11E-16	0	0	0	0	0	0	0	0	0	0	0	0	0																														
0.180297825	0.234397846	0.270850945	0.195853424	0.074602984	0.024079201	0.011827654	0.005148318	0.001985807	0.000678747	0.000205576	5.52E-05	1.31E-05	2.76E-06	5.16E-07	9.45E-08	5.14E-09	6.64E-11	5.32E-13	2.66E-15	0	0	0	0	0																														
0.001663463	0.009128466	0.03772282	0.105054589	0.140131098	0.117867182	0.126504391	0.122736137	0.10764487	0.085342971	0.061163853	0.039625368	0.023206067	0.012285068	0.005878939	0.003161575	0.000799915	7.79E-05	5.10E-06	2.24E-07	6.61E-09	1.31E-10	1.73E-12	1.53E-14	0																														
2.23E-06	3.45E-05	0.000382199	0.002891191	0.009012314	0.014195398	0.025847783	0.042724941	0.064109694	0.087327567	0.107985505	0.121217889	0.123525185	0.114269917	0.095961197	0.101110882	0.064927079	0.019725952	0.004103568	0.000584149	5.69E-05	3.78E-06	1.72E-07	5.32E-09	1.14E-10																														
2.71E-08	5.22E-07	7.65E-06	8.20E-05	0.000356531	0.000735763	0.001724409	0.003734437	0.007472983	0.013818087	0.023609572	0.037274811	0.054378943	0.073305192	0.09131201	0.160683414	0.217651952	0.166756652	0.0937213	0.038633431	0.011677831	0.002587688	0.000420211	5.00E-05	4.65E-06																														
8.28E-10	1.75E-08	2.92E-07	3.73E-06	1.93E-05	4.59E-05	0.000123404	0.00030996	0.000727584	0.001596109	0.003272239	0.006269476	0.01122592	0.018785279	0.029377785	0.070216606	0.149284186	0.197599775	0.200435248	0.155803709	0.092806707	0.042358647	0.014811937	0.003967519	0.000958662																														
5.30E-11	1.16E-09	2.06E-08	2.88E-07	1.64E-06	4.24E-06	1.23E-05	3.38E-05	8.71E-05	0.00021172	0.000484551	0.001044384	0.00211994	0.004052571	0.007295945	0.021165228	0.060018578	0.112301599	0.165884729	0.193449022	0.178104165	0.129456795	0.074285304	0.033649677	0.016336399																														
1.11E-11	2.24E-10	3.81E-09	5.24E-08	2.99E-07	7.82E-07	2.32E-06	6.53E-06	1.74E-05	4.40E-05	0.000105536	0.000239979	0.000517459	0.001058055	0.002051498	0.006626105	0.022217206	0.051214138	0.09572002	0.145060566	0.178255928	0.177620793	0.143515469	0.094026717	0.081699131																														
1.41E-11	2.20E-10	3.03E-09	3.49E-08	1.76E-07	4.27E-07	1.20E-06	3.20E-06	8.19E-06	2.00E-05	4.67E-05	0.000104223	0.000222247	0.0004529	0.00088199	0.002899936	0.010186588	0.025417434	0.052999645	0.092356586	0.134501839	0.163705067	0.16652285	0.141567555	0.208101202																														
2.43E-11	3.02E-10	3.43E-09	3.33E-08	1.49E-07	3.34E-07	8.81E-07	2.23E-06	5.43E-06	1.27E-05	2.86E-05	6.18E-05	0.000128448	0.000256678	0.000493078	0.001607239	0.005672796	0.014542307	0.031884034	0.059789887	0.095897088	0.131556698	0.154367141	0.154929241	0.348763235																														
5.09E-11	5.12E-10	4.87E-09	4.03E-08	1.61E-07	3.35E-07	8.31E-07	1.99E-06	4.60E-06	1.03E-05	2.22E-05	4.63E-05	9.31E-05	0.000181057	0.000339934	0.001083139	0.003753385	0.009593984	0.021360052	0.041422901	0.069971294	0.102954544	0.131953561	0.147315726	0.469890563																														
1.18E-10	9.82E-10	7.95E-09	5.69E-08	2.04E-07	3.96E-07	9.28E-07	2.11E-06	4.64E-06	9.90E-06	2.05E-05	4.11E-05	7.98E-05	0.000150461	0.000274882	0.00085008	0.002856071	0.007155724	0.01584685	0.031020046	0.053673089	0.082089791	0.110979571	0.132623461	0.562320358																														
2.89E-10	2.01E-09	1.41E-08	8.85E-08	2.88E-07	5.22E-07	1.16E-06	2.50E-06	5.26E-06	1.07E-05	2.13E-05	4.11E-05	7.72E-05	0.000140924	0.000250107	0.000748308	0.002422054	0.005891576	0.012820811	0.024959709	0.043471722	0.067736108	0.094423906	0.117758886	0.629215673																														
2.36E-10	1.36E-09	8.28E-09	4.58E-08	1.36E-07	2.34E-07	4.97E-07	1.03E-06	2.09E-06	4.15E-06	8.02E-06	1.52E-05	2.80E-05	5.05E-05	8.89E-05	0.000265358	0.000866491	0.002164024	0.004921893	0.010194751	0.019230809	0.033036712	0.051686365	0.073643837	0.803790944																														
																																																						
#																																																						
1234567																																																						
