#Ebspollock:
CABS
#SSL Species?
1
#Constant buffer of Dorn?
0
#Number of fisheries?
1
#Number of sexes?
1
#5year_Average_F(endyr-4,endyr_as_estimated_by_ADmodel)
0.257962
#_Author_F_as_fraction_F_40%
1
#ABC SPR
0.4
#MSY SPR
0.35
#_Spawn_month
4
#_Number_of_ages
15
#_F_ratio(must_sum_to_one_only_one_fishery)
1
#_Natural_Mortality
 0.9 0.45 0.3 0.3 0.3 0.3 0.3 0.3 0.3 0.3 0.3 0.3 0.3 0.3 0.3
#_Maturity_divided_by_2(projection_program_uses_to_get_female_spawning_biomass_if_divide_by_2
 0 0.008 0.289 0.641 0.842 0.901 0.947 0.963 0.97 1 1 1 1 1 1
#_Wt_at_age_spawners
 0.0109217 0.199856 0.364011 0.515802 0.651644 0.797375 0.934377 1.03615 1.14669 1.24458 1.33718 1.42838 1.53018 1.55729 1.66539
#_Wt_at_age_fishery
 0.0109217 0.199856 0.364011 0.515802 0.651644 0.797375 0.934377 1.03615 1.14669 1.24458 1.33718 1.42838 1.53018 1.55729 1.66539
#
#_Selectivity_fishery_scaled_to_max_at_one
 0.000139776 0.00589817 0.0811239 0.353989 0.756128 1 0.963379 0.936615 0.902413 0.872848 0.872848 0.872848 0.872848 0.872848 0.872848
#_Numbers_at_age_end_year
 19641.1 7964.4 12382.1 1995.76 3922.6 710.711 151.678 113.829 122.236 102.852 82.8026 41.9459 17.0251 8.43563 19.3614
#_N_recruitment_years (including last 3 estimates)
33
#_Recruitment_start_at_1977_yearclass=1978_for_age_1_recruits
 26776.2 64623.7 26017.7 29184.3 15699.1 52392.5 13136.1 35350.8 13838.8 8315.49 5251.32 9512.28 50271 25664.9 21548.7 47002.7 14479.5 10452.8 23046.6 31559.5 15461.8 16976.1 25976.8 35585.6 22849.2 13736.9 6053.96 4068.66 10074.5 31909.4 10579.7 47844.9 19590.1
#_Spawning biomass 
 892.279 931.902 913.419 1036.91 1724.35 2629.47 3238.43 3443.17 3699.03 3929.42 4061.34 4057.77 3658.08 2952.97 2205.52 2302.71 3178.56 3476.87 3668.95 3656.76 3441.91 3198.57 3219.31 3269.34 3306.6 3134.71 3314.95 3401.57 3097.62 2523.05 2076.68 1494.78 1669.24
