EBS_Pollock_1996_Selectivity
1    # SSLn species...
0    # Buffer of Dorn
1    # Number of fsheries
1    # Number of sexes
0.291804  # averagei 5yr f                  
 1  # author f                  
 0.4  # ABC SPR        
 0.35 # MSY/OFL SPR    
 4  # Spawnmo                   
15 # Number of ages
 1  # Fratio                  
 0.9 0.45 0.3 0.3 0.3 0.3 0.3 0.3 0.3 0.3 0.3 0.3 0.3 0.3 0.3 # Natural Mortality       
# Maturity
 0	0.008	0.289	0.641	0.842	0.901	0.947	0.963	0.97	1	1	1	1	1	1
# Wt spawn
 0.0251823 0.181324 0.324772 0.48869 0.640397 0.802929 0.967257 1.11609 1.2393 1.37637 1.47579 1.55152 1.65785 1.75154 1.83845
# Wt fsh
 0.0251823 0.181324 0.324772 0.48869 0.640397 0.802929 0.967257 1.11609 1.2393 1.37637 1.47579 1.55152 1.65785 1.75154 1.83845
# selectivity
# 0.000191861 0.00890453 0.0585647 0.335173 0.746825 1 1.24895 1.31718 1.42244 1.41714 1.41714 1.41714 1.41714 1.41714 1.41714
#1972  0.00526771 0.181209 0.700508 0.979805 1.06296 1.06283 1.09195 1.17292 1.19553 1.25784 1.25784 1.25784 1.25784 1.25784 1.25784
0.00042698 0.0228138 0.111445 0.214863 0.563312 1.28462 1.687 1.60638 1.4451 1.34401 1.34401 1.34401 1.34401 1.34401 1.34401
# natage
 22713.8 11455.5 11051.7 1865.85 2226.29 1751.43 3079.05 316.327 226.08 40.5544 9.411 6.60153 7.06112 6.2594 10.335
# Nrec
37
# rec
 27037.8 67089.1 26823.2 30799.1 15968.4 53545.6 13295.1 35269.3 14505.2 8454.41 5416.18 10322.6 49742.7 25805.5 22295.4 47350 14662 10607.1 23085.7 31470.5 15655.9 17148.6 26656.7 36079.9 23318 13996.9 6313.24 4336.38 11159.9 25705.7 12472.3 62154.8 22562.8 17107.4 9890.05 42754.1 28177.4 22713.8
# SpawningBiomass
 940.652 989.127 971.446 1088.14 1793.33 2740.52 3392.49 3624.88 3895.13 4127.04 4241.96 4222.74 3803 3073.28 2305.13 2390.74 3255.59 3541.75 3737.31 3729.15 3514.36 3266.39 3277.2 3317.54 3355.15 3189.82 3388.17 3485.71 3184.89 2612.82 2177.42 1597.48 1723.87 1912.86 2384.94 2880.36 3306.17 3301.63
