EBS_Pollock_2014
1    # SSLn species...
0    # Buffer of Dorn
1    # Number of fsheries
1    # Number of sexes
0.329127  # averagei 5yr f                  
#0.24  # 2014 F
 1  # author f                  
 0.4  # ABC SPR        
 0.35 # MSY/OFL SPR    
 4  # Spawnmo                   
15 # Number of ages
 1  # Fratio                  
 0.9 0.45 0.3 0.3 0.3 0.3 0.3 0.3 0.3 0.3 0.3 0.3 0.3 0.3 0.3 # Natural Mortality       
# Maturity
 #0 0.004 0.1445 0.3205 0.421 0.4505 0.4735 0.4815 0.485 0.5 0.5 0.5 0.5 0.5 0.5
 0	0.008	0.289	0.641	0.842	0.901	0.947	0.963	0.97	1	1	1	1	1	1
# Wt spawn
 0.0143426 0.200518 0.290368 0.44733 0.600487 0.697684 0.725754 1.02984 1.16021 1.27295 1.37015 1.45447 1.53097 1.55873 1.64761
# Wt fsh
 0.0143426 0.200518 0.290368 0.44733 0.600487 0.697684 0.725754 1.02984 1.16021 1.27295 1.37015 1.45447 1.53097 1.55873 1.64761
# selectivity
 0.000148641 0.00545782 0.0568439 0.355298 0.703517 1 1.05439 1.22738 1.20684 1.18732 1.18732 1.18732 1.18732 1.18732 1.18732
# natage
 #23728 12604.2 4689.01 4577.01 2538.53 4383.23 444.737 421.415 80.2724 18.8273 13.7878 14.7726 13.0013 10.2804 11.4077
 23728 9128.4   4689.01 4577.01 2538.53 4383.23 444.737 421.415 80.2724 18.8273 13.7878 14.7726 13.0013 10.2804 11.4077
# Nrec
36
# rec
 27145.1 67256.4 26868.6 30766.1 15904.5 53685.9 13313.2 35372.6 14550.3 8504.6 5460.86 10358.5 50241.2 25576.5 22017.6 47609.8 14630.1 10694.8 23152.3 31501.2 15717.9 17220.5 26558.6 35982.3 23248.8 13973.7 6261.33 4255.4 10929.4 25596.8 10164.8 56155.2 20541.5 24236.8 18111.3 31002.8 23728
# SpawningBiomass
 931.472 980.346 963.228 1082.05 1791.7 2743.52 3397.74 3629.61 3899.69 4132.76 4249.57 4232.13 3813.84 3085.02 2317.69 2410.18 3281.34 3560.04 3750.26 3739.54 3525.95 3278.83 3289.49 3329.99 3369.33 3203.31 3397.38 3490.15 3186.51 2611.67 2173.18 1588.71 1707.77 1862.21 2238.85 2623.08 3042.97
