# Number of parameters = 895 Objective function value = 28254.0832470538  Maximum gradient component = 0.000129480245027707
# log_avgrec:
9.88057507033
# log_avginit:
4.89245367235
# log_avg_F:
-1.55942673039
# natmort_phi:
0.00000000000
# log_q_bts:
0.00000000000
# log_q_std_area:
-0.567375576791
# bt_slope:
0.00000000000
# log_q_eit:
-1.10250810401
# log_Rzero:
9.91714250693
# steepness:
0.670793038879
# log_q_cpue:
-0.0399046083610
# log_q_avo:
-9.69590201948
# log_initdevs:
 3.34597479336 2.89100750821 1.32716935450 0.461417900132 1.12853102333 0.337025534754 -0.792348986287 -1.24607175479 -1.23820463047 -1.24015043366 -1.24165426805 -1.24282250132 -1.24406812959 -1.24580505702
# log_rec_devs:
 -1.03123501567 0.127153227337 -0.197323876997 0.319271325702 0.170386682223 0.310649621215 0.178943937033 -0.300402000095 -0.495443591250 0.317700311155 0.0844719511313 -0.0289313037517 -0.291456681060 -0.224222465603 0.389901730313 1.26100892058 0.369047017596 0.472421990934 -0.203932594000 0.931243320481 -0.436775146653 0.511909312273 -0.324391336325 -0.921981896999 -1.25894907477 -0.514692248784 0.952893878092 0.306315776945 0.168408895844 0.889934154725 -0.236133639661 -0.603579915409 0.165046434197 0.481915018145 -0.206289621636 -0.116318508646 0.326642299543 0.628298478165 0.198472192195 -0.292416656780 -1.08189103589 -1.43018816059 -0.501490964161 0.309358826523 -0.447305378997 0.998610925338 0.0840167820456 -0.0366091673199 -0.103469899703 0.120068762745 0.00175234343731
# larv_rec_devs:
 0.00000000000 0.00000000000 0.00000000000 0.00000000000 0.00000000000 0.00000000000 0.00000000000 0.00000000000 0.00000000000 0.00000000000 0.00000000000
 0.00000000000 0.00000000000 0.00000000000 0.00000000000 0.00000000000 0.00000000000 0.00000000000 0.00000000000 0.00000000000 0.00000000000 0.00000000000
 0.00000000000 0.00000000000 0.00000000000 0.00000000000 0.00000000000 0.00000000000 0.00000000000 0.00000000000 0.00000000000 0.00000000000 0.00000000000
 0.00000000000 0.00000000000 0.00000000000 0.00000000000 0.00000000000 0.00000000000 0.00000000000 0.00000000000 0.00000000000 0.00000000000 0.00000000000
 0.00000000000 0.00000000000 0.00000000000 0.00000000000 0.00000000000 0.00000000000 0.00000000000 0.00000000000 0.00000000000 0.00000000000 0.00000000000
 0.00000000000 0.00000000000 0.00000000000 0.00000000000 0.00000000000 0.00000000000 0.00000000000 0.00000000000 0.00000000000 0.00000000000 0.00000000000
 0.00000000000 0.00000000000 0.00000000000 0.00000000000 0.00000000000 0.00000000000 0.00000000000 0.00000000000 0.00000000000 0.00000000000 0.00000000000
 0.00000000000 0.00000000000 0.00000000000 0.00000000000 0.00000000000 0.00000000000 0.00000000000 0.00000000000 0.00000000000 0.00000000000 0.00000000000
 0.00000000000 0.00000000000 0.00000000000 0.00000000000 0.00000000000 0.00000000000 0.00000000000 0.00000000000 0.00000000000 0.00000000000 0.00000000000
 0.00000000000 0.00000000000 0.00000000000 0.00000000000 0.00000000000 0.00000000000 0.00000000000 0.00000000000 0.00000000000 0.00000000000 0.00000000000
 0.00000000000 0.00000000000 0.00000000000 0.00000000000 0.00000000000 0.00000000000 0.00000000000 0.00000000000 0.00000000000 0.00000000000 0.00000000000
# repl_F:
0.180351236265
# log_F_devs:
 -0.548300059515 -0.617478462570 -0.705524586310 -0.183333673437 -0.197789118429 -0.186476636813 0.228153121324 0.599694206443 0.679883435322 0.795450820407 0.813193171431 0.650661416968 0.513559618488 0.340335099034 0.371812337179 0.400671604046 0.331892269985 0.0313419791561 -0.311846139832 -0.371637862058 -0.390870972322 -0.345734558740 -0.434311087455 -0.684403313945 -0.427460813550 -0.381854214851 -0.00555406919227 0.185581178940 0.489783084546 0.00482488572988 -0.163691553208 -0.168911476025 0.0612388280755 0.0630737307565 -0.112548382571 -0.456165856731 -0.326284875716 -0.159222843826 -0.0145357959985 0.00788541172568 -0.103085828551 -0.183546106411 0.0217860544028 0.0724377458242 0.137825982043 0.0887794949043 -0.105658471984 0.198434565642 0.166537695719 0.168777509996 0.162611511953
# sigr:
0.900000000000
# sel_devs_fsh:
 -0.0258088502309 0.0417661750514 0.228527715276 0.0969253936045 -0.0130601937989 -0.0588676098174 -0.0714107163076 -0.0680488204139 -0.0646888943389 -0.0653343394526
 0.0925215900117 0.165781646394 0.131892566519 -0.0688372832256 -0.0612089313690 -0.0625452157750 -0.0560596012611 -0.0533754083804 -0.0473434162409 -0.0408259714001
 0.104674995728 0.143840153124 0.330999056308 -0.188400163225 -0.131261026217 -0.101105102150 -0.0718119657416 -0.0465493295643 -0.0289537119658 -0.0114329892386
 0.221630469410 0.122895929425 -0.0751800243963 0.0294270608197 -0.0321434990448 -0.0460577821863 -0.0546672565483 -0.0565525564134 -0.0540526548520 -0.0552996356780
 0.245989979239 0.0629380720997 0.227845202113 -0.115131478368 -0.115926976879 -0.103066069917 -0.0879942061635 -0.0626671376394 -0.0379742041211 -0.0140131696562
 0.380323811221 0.190727458555 -0.0540369113096 -0.296550772213 -0.169728791272 -0.147289546556 -0.0684062908952 -0.00268473149081 0.0303215216768 0.137324009541
 0.0757264734790 -0.0369600798300 -0.145505456039 -0.0198614973220 0.0421466087525 0.0218925223903 -0.0541293392223 0.00636141688952 0.0277104963817 0.0826186769050
 -0.350462518174 0.269203555437 0.136835371947 0.126155191483 -0.0312934731212 -0.0132127089045 -0.0115557358827 -0.0291278686482 -0.0179573595544 -0.0785844627801
 -0.367949620791 0.108145547955 0.0172091218989 0.0487449762492 0.0694206531955 0.0731292239937 0.0704825455563 0.0362960079352 0.000367937514386 -0.0558465318523
 -0.249895996818 0.218157162274 0.209837140193 0.00895801544800 -0.0132499490160 -0.0174360152906 -0.0145999912705 -0.0285627368180 -0.0257803184984 -0.0874267457743
 -0.218198889743 -0.310679406743 0.159499010625 0.109250338774 0.0728382579127 0.0570134419156 0.0511462688764 0.00444450483084 0.0195095103986 0.0551773938496
 -0.201981770767 -0.0672933199137 -0.0944006829230 0.0903407636806 0.0801397169416 0.0672710049719 0.0580197688927 0.0313629921396 0.0173964782584 0.0191449505372
 -0.181016944099 0.158681574873 -0.112292939771 -0.0384177263506 0.0228999982094 0.0326221456298 0.0316988902719 0.0280923454937 0.0210779331839 0.0366551849411
 -0.273181812546 -0.0884586597492 0.0542429652148 0.00687573680036 0.0396602456743 0.0328248063486 0.0406828839143 0.0421159699703 0.0654139758999 0.0798236651670
 -0.173654069785 -0.412494627334 -0.146082423670 -0.0552188293098 0.105470587868 0.134096560378 0.121288808679 0.125347511532 0.154742083233 0.146504461375
 -0.234937139825 -0.577242183767 -0.246620779678 0.136448894312 0.124853146577 0.166206690251 0.167423055788 0.157000720999 0.124320391031 0.182547067216
 -0.172536525730 -0.281917895602 -0.251357418438 0.0396231850531 0.136179569190 0.0847576368077 0.0908421718008 0.0996289253612 0.104974606259 0.149805991355
 -0.0976159150963 -0.0685277165259 -0.367362110047 -0.0325452297423 0.0735333943330 0.0748235201314 0.0745978876043 0.0824909953123 0.113364217895 0.147240717245
 -0.124788280339 0.313381298174 -0.0807811480736 -0.200455750597 -0.140334312117 0.0273866097749 0.0261234503366 0.0207941566955 0.0484031151922 0.110270858238
 -0.109864703282 -0.331966641542 0.0673992736450 -0.00576113775567 0.197557029945 0.0319145053577 0.0470467097500 0.0415303389216 0.0325049250820 0.0296395914242
 -0.129968862318 0.134165003151 0.142214664811 -0.189318637651 -0.294016220762 0.118611108695 0.0840304929694 0.0891920845000 0.0249348519336 0.0201551596986
 -0.141377619461 -0.0482206537048 0.0101220131790 0.255648811615 -0.0181101437969 -0.0166223341982 0.0188410827076 -0.0593732549012 0.0654310728965 -0.0663387264593
 -0.128093848900 -0.0925529906640 0.0572625632380 -0.190390478908 0.00218127062831 -0.0853730558152 -0.0951765806552 0.238235934663 0.202524883948 0.0913825169605
 -0.218578366385 -0.139432774370 0.798183522878 0.0476534372602 0.142844988386 -0.110126725693 0.148743501204 -0.165921450174 -0.230330906314 -0.273035324652
 -0.154825797444 -0.0427373845403 -0.555781672538 0.231182151282 -0.0100422784196 0.144577952821 0.172589371958 0.159171649553 0.0166070452805 0.0392586619661
 -0.175975242717 0.00793807686763 -0.354324493917 0.184385042064 0.285924308710 0.0864876228924 -0.110636084445 0.0367773888437 0.0460902315185 -0.00666678445450
 -0.0999920164889 0.0530690251501 -0.421372560252 -0.344973717428 -0.141611366590 0.0291808491453 0.242630017977 0.0196380062423 0.275410314428 0.388021357477
 -0.133937494594 -0.0243268629744 0.569450258528 -0.392976878396 -0.409924885277 -0.0179373836825 -0.0133656815933 0.252539606868 0.113460933543 0.0570184727890
 -0.123173961950 -0.680583580806 0.0359401557617 0.881550543641 0.0507490435599 -0.00440197441795 0.0864544320894 -0.0281800633618 -0.0815974983177 -0.136757069205
 0.0161601109453 0.0397119244016 -0.805391972245 -0.355546143480 0.844792899699 0.231305360131 0.0224556929744 0.00633270680862 -0.0180159757164 0.0181953187474
 0.0209654122574 0.178489161454 -0.315722006724 -0.674902826153 -0.305945380431 0.483583447994 0.170689597385 0.162329312090 0.142288198742 0.138224914939
 0.00309416192181 0.587522732512 0.319059881001 -0.894533561430 -0.794608198403 -0.316352734632 0.284357691705 0.361543495019 0.267131479631 0.182785268235
 -0.0811254882124 0.428211487366 0.0653396836314 0.756743402622 0.0558496475218 -0.438326666151 -0.397446069678 -0.356361186493 -0.0476114641765 0.0147266972445
 -0.103224184685 -0.439086130655 0.283548610243 0.252207920067 0.193748360256 0.252637284204 -0.259056108819 -0.0569077976079 -0.0768375958180 -0.0470307729736
 -0.179244686460 -0.503602439093 0.830164861283 0.464507321176 0.125051537036 -0.217921011363 0.254358256106 -0.112499361976 -0.313826084514 -0.346988210362
 -0.0798385304688 -0.145306967248 -0.633387905585 0.260000803393 0.384274080251 -0.0281759890874 -0.0156848201703 0.219381463475 0.0505860117935 -0.0118482505967
 -0.0199593050581 -0.279731969976 -0.393081320013 -0.314243054392 0.242275354286 0.624696410409 0.108876550092 -0.0918517788488 0.0305668181704 0.0924521333104
 -0.0452777248039 0.423774738693 -0.00867357352641 -0.0640330413485 -0.290378951459 0.0169611523219 0.0306776388087 0.0255100105075 0.0114174350691 -0.0999757719175
 -0.0404643835175 -0.454188790859 0.774204386107 -0.0551152429600 0.0907249924037 -0.164562304369 -0.00483760432098 -0.0119952009425 -0.0528345568216 -0.0809313345303
 0.0140151760106 -0.221638441463 -0.701590373911 0.835906170093 0.0394208509045 -0.111810233722 0.00688406241039 0.0191761899093 0.0347172378958 0.0849192915903
 -0.0250561890296 0.126125263951 0.0139141083455 -0.339873135743 0.454519221984 0.257806369767 -0.111703415819 -0.173432860229 -0.111605582758 -0.0906931002652
 -0.0534850030218 0.248236400914 0.614996086802 -0.123161451623 -0.331314094495 -0.111084678709 -0.0706109552829 -0.0435252772402 -0.0783634009733 -0.0516875838993
 -0.0220783837653 0.0952863052829 -0.0405401184862 -0.0421873317029 -0.0457723355970 0.0655171381123 0.0176169602570 -0.0351056163160 -0.0107517396358 0.0180130432315
 0.0144117265291 -0.152601376846 -0.564888997835 -0.0138759416452 0.000278748019169 0.0960178595174 0.145340014994 0.145186612820 0.174574198897 0.155557338186
 0.0225662356396 -0.277330359287 0.114070752031 0.0471878288705 -0.199452352450 -0.161649293598 -0.00579692885353 0.0913952167266 0.144629303088 0.224380981374
 0.0409994077764 0.0668826820020 -0.425441027339 0.451760562632 0.254030354152 -0.166204540643 -0.0888617938726 -0.0190294594887 -0.0478888469707 -0.0662497473454
 0.0284069192108 0.00979562476629 -0.0309343837862 -0.963550173566 0.376730739010 0.398404017263 0.153006053256 0.0422295958064 0.00664197557531 -0.0207304223173
 0.00720322134888 0.144213877654 0.331348233498 0.502050885368 -0.955204846812 -0.0994676539346 0.00667046863174 0.0326666191296 0.0169823062849 0.0135369715222
 0.0867645965357 -0.437111452493 -0.148407087956 0.0903187459674 0.433032155817 -0.397786739979 -0.250067952797 0.161918898156 0.213525157452 0.247813907192
 0.0127622298565 -0.0112401625128 0.0196363106244 0.108030418258 0.126743396831 -0.0458018042495 -0.246767916021 0.00618026043307 0.00975133323176 0.0207060779052
 0.00000000000 0.00000000000 0.00000000000 0.00000000000 0.00000000000 0.00000000000 0.00000000000 0.00000000000 0.00000000000 0.00000000000
# sel_devs_bts:
 0.00000000000 0.00000000000 0.00000000000 0.00000000000 0.00000000000 0.00000000000 0.00000000000 0.00000000000
 0.00000000000 0.00000000000 0.00000000000 0.00000000000 0.00000000000 0.00000000000 0.00000000000 0.00000000000
 0.00000000000 0.00000000000 0.00000000000 0.00000000000 0.00000000000 0.00000000000 0.00000000000 0.00000000000
 0.00000000000 0.00000000000 0.00000000000 0.00000000000 0.00000000000 0.00000000000 0.00000000000 0.00000000000
 0.00000000000 0.00000000000 0.00000000000 0.00000000000 0.00000000000 0.00000000000 0.00000000000 0.00000000000
 0.00000000000 0.00000000000 0.00000000000 0.00000000000 0.00000000000 0.00000000000 0.00000000000 0.00000000000
 0.00000000000 0.00000000000 0.00000000000 0.00000000000 0.00000000000 0.00000000000 0.00000000000 0.00000000000
 0.00000000000 0.00000000000 0.00000000000 0.00000000000 0.00000000000 0.00000000000 0.00000000000 0.00000000000
 0.00000000000 0.00000000000 0.00000000000 0.00000000000 0.00000000000 0.00000000000 0.00000000000 0.00000000000
 0.00000000000 0.00000000000 0.00000000000 0.00000000000 0.00000000000 0.00000000000 0.00000000000 0.00000000000
 0.00000000000 0.00000000000 0.00000000000 0.00000000000 0.00000000000 0.00000000000 0.00000000000 0.00000000000
 0.00000000000 0.00000000000 0.00000000000 0.00000000000 0.00000000000 0.00000000000 0.00000000000 0.00000000000
 0.00000000000 0.00000000000 0.00000000000 0.00000000000 0.00000000000 0.00000000000 0.00000000000 0.00000000000
 0.00000000000 0.00000000000 0.00000000000 0.00000000000 0.00000000000 0.00000000000 0.00000000000 0.00000000000
 0.00000000000 0.00000000000 0.00000000000 0.00000000000 0.00000000000 0.00000000000 0.00000000000 0.00000000000
 0.00000000000 0.00000000000 0.00000000000 0.00000000000 0.00000000000 0.00000000000 0.00000000000 0.00000000000
 0.00000000000 0.00000000000 0.00000000000 0.00000000000 0.00000000000 0.00000000000 0.00000000000 0.00000000000
 0.00000000000 0.00000000000 0.00000000000 0.00000000000 0.00000000000 0.00000000000 0.00000000000 0.00000000000
 0.00000000000 0.00000000000 0.00000000000 0.00000000000 0.00000000000 0.00000000000 0.00000000000 0.00000000000
 0.00000000000 0.00000000000 0.00000000000 0.00000000000 0.00000000000 0.00000000000 0.00000000000 0.00000000000
 0.00000000000 0.00000000000 0.00000000000 0.00000000000 0.00000000000 0.00000000000 0.00000000000 0.00000000000
 0.00000000000 0.00000000000 0.00000000000 0.00000000000 0.00000000000 0.00000000000 0.00000000000 0.00000000000
 0.00000000000 0.00000000000 0.00000000000 0.00000000000 0.00000000000 0.00000000000 0.00000000000 0.00000000000
 0.00000000000 0.00000000000 0.00000000000 0.00000000000 0.00000000000 0.00000000000 0.00000000000 0.00000000000
 0.00000000000 0.00000000000 0.00000000000 0.00000000000 0.00000000000 0.00000000000 0.00000000000 0.00000000000
 0.00000000000 0.00000000000 0.00000000000 0.00000000000 0.00000000000 0.00000000000 0.00000000000 0.00000000000
 0.00000000000 0.00000000000 0.00000000000 0.00000000000 0.00000000000 0.00000000000 0.00000000000 0.00000000000
 0.00000000000 0.00000000000 0.00000000000 0.00000000000 0.00000000000 0.00000000000 0.00000000000 0.00000000000
 0.00000000000 0.00000000000 0.00000000000 0.00000000000 0.00000000000 0.00000000000 0.00000000000 0.00000000000
 0.00000000000 0.00000000000 0.00000000000 0.00000000000 0.00000000000 0.00000000000 0.00000000000 0.00000000000
 0.00000000000 0.00000000000 0.00000000000 0.00000000000 0.00000000000 0.00000000000 0.00000000000 0.00000000000
 0.00000000000 0.00000000000 0.00000000000 0.00000000000 0.00000000000 0.00000000000 0.00000000000 0.00000000000
# sel_devs_eit:
 -1.19181138675 0.279878629567 1.27895762915 1.22404588510 1.09548803287 1.04335366959 0.895304854492
# sel_coffs_fsh:
 -4.11019770313 -2.28493500072 -1.07956042938 0.302895281909 0.378244643669 0.372757932028 0.337961134440 0.293103660763 0.252302137793 0.220894173398
# sel_coffs_bts:
 -0.0100000000000 -0.0100000000000 -0.0100000000000 -0.0100000000000 -0.0100000000000 -0.0100000000000 -0.0100000000000 -0.0100000000000
# sel_coffs_eit:
 1.33305195079 0.0567231982082 -0.861775205986 -0.832387241395 -0.823804675994 -0.802814773102 -0.771856159339
# sel_slp_bts:
1.10382139497
# sel_a50_bts:
5.68671022783
# sel_age_one:
-2.77439507632
# sel_slp_bts_dev:
 -0.119945916731 -0.00812291623456 0.0621423404775 -0.0366450508159 -0.0465396851287 -0.0729728034093 -0.0965909876634 -0.0620048999776 -0.0175909894314 -0.0250009269701 -0.0439343867736 -0.0349397302509 -0.0290666123802 -0.0264380438995 -0.107764129120 -0.202797284568 -0.283613936599 -0.342509056278 -0.304591424071 -0.300818516566 -0.191709591294 -0.0735597842616 -0.0334637406773 0.0318185732373 0.0715688115297 0.163765781142 0.263658227373 0.292776005636 0.390672743847 0.387830535026 0.272951837805 0.277530562606 0.245904994421
# sel_a50_bts_dev:
 -0.419816547274 -0.246081532529 -0.126971161552 -0.184807498478 -0.0645140345106 -0.116280317617 -0.166842976535 -0.167811924890 -0.0749654232567 0.0517793632283 0.0254729264462 0.0231718152097 0.0729095381558 0.165784999911 0.191022103601 0.155209829742 0.147878648588 0.105598237163 0.124246178423 0.124367260236 0.136514017069 0.191073930335 0.101037119559 0.0339639189483 0.0704971758936 -0.00680544069911 -0.0110102812036 -0.0585246609943 -0.0977547716192 0.0229248105959 -0.0455581781363 -0.0272666896773 0.0715595658687
# sel_one_bts_dev:
 -0.329720410869 -0.262334993703 -0.149450668793 -0.514703499698 -0.577842740344 -0.273974301188 -0.324250744470 -0.0609518290152 0.197047958915 -0.0539106592850 0.0838563747285 0.155565754903 -0.00351881378441 -0.0570723992128 -0.0259771857952 -0.0338853659180 0.0240916006427 0.0468984222641 0.207984326888 0.137444346560 0.296661775084 0.394873594445 0.105699904073 -0.00780463573569 -0.0950213316262 -0.0206927842858 0.162608839435 0.372570094978 0.341783088033 0.102145820859 0.0173098131124 0.0766040410448 0.0679666077573
# sel_dif1_fsh:
1.00000000000
# sel_a501_fsh:
3.00000000000
# sel_trm2_fsh:
0.900000000000
# sel_dif2_fsh:
5.00000000000
# sel_dif1_fsh_dev:
 0.00000000000 0.00000000000 0.00000000000 0.00000000000 0.00000000000 0.00000000000 0.00000000000 0.00000000000 0.00000000000 0.00000000000 0.00000000000 0.00000000000 0.00000000000 0.00000000000 0.00000000000 0.00000000000 0.00000000000 0.00000000000 0.00000000000 0.00000000000 0.00000000000 0.00000000000 0.00000000000 0.00000000000 0.00000000000 0.00000000000 0.00000000000 0.00000000000 0.00000000000 0.00000000000 0.00000000000 0.00000000000 0.00000000000 0.00000000000 0.00000000000 0.00000000000 0.00000000000 0.00000000000 0.00000000000 0.00000000000 0.00000000000 0.00000000000 0.00000000000 0.00000000000 0.00000000000 0.00000000000 0.00000000000 0.00000000000 0.00000000000 0.00000000000 0.00000000000
# sel_a501_fsh_dev:
 0.00000000000 0.00000000000 0.00000000000 0.00000000000 0.00000000000 0.00000000000 0.00000000000 0.00000000000 0.00000000000 0.00000000000 0.00000000000 0.00000000000 0.00000000000 0.00000000000 0.00000000000 0.00000000000 0.00000000000 0.00000000000 0.00000000000 0.00000000000 0.00000000000 0.00000000000 0.00000000000 0.00000000000 0.00000000000 0.00000000000 0.00000000000 0.00000000000 0.00000000000 0.00000000000 0.00000000000 0.00000000000 0.00000000000 0.00000000000 0.00000000000 0.00000000000 0.00000000000 0.00000000000 0.00000000000 0.00000000000 0.00000000000 0.00000000000 0.00000000000 0.00000000000 0.00000000000 0.00000000000 0.00000000000 0.00000000000 0.00000000000 0.00000000000 0.00000000000
# sel_trm2_fsh_dev:
 0.00000000000 0.00000000000 0.00000000000 0.00000000000 0.00000000000 0.00000000000 0.00000000000 0.00000000000 0.00000000000 0.00000000000 0.00000000000 0.00000000000 0.00000000000 0.00000000000 0.00000000000 0.00000000000 0.00000000000 0.00000000000 0.00000000000 0.00000000000 0.00000000000 0.00000000000 0.00000000000 0.00000000000 0.00000000000 0.00000000000 0.00000000000 0.00000000000 0.00000000000 0.00000000000 0.00000000000 0.00000000000 0.00000000000 0.00000000000 0.00000000000 0.00000000000 0.00000000000 0.00000000000 0.00000000000 0.00000000000 0.00000000000 0.00000000000 0.00000000000 0.00000000000 0.00000000000 0.00000000000 0.00000000000 0.00000000000 0.00000000000 0.00000000000 0.00000000000
# rec_dev_future:
 0.00000000000 0.00000000000 0.00000000000 0.00000000000 0.00000000000
# M_dev:
 0.00000000000 0.00000000000 0.00000000000 0.00000000000 0.00000000000 0.00000000000 0.00000000000 0.00000000000 0.00000000000 0.00000000000 0.00000000000 0.00000000000 0.00000000000 0.00000000000 0.00000000000 0.00000000000 0.00000000000 0.00000000000 0.00000000000 0.00000000000 0.00000000000 0.00000000000 0.00000000000 0.00000000000 0.00000000000 0.00000000000 0.00000000000 0.00000000000 0.00000000000 0.00000000000 0.00000000000 0.00000000000 0.00000000000 0.00000000000 0.00000000000 0.00000000000 0.00000000000 0.00000000000 0.00000000000 0.00000000000 0.00000000000 0.00000000000 0.00000000000 0.00000000000 0.00000000000 0.00000000000 0.00000000000 0.00000000000 0.00000000000 0.00000000000
# L1:
27.6538366201
# L2:
51.2681266776
# log_alpha:
-11.5040644174
# log_K:
-0.281373041434
# d_scale:
 0.572925468900 0.804683154171 0.791311673868 0.774189449241 0.811727693566 0.834377311506 0.858686131333 0.880339346425 0.948403165988 0.967796667172 1.03575180734 1.07372627005 1.58440512444
# coh_eff:
 0.00000000000 0.00000000000 0.00000000000 0.00000000000 0.00000000000 0.00000000000 0.00000000000 0.00000000000 0.00000000000 0.00000000000 0.00000000000 0.00000000000 0.00000000000 0.00000000000 0.00000000000 0.00000000000 0.194452332719 0.0104938970086 0.0109169896523 -0.0277721349290 -0.0456980021404 0.0116568151464 -0.0285193703008 0.371586053545 -0.0414692571083 -0.535511070147 0.474865310865 0.750246846013 2.02996335540 2.79375556198 2.65584150836 1.82706240639 2.89114179213 3.41258802912 2.17332694551 1.84047607884 1.58871353092 3.90694800731 5.48082412073 4.26547791359 0.650105301452 0.400577758739 3.45015783732 1.97590440911 2.19931019484 2.77304620632 2.21727354431 4.26105368969 4.90278452077 4.38661667397 3.27510891637 2.39482022858 4.69099030043 2.34199752417 2.65493539377 4.00884464021 2.42885654553 2.53467268178 2.43729318027 2.38678332699 3.65663841119 0.00000000000
# yr_eff:
 0.00000000000 0.0133713758828 0.605522937217 0.672015203107 0.656976530094 0.452487741473 0.210399664257 0.165442196807 0.0417834459720 1.72790899326 1.30569852244 -0.563033879128 0.266743865885 0.302575966027 -0.0196684226397 -0.0772041589832 -1.35448917000 -0.495686626472 -0.709919479503 -1.10335750531 -0.210641355548 -0.381461917035 -0.00735374453320 0.168547117447 -0.160528019539 -2.57184142159 -0.959470798460 0.286234895356 -1.11666241459 -0.838625850270 0.0425509247573 -0.195378753167 0.0962791720623 -0.477078090647 -0.607994341374 -1.32464197326 -1.31866216340 0.594846388324 -0.978386105794 0.499137749221 0.447702345340 -0.684297671378 -0.556074618602 -0.501920624631 -0.0605069254440 0.0656395933461 0.00000000000 0.00000000000 0.00000000000 0.00000000000
