# Number of parameters = 867 Objective function value = 948.682051500222  Maximum gradient component = 0.000370861610583972
# log_avgrec:
9.93519243967
# log_avginit:
4.85404201506
# log_avg_F:
-1.52824896807
# natmort_phi:
0.00000000000
# log_q_bts:
0.296768904065
# log_q_std_area:
-0.558294069350
# bt_slope:
0.00000000000
# log_q_eit:
-1.11243712659
# log_Rzero:
9.91591033275
# steepness:
0.679619449945
# log_q_cpue:
-0.0350789444575
# log_q_avo:
-9.68101436031
# log_initdevs:
 3.38406446622 2.93218095708 1.33354612096 0.454311893355 1.12081831843 0.328868411576 -0.799057113533 -1.25325657981 -1.24674323859 -1.24849149882 -1.24981633646 -1.25083647989 -1.25195034720 -1.25364020011
# log_rec_devs:
 -1.05275018221 0.0676997339533 -0.236797430151 0.274811635634 0.137613707720 0.262278894862 0.111154649125 -0.368791721329 -0.558850859875 0.261429434894 0.0292906942085 -0.0836657538602 -0.344552581515 -0.291720118713 0.310756026474 1.18280073189 0.281472550641 0.396785254430 -0.240722217291 0.890056261941 -0.478474286820 0.466448132754 -0.382255966578 -0.968976772844 -1.32219776134 -0.581975736534 0.882664351210 0.234510508913 0.110463189616 0.837208804014 -0.290956518615 -0.654463773164 0.102411600707 0.417684282287 -0.268935955473 -0.180011617933 0.259530639147 0.561103796455 0.123492930929 -0.382097258161 -1.18410798287 -1.55105991936 -0.604085843931 0.238982130354 -0.350030686676 1.01942542917 0.130092797551 -0.273703497547 -0.437047616944 1.19183906388 0.288921418592 -0.0268367893273 -0.0765746977347
# larv_rec_devs:
 0.00000000000 0.00000000000 0.00000000000 0.00000000000 0.00000000000 0.00000000000 0.00000000000 0.00000000000 0.00000000000 0.00000000000 0.00000000000
 0.00000000000 0.00000000000 0.00000000000 0.00000000000 0.00000000000 0.00000000000 0.00000000000 0.00000000000 0.00000000000 0.00000000000 0.00000000000
 0.00000000000 0.00000000000 0.00000000000 0.00000000000 0.00000000000 0.00000000000 0.00000000000 0.00000000000 0.00000000000 0.00000000000 0.00000000000
 0.00000000000 0.00000000000 0.00000000000 0.00000000000 0.00000000000 0.00000000000 0.00000000000 0.00000000000 0.00000000000 0.00000000000 0.00000000000
 0.00000000000 0.00000000000 0.00000000000 0.00000000000 0.00000000000 0.00000000000 0.00000000000 0.00000000000 0.00000000000 0.00000000000 0.00000000000
 0.00000000000 0.00000000000 0.00000000000 0.00000000000 0.00000000000 0.00000000000 0.00000000000 0.00000000000 0.00000000000 0.00000000000 0.00000000000
 0.00000000000 0.00000000000 0.00000000000 0.00000000000 0.00000000000 0.00000000000 0.00000000000 0.00000000000 0.00000000000 0.00000000000 0.00000000000
 0.00000000000 0.00000000000 0.00000000000 0.00000000000 0.00000000000 0.00000000000 0.00000000000 0.00000000000 0.00000000000 0.00000000000 0.00000000000
 0.00000000000 0.00000000000 0.00000000000 0.00000000000 0.00000000000 0.00000000000 0.00000000000 0.00000000000 0.00000000000 0.00000000000 0.00000000000
 0.00000000000 0.00000000000 0.00000000000 0.00000000000 0.00000000000 0.00000000000 0.00000000000 0.00000000000 0.00000000000 0.00000000000 0.00000000000
 0.00000000000 0.00000000000 0.00000000000 0.00000000000 0.00000000000 0.00000000000 0.00000000000 0.00000000000 0.00000000000 0.00000000000 0.00000000000
# repl_F:
0.253474733583
# log_F_devs:
 -0.510230567186 -0.625493596475 -0.725420540427 -0.208313879873 -0.230284847320 -0.250455939548 0.209219809217 0.604100279748 0.652868078287 0.773214131504 0.752995943761 0.626237734973 0.478887708211 0.270068098052 0.285278605410 0.353257841519 0.353851109644 0.0815449792383 -0.218429595940 -0.250211057675 -0.322723602404 -0.277202762836 -0.452676532105 -0.556548458364 -0.486448530153 -0.413393744300 -0.0667007401594 0.168669707981 0.459388499409 -0.0442488705318 -0.225796013318 -0.190569178698 0.108211201065 0.0822708621732 -0.0647388025839 -0.481929024012 -0.339245739699 -0.161552472360 -0.0235989578683 -0.00746946371927 -0.100055944901 -0.192591711259 0.0159198778005 0.0714374227565 0.158189344800 0.152349525501 -0.0539997110753 0.260325327554 0.219609850889 0.288200641886 0.129433729684 -0.0228210828958 -0.0523789433780
# sigr:
0.900000000000
# sel_devs_fsh:
 -0.0228133417937 0.0506505925951 0.295830607687 0.128010815899 -0.0138608515167 -0.0655577339024 -0.0850031281501 -0.0890729246492 -0.0938724080882 -0.104312619243
 0.123749041585 0.215608191375 0.127608779238 -0.0831777667866 -0.0736102560523 -0.0732050075309 -0.0662674646123 -0.0634165579297 -0.0571795736096 -0.0501099735505
 0.130862977056 0.150608664525 0.426856979573 -0.254455867459 -0.155493501263 -0.121828834312 -0.0868142821738 -0.0550343856179 -0.0302519887847 -0.00445031751654
 0.291380478009 0.128409467304 -0.146408993079 0.0747578279890 -0.0272550376511 -0.0439920663912 -0.0577927993139 -0.0663588739501 -0.0716043048245 -0.0811358316453
 0.327662322787 0.0435047620074 0.289212439939 -0.126079213870 -0.128500714478 -0.113953457854 -0.0970123992433 -0.0790603011113 -0.0641438155082 -0.0516294236235
 0.507547691819 0.229380029171 -0.0687278157102 -0.335325502160 -0.215853592980 -0.194644911734 -0.0905239743859 -0.0314188500459 -0.0119853977184 0.211550562642
 0.0913323394763 -0.0935323494780 -0.169674554086 -0.0204425299443 0.0747508371352 0.0492685879992 -0.0553214741310 -0.00669407754762 0.00576388894301 0.124549660013
 -0.473542907338 0.362000837729 0.159771831336 0.149846208171 -0.0350751490795 -0.0138530527296 -0.0103890572260 -0.0137010308941 0.00141890898666 -0.126477038765
 -0.488437088090 0.109747192160 -0.0256799782090 0.0655126241261 0.0923127278527 0.0989619603565 0.0974385422538 0.0745073406648 0.0286813440735 -0.0530442684093
 -0.286710331337 0.273966897432 0.237463578131 0.00432380390652 -0.0214509376266 -0.0263609307906 -0.0181058838541 -0.0190349432441 -0.00467339165338 -0.139417482540
 -0.262367068849 -0.411354040107 0.186101115201 0.131792821143 0.0922545122306 0.0737330106649 0.0615740052361 -0.000980571234741 0.0215509546829 0.107694988412
 -0.211197820599 -0.0600420275460 -0.106230115646 0.0935062158160 0.0875679605930 0.0765308192903 0.0672807609782 0.0456120870932 0.0200021201474 -0.0130289999335
 -0.155113584016 0.257790111702 -0.121815068058 -0.0458523735256 0.0154424539946 0.0265095169686 0.0265247294340 0.0235612691893 0.0110216577948 -0.0380694972634
 -0.274852530952 -0.116330989737 0.0951762008313 0.0195739650727 0.0415783471295 0.0320832898745 0.0376183206353 0.0380484958980 0.0648074391282 0.0622981965156
 -0.179502809338 -0.456478393075 -0.160726439985 -0.0816810468944 0.102002723576 0.133972046909 0.124376121797 0.129908552540 0.185162386302 0.202966693737
 -0.388512661600 -0.632037529376 -0.250009959935 0.156392266777 0.130085217463 0.183955688285 0.185981769809 0.176393712706 0.132231996880 0.305520516821
 -0.315318839732 -0.292129481428 -0.239455041461 0.0674929236880 0.159701202115 0.0947334120455 0.0994943197660 0.107973775142 0.110413588656 0.207094931051
 -0.231896058807 -0.0473138723434 -0.416492747407 -0.0220187869150 0.0955705263334 0.0919180609037 0.0901892681373 0.0921054394372 0.123824707513 0.224111615098
 -0.235603876258 0.481605635982 -0.0931494899781 -0.222477547764 -0.164157356067 0.0243251594541 0.0220506929426 0.0213646610700 0.0397375140490 0.126306217465
 -0.221090842289 -0.449060121845 0.0908953160823 0.0286494984050 0.264078335206 0.0716136184522 0.0839755386045 0.0755407322453 0.0542104951535 0.00118738132039
 -0.217922260698 0.232142350480 0.185146879941 -0.259610098467 -0.342283886607 0.131905960498 0.0974090479169 0.115795305630 0.0444353303989 0.0129818661992
 -0.209903833815 -0.0313946729687 0.00154697508744 0.348297559035 -0.00256626279217 -0.00929866080376 0.0390957005305 -0.0548228609188 0.0978096558034 -0.178762691569
 -0.211224592243 -0.121580952836 0.00833915533001 -0.253920917362 -0.0101072347493 -0.127275119361 -0.147505942320 0.307228258227 0.222752298237 0.333293248630
 -0.207427450564 -0.100861351655 0.981280154868 0.153446041570 0.207897137546 -0.0876444453903 0.187840878205 -0.244968635867 -0.308536267294 -0.581025754165
 -0.205323854561 -0.0248734957974 -0.632855885700 0.224698106569 -0.0510763248490 0.153793805100 0.179485962742 0.161478699277 0.0805602210362 0.114114019041
 -0.201241511323 0.0468784541523 -0.332927692076 0.240301844883 0.353976117364 0.107632823896 -0.158315338651 0.0119123551508 0.00757861067401 -0.0757950203157
 -0.191087778021 -0.0200901029486 -0.505973470830 -0.393212568588 -0.155301438767 0.0455113554789 0.303014037177 0.0481069735026 0.341568320111 0.527465140532
 -0.170436521239 -2.73454573954e-05 0.691694152558 -0.450425033222 -0.447319943887 -0.0255959757996 -0.00896534669358 0.278887664027 0.112027060271 0.0201602472001
 -0.143215416102 -0.805896533564 0.0640798995350 0.967932919327 0.0927784231390 0.00694721129913 0.100051939568 -0.0288278385064 -0.0859105068479 -0.167941314490
 -0.101516887982 0.101685915773 -0.890010698149 -0.325740589243 0.905555468266 0.272873051769 0.0158268575456 0.00164875168913 -0.0130996240244 0.0327784431812
 -0.100836800135 0.171302780158 -0.324178338995 -0.704564688892 -0.319492148376 0.492357513491 0.208982336823 0.199995220789 0.185823623428 0.190610192940
 -0.0975274412550 0.663983999318 0.358699155651 -1.03127310579 -0.870418651253 -0.343024786144 0.295972403367 0.419572838026 0.337713688825 0.266301094720
 -0.0889016275690 0.476865813669 0.0418612209683 0.889410804556 0.0828288998889 -0.465653744781 -0.415788032858 -0.402917496489 -0.0846194647314 -0.0330866878002
 -0.0954604420733 -0.504652444245 0.298258431317 0.219578766200 0.197735579960 0.262816055493 -0.283610770420 -0.0616261539204 -0.0444682835756 0.0114293189414
 -0.0904228944924 -0.524525287909 0.899471549888 0.504033991463 0.129555095749 -0.215632844860 0.267504990978 -0.130074160996 -0.384425040196 -0.455485741976
 -0.0811878084946 -0.126932914540 -0.668475322851 0.258291526488 0.391182042262 -0.0412638174730 -0.0219500040735 0.223019311641 0.0561744086256 0.0111431985919
 -0.0635763633553 -0.381909819560 -0.416784825260 -0.319393143429 0.265517235617 0.666029330373 0.133442861594 -0.0739347162831 0.0559995419400 0.134610681728
 -0.0497259506288 0.571332756619 -0.00400762270602 -0.0680313585928 -0.319187734888 -0.00241858558581 0.0166028596664 0.00928527626428 -0.0122681210193 -0.141581268400
 -0.0416871151069 -0.532855360732 0.831713313677 -0.0592602106700 0.105105420959 -0.162052794064 0.00550378129023 -0.00172581874221 -0.0532133445215 -0.0915284320727
 -0.0341199810117 -0.274850690864 -0.757186656952 0.871740633977 0.0467806397779 -0.113000439529 0.0223773459536 0.0395780752679 0.0675280705396 0.131152257432
 -0.0318933866325 0.200145562896 0.0201763045565 -0.355499045953 0.465885078095 0.277290433243 -0.124858977465 -0.191916513495 -0.134544861825 -0.124784432830
 -0.0302033388124 0.352648190793 0.706440504135 -0.146925788627 -0.371809746712 -0.140561247286 -0.0916010204601 -0.0728905762895 -0.114207537679 -0.0908886910466
 -0.0251816087105 0.0714000310076 -0.0417648907483 -0.0212615454278 -0.0373308453792 0.0651580631072 0.0228814628990 -0.0263677546818 -0.0156438764572 0.00811099855367
 -0.0255072432465 -0.261073413588 -0.650768829735 0.0102509930371 0.0395909922517 0.122243703745 0.167495764939 0.178912899326 0.223466201468 0.195388755568
 -0.0142954631523 -0.501020447563 0.139613927914 0.0308635434060 -0.215596504238 -0.134699504061 0.0326725561853 0.125500186421 0.211462612878 0.325499135700
 0.00352225800778 0.258351479708 -0.630344082841 0.471665932978 0.294865441577 -0.184082777814 -0.0998158400337 0.0153573131813 -0.0430725365087 -0.0864476868885
 -0.00944889534233 0.0646833783974 0.0812274426009 -1.16868943906 0.368903798965 0.420422935884 0.177314245806 0.0395454136768 0.0172739975658 0.00876648308714
 -0.00590465548207 0.365998517597 0.341747004861 0.587289923185 -1.19767748839 -0.0834129051006 -0.00975067993582 0.00924011876693 -0.00309560724928 -0.00443443070830
 -0.000157712587336 -0.451594478462 0.0203347916714 0.0379506161076 0.520003565300 -0.673264671163 -0.183832093517 0.150368635636 0.210287829815 0.369903498595
 -0.0164969911869 0.126132759393 -0.198069251896 -0.157893200865 0.124826462027 0.309104533206 0.166636506174 -0.174634008549 -0.114826373159 -0.0647802375547
 -0.00648958859361 -0.0218822485658 0.986385292138 0.150530038492 -0.262219608428 0.106274344746 -0.298482954800 -0.236909406445 -0.297645412096 -0.119559886899
 2.15956697147e-06 -5.05477641966e-05 -0.0340504511482 -0.0248563559348 -0.114821363578 0.0166989607322 0.0496611777250 0.0194705910867 0.0187824211632 0.0691635882479
# sel_devs_bts:
 0.00000000000 0.00000000000 0.00000000000 0.00000000000 0.00000000000 0.00000000000 0.00000000000 0.00000000000
 0.00000000000 0.00000000000 0.00000000000 0.00000000000 0.00000000000 0.00000000000 0.00000000000 0.00000000000
 0.00000000000 0.00000000000 0.00000000000 0.00000000000 0.00000000000 0.00000000000 0.00000000000 0.00000000000
 0.00000000000 0.00000000000 0.00000000000 0.00000000000 0.00000000000 0.00000000000 0.00000000000 0.00000000000
 0.00000000000 0.00000000000 0.00000000000 0.00000000000 0.00000000000 0.00000000000 0.00000000000 0.00000000000
 0.00000000000 0.00000000000 0.00000000000 0.00000000000 0.00000000000 0.00000000000 0.00000000000 0.00000000000
 0.00000000000 0.00000000000 0.00000000000 0.00000000000 0.00000000000 0.00000000000 0.00000000000 0.00000000000
 0.00000000000 0.00000000000 0.00000000000 0.00000000000 0.00000000000 0.00000000000 0.00000000000 0.00000000000
 0.00000000000 0.00000000000 0.00000000000 0.00000000000 0.00000000000 0.00000000000 0.00000000000 0.00000000000
 0.00000000000 0.00000000000 0.00000000000 0.00000000000 0.00000000000 0.00000000000 0.00000000000 0.00000000000
 0.00000000000 0.00000000000 0.00000000000 0.00000000000 0.00000000000 0.00000000000 0.00000000000 0.00000000000
 0.00000000000 0.00000000000 0.00000000000 0.00000000000 0.00000000000 0.00000000000 0.00000000000 0.00000000000
 0.00000000000 0.00000000000 0.00000000000 0.00000000000 0.00000000000 0.00000000000 0.00000000000 0.00000000000
 0.00000000000 0.00000000000 0.00000000000 0.00000000000 0.00000000000 0.00000000000 0.00000000000 0.00000000000
 0.00000000000 0.00000000000 0.00000000000 0.00000000000 0.00000000000 0.00000000000 0.00000000000 0.00000000000
 0.00000000000 0.00000000000 0.00000000000 0.00000000000 0.00000000000 0.00000000000 0.00000000000 0.00000000000
 0.00000000000 0.00000000000 0.00000000000 0.00000000000 0.00000000000 0.00000000000 0.00000000000 0.00000000000
 0.00000000000 0.00000000000 0.00000000000 0.00000000000 0.00000000000 0.00000000000 0.00000000000 0.00000000000
 0.00000000000 0.00000000000 0.00000000000 0.00000000000 0.00000000000 0.00000000000 0.00000000000 0.00000000000
 0.00000000000 0.00000000000 0.00000000000 0.00000000000 0.00000000000 0.00000000000 0.00000000000 0.00000000000
 0.00000000000 0.00000000000 0.00000000000 0.00000000000 0.00000000000 0.00000000000 0.00000000000 0.00000000000
 0.00000000000 0.00000000000 0.00000000000 0.00000000000 0.00000000000 0.00000000000 0.00000000000 0.00000000000
 0.00000000000 0.00000000000 0.00000000000 0.00000000000 0.00000000000 0.00000000000 0.00000000000 0.00000000000
 0.00000000000 0.00000000000 0.00000000000 0.00000000000 0.00000000000 0.00000000000 0.00000000000 0.00000000000
 0.00000000000 0.00000000000 0.00000000000 0.00000000000 0.00000000000 0.00000000000 0.00000000000 0.00000000000
 0.00000000000 0.00000000000 0.00000000000 0.00000000000 0.00000000000 0.00000000000 0.00000000000 0.00000000000
 0.00000000000 0.00000000000 0.00000000000 0.00000000000 0.00000000000 0.00000000000 0.00000000000 0.00000000000
 0.00000000000 0.00000000000 0.00000000000 0.00000000000 0.00000000000 0.00000000000 0.00000000000 0.00000000000
 0.00000000000 0.00000000000 0.00000000000 0.00000000000 0.00000000000 0.00000000000 0.00000000000 0.00000000000
 0.00000000000 0.00000000000 0.00000000000 0.00000000000 0.00000000000 0.00000000000 0.00000000000 0.00000000000
 0.00000000000 0.00000000000 0.00000000000 0.00000000000 0.00000000000 0.00000000000 0.00000000000 0.00000000000
 0.00000000000 0.00000000000 0.00000000000 0.00000000000 0.00000000000 0.00000000000 0.00000000000 0.00000000000
 0.00000000000 0.00000000000 0.00000000000 0.00000000000 0.00000000000 0.00000000000 0.00000000000 0.00000000000
 0.00000000000 0.00000000000 0.00000000000 0.00000000000 0.00000000000 0.00000000000 0.00000000000 0.00000000000
# sel_devs_eit:
 -0.716712951352 0.821081270791 1.56878145619 1.53356846776 1.41816981630 1.40615398083 1.22827542594
# sel_coffs_fsh:
 -4.33169475104 -2.38766081614 -1.23942543316 0.276193337325 0.380156592824 0.377995030899 0.347637195880 0.307340607673 0.271310820164 0.245518138742
# sel_coffs_bts:
 -0.0100000000000 -0.0100000000000 -0.0100000000000 -0.0100000000000 -0.0100000000000 -0.0100000000000 -0.0100000000000 -0.0100000000000
# sel_coffs_eit:
 1.29294371541 -0.0456874567077 -0.718455340437 -0.707709708554 -0.706446069038 -0.700286251672 -0.691817103247
# sel_slp_bts:
1.05666926825
# sel_a50_bts:
5.33496545213
# sel_age_one:
-2.89014546931
# sel_slp_bts_dev:
 -0.292694192167 0.00355838287271 0.156597222141 -0.0992621347273 -0.112363770702 -0.163773354388 -0.226877995052 -0.0874278040331 0.0532104329497 -0.0401988176811 -0.0375132638538 0.0396818166293 0.0753343866382 0.107178140428 -0.0559764221396 -0.217226294256 -0.352955622808 -0.453237134959 -0.339000922028 -0.380647922493 -0.190915863509 -0.0371370136848 -0.0270382380093 0.0574014936270 0.00619767592785 0.187381497176 0.369440959800 0.344941318537 0.595134139252 0.485463722322 0.162825204733 0.220990615524 0.230008555672 0.0369211808867 -0.0180199786237
# sel_a50_bts_dev:
 -0.450383831718 -0.276529827185 -0.141800241604 -0.176330883063 -0.00278543708952 -0.0719831011841 -0.171630507892 -0.227886045848 -0.121058217433 0.0935233467712 0.0141054095805 -0.0270675426893 0.0148914175574 0.128404914316 0.200050732135 0.180618308439 0.222576556264 0.165672797695 0.154712904737 0.175471585998 0.144058350770 0.199821811913 0.108517605287 0.00530097305334 0.114765530592 -0.0382483699887 -0.0465337819680 -0.0805243383930 -0.175625387604 0.0151770483851 0.0141943471194 -0.0187664840869 0.0470852486508 0.0100850908584 0.0181200176259
# sel_one_bts_dev:
 -0.325458512246 -0.264302424878 -0.156541191113 -0.492646616315 -0.552931196356 -0.272535015691 -0.375674760653 -0.108001793832 0.160266053832 -0.0856000880688 0.0471107256183 0.104706069763 -0.0683113023074 -0.101035240517 -0.0350901420512 -0.0403300535098 0.0396853368328 0.0381782723072 0.189031882353 0.122964306235 0.264758617516 0.360642181732 0.0750383660338 -0.0445158909967 -0.0975650304816 -0.0466743443672 0.176777865006 0.376500273967 0.327635976533 0.0597907349505 0.000312867827522 0.325549036123 0.126873297652 0.126404034600 0.144987704501
# sel_dif1_fsh:
1.00000000000
# sel_a501_fsh:
3.00000000000
# sel_trm2_fsh:
0.900000000000
# sel_dif2_fsh:
5.00000000000
# sel_dif1_fsh_dev:
 0.00000000000 0.00000000000 0.00000000000 0.00000000000 0.00000000000 0.00000000000 0.00000000000 0.00000000000 0.00000000000 0.00000000000 0.00000000000 0.00000000000 0.00000000000 0.00000000000 0.00000000000 0.00000000000 0.00000000000 0.00000000000 0.00000000000 0.00000000000 0.00000000000 0.00000000000 0.00000000000 0.00000000000 0.00000000000 0.00000000000 0.00000000000 0.00000000000 0.00000000000 0.00000000000 0.00000000000 0.00000000000 0.00000000000 0.00000000000 0.00000000000 0.00000000000 0.00000000000 0.00000000000 0.00000000000 0.00000000000 0.00000000000 0.00000000000 0.00000000000 0.00000000000 0.00000000000 0.00000000000 0.00000000000 0.00000000000 0.00000000000 0.00000000000 0.00000000000 0.00000000000 0.00000000000
# sel_a501_fsh_dev:
 0.00000000000 0.00000000000 0.00000000000 0.00000000000 0.00000000000 0.00000000000 0.00000000000 0.00000000000 0.00000000000 0.00000000000 0.00000000000 0.00000000000 0.00000000000 0.00000000000 0.00000000000 0.00000000000 0.00000000000 0.00000000000 0.00000000000 0.00000000000 0.00000000000 0.00000000000 0.00000000000 0.00000000000 0.00000000000 0.00000000000 0.00000000000 0.00000000000 0.00000000000 0.00000000000 0.00000000000 0.00000000000 0.00000000000 0.00000000000 0.00000000000 0.00000000000 0.00000000000 0.00000000000 0.00000000000 0.00000000000 0.00000000000 0.00000000000 0.00000000000 0.00000000000 0.00000000000 0.00000000000 0.00000000000 0.00000000000 0.00000000000 0.00000000000 0.00000000000 0.00000000000 0.00000000000
# sel_trm2_fsh_dev:
 0.00000000000 0.00000000000 0.00000000000 0.00000000000 0.00000000000 0.00000000000 0.00000000000 0.00000000000 0.00000000000 0.00000000000 0.00000000000 0.00000000000 0.00000000000 0.00000000000 0.00000000000 0.00000000000 0.00000000000 0.00000000000 0.00000000000 0.00000000000 0.00000000000 0.00000000000 0.00000000000 0.00000000000 0.00000000000 0.00000000000 0.00000000000 0.00000000000 0.00000000000 0.00000000000 0.00000000000 0.00000000000 0.00000000000 0.00000000000 0.00000000000 0.00000000000 0.00000000000 0.00000000000 0.00000000000 0.00000000000 0.00000000000 0.00000000000 0.00000000000 0.00000000000 0.00000000000 0.00000000000 0.00000000000 0.00000000000 0.00000000000 0.00000000000 0.00000000000 0.00000000000 0.00000000000
# rec_dev_future:
 0.00000000000 0.00000000000 0.00000000000 0.00000000000 0.00000000000
# M_dev:
 0.00000000000 0.00000000000 0.00000000000 0.00000000000 0.00000000000 0.00000000000 0.00000000000 0.00000000000 0.00000000000 0.00000000000 0.00000000000 0.00000000000 0.00000000000 0.00000000000 0.00000000000 0.00000000000 0.00000000000 0.00000000000 0.00000000000 0.00000000000 0.00000000000 0.00000000000 0.00000000000 0.00000000000 0.00000000000 0.00000000000 0.00000000000 0.00000000000 0.00000000000 0.00000000000 0.00000000000 0.00000000000 0.00000000000 0.00000000000 0.00000000000 0.00000000000 0.00000000000 0.00000000000 0.00000000000 0.00000000000 0.00000000000 0.00000000000 0.00000000000 0.00000000000 0.00000000000 0.00000000000 0.00000000000 0.00000000000 0.00000000000 0.00000000000 0.00000000000 0.00000000000
# mnwt:
 0.357510161913 0.477781650060 0.599166804435 0.718239914636 0.825042501169 0.937647574739 1.06473773824 1.18046122048 1.26067700563 1.35573682592 1.42374700661 1.51888661976 1.56623269066
# coh_eff:
 -1.44587971700 -0.783287220241 -0.866424369268 -0.959217456580 -0.727675641949 -0.330061273791 -0.261005502300 -0.340025212479 0.146881788366 0.0682886671905 -0.0119470853052 -0.174272973857 -0.126237875351 0.718217865252 0.786345358329 0.0986716292414 -0.440980973641 0.246753254605 0.801946208772 0.768443508309 0.938400294305 0.903046354534 0.960187634757 1.23973164872 1.71814293849 1.31019982353 1.13393515036 1.19763415206 0.855719049877 0.447069724602 0.142626872005 -0.600017543807 -1.50795639055 -1.63284860681 -2.10270712629 -2.17168630063 0.00000000000 0.00000000000 0.00000000000
# yr_eff:
 -0.0253008517420 0.137009141379 1.34840857239 0.918740752307 0.558293099750 0.186706038668 -0.100026336709 -0.444018973983 -0.528596891063 -0.729121265172 -0.228234606171 -0.359299353415 -0.429300367487 -0.896554203072 -1.59670731024 -1.87424354886 -0.996672889331 -1.03679958323 0.315837682610 0.239927885649 0.639970993750 0.799379971721 1.67767460178 2.42293842233 0.00000000000 0.00000000000 0.00000000000
