 78 38.8144 -38.8144
 721 30.6088 -30.6088
 796 -28.5057 -28.5057
 80 -25.8355 -25.8355
 10 -23.3732 -23.3732
 722 -20.8829 -20.8829
 159 -20.6513 -20.6513
 149 -20.3632 -20.3632
 139 -20.3264 -20.3264
 9 -19.55 -19.55
 169 -18.6117 -18.6117
 179 -18.2281 -18.2281
 229 -17.4224 -17.4224
 199 -17.1405 -17.1405
 189 -17.1351 -17.1351
 209 -17.0637 -17.0637
 219 -17.0242 -17.0242
 239 -16.9519 -16.9519
 249 -16.3812 -16.3812
 259 -16.0442 -16.0442
 269 -15.8854 -15.8854
 369 -15.8534 -15.8534
 150 15.751 -15.751
 279 -15.6841 -15.6841
 359 -15.6602 -15.6602
 1835 -15.4786 -15.4786
 379 -15.3247 -15.3247
 140 15.186 -15.186
 160 14.925 -14.925
 349 -14.8796 -14.8796
 289 -14.849 -14.849
 399 -14.8381 -14.8381
 180 14.7489 -14.7489
 339 -14.4993 -14.4993
 389 -14.2959 -14.2959
 170 14.2199 -14.2199
 329 -13.9508 -13.9508
 299 -13.9488 -13.9488
 1838 -13.8863 -13.8863
 1842 -13.8852 -13.8852
 319 -13.8716 -13.8716
 309 -13.774 -13.774
 200 13.758 -13.758
 822 13.6557 -13.6557
 190 13.6457 -13.6457
 409 -13.5333 -13.5333
 1839 -13.3792 -13.3792
 419 -13.371 -13.371
 210 13.1874 -13.1874
 220 13.1701 -13.1701
 1837 -13.0883 -13.0883
 2430 -12.7409 -12.7409
 1849 -12.7024 -12.7024
 439 -12.6097 -12.6097
 230 12.5877 -12.5877
 1829 -12.57 -12.57
 240 12.5404 -12.5404
 429 -12.504 -12.504
 250 12.5023 -12.5023
 459 -12.2641 -12.2641
 449 -12.2147 -12.2147
 844 12.2076 -12.2076
 479 -12.0925 -12.0925
 1719 -11.8232 -11.8232
 260 11.801 -11.801
 1789 11.5491 -11.5491
 1840 -11.4932 -11.4932
 1720 -11.482 -11.482
 469 -11.4173 -11.4173
 270 11.2445 -11.2445
 848 -11.0388 -11.0388
 280 11.034 -11.034
 79 -10.9774 -10.9774
 85 -10.7748 -10.7748
 107 10.71 -10.71
 1836 -10.6613 -10.6613
 489 -10.5578 -10.5578
 519 -10.4359 -10.4359
 1804 -10.3663 -10.3663
 290 10.3359 -10.3359
 559 -10.1148 -10.1148
 310 10.1075 -10.1075
 300 9.92929 -9.92929
 569 -9.74571 -9.74571
 1827 -9.69487 -9.69487
 1841 -9.68897 -9.68897
 529 -9.60555 -9.60555
 340 9.36912 -9.36912
 320 9.3309 -9.3309
 499 -9.25532 -9.25532
 509 -9.21275 -9.21275
 539 -9.18869 -9.18869
 360 9.07514 -9.07514
 1832 -9.02763 -9.02763
 845 9.01578 -9.01578
 370 8.91003 -8.91003
 380 8.8746 -8.8746
 823 8.77603 -8.77603
 135 -8.69054 -8.69054
 549 -8.67312 -8.67312
 390 8.63256 -8.63256
 579 -8.62306 -8.62306
 330 8.54871 -8.54871
 720 -8.51951 -8.51951
 350 8.51381 -8.51381
 480 8.47843 -8.47843
 87 8.43071 -8.43071
 792 8.36046 -8.36046
 470 8.33827 -8.33827
 1833 -8.18181 -8.18181
 400 8.11794 -8.11794
 1834 -8.02281 -8.02281
 155 -7.9026 -7.9026
 145 -7.89615 -7.89615
 589 -7.87779 -7.87779
 138 7.86579 -7.86579
 1831 -7.8496 -7.8496
 825 -7.83121 -7.83121
 255 -7.81915 -7.81915
 1820 -7.81486 -7.81486
 245 -7.80666 -7.80666
 265 -7.72338 -7.72338
 38 7.62072 -7.62072
 275 -7.54199 -7.54199
 1788 -7.51892 -7.51892
 285 -7.48098 -7.48098
 773 -7.43132 -7.43132
 1830 -7.41378 -7.41378
 766 7.32668 -7.32668
 106 7.31121 -7.31121
 185 -7.29811 -7.29811
 599 -7.28749 -7.28749
 842 7.25865 -7.25865
 110 -7.25827 -7.25827
 315 -7.21764 -7.21764
 410 7.20754 -7.20754
 142 7.19829 -7.19829
 335 -7.18971 -7.18971
 838 7.1862 -7.1862
 445 -7.14497 -7.14497
 1790 7.1217 -7.1217
 158 7.0923 -7.0923
 425 -7.05275 -7.05275
 460 7.05184 -7.05184
 165 -7.00976 -7.00976
 81 -6.99743 -6.99743
 89 6.9921 -6.9921
 305 -6.9709 -6.9709
 609 -6.92876 -6.92876
 355 -6.91566 -6.91566
 465 -6.89984 -6.89984
 345 -6.88479 -6.88479
 96 6.87412 -6.87412
 175 -6.85224 -6.85224
 2431 6.84352 -6.84352
 94 -6.83048 -6.83048
 435 -6.82354 -6.82354
 325 -6.81888 -6.81888
 1822 -6.778 -6.778
 365 -6.7747 -6.7747
 195 -6.76972 -6.76972
 420 6.71868 -6.71868
 392 -6.68669 -6.68669
 295 -6.67318 -6.67318
 148 6.65503 -6.65503
 536 6.64772 -6.64772
 818 6.63468 -6.63468
 1845 -6.63457 -6.63457
 1828 -6.63084 -6.63084
 490 6.59335 -6.59335
 430 6.53476 -6.53476
 1802 -6.49276 -6.49276
 395 -6.48688 -6.48688
 405 -6.46648 -6.46648
 415 -6.43861 -6.43861
 839 6.43815 -6.43815
 556 6.39874 -6.39874
 546 6.39526 -6.39526
 86 -6.35316 -6.35316
 362 -6.35311 -6.35311
 440 6.349 -6.349
 24 -6.3338 -6.3338
 235 -6.30139 -6.30139
 619 -6.28641 -6.28641
 450 6.26916 -6.26916
 485 -6.25962 -6.25962
 375 -6.24176 -6.24176
 382 -6.23202 -6.23202
 455 -6.21637 -6.21637
 385 -6.18861 -6.18861
 371 6.14891 -6.14891
 475 -6.12516 -6.12516
 495 -6.08644 -6.08644
 1803 -6.05915 -6.05915
 785 5.98244 -5.98244
 168 5.96221 -5.96221
 225 -5.91559 -5.91559
 821 5.91531 -5.91531
 338 5.90431 -5.90431
 205 -5.89934 -5.89934
 1791 5.88096 -5.88096
 152 5.87483 -5.87483
 372 -5.86773 -5.86773
 505 -5.86747 -5.86747
 302 -5.86706 -5.86706
 545 -5.82495 -5.82495
 790 5.81671 -5.81671
 388 5.80739 -5.80739
 312 -5.80008 -5.80008
 526 5.78441 -5.78441
 222 -5.77705 -5.77705
 576 5.75063 -5.75063
 565 -5.70918 -5.70918
 328 5.69167 -5.69167
 535 -5.68668 -5.68668
 352 -5.68611 -5.68611
 378 5.63497 -5.63497
 381 5.62968 -5.62968
 555 -5.61441 -5.61441
 566 5.59395 -5.59395
 398 5.5871 -5.5871
 2506 -5.58699 -5.58699
 525 -5.58342 -5.58342
 1814 -5.54894 -5.54894
 332 -5.54366 -5.54366
 361 5.50736 -5.50736
 402 -5.50018 -5.50018
 516 5.49364 -5.49364
 119 -5.42675 -5.42675
 1805 -5.42423 -5.42423
 515 -5.40875 -5.40875
 215 -5.40626 -5.40626
 342 -5.37642 -5.37642
 819 5.36859 -5.36859
 1824 -5.36346 -5.36346
 401 5.35758 -5.35758
 408 5.33324 -5.33324
 348 5.33225 -5.33225
 368 5.24225 -5.24225
 391 5.24025 -5.24025
 412 -5.17015 -5.17015
 13 5.1335 -5.1335
 351 5.13092 -5.13092
 100 -5.08688 -5.08688
 358 5.07287 -5.07287
 418 5.07156 -5.07156
 428 4.99037 -4.99037
 1821 -4.96426 -4.96426
 500 4.96164 -4.96164
 458 4.95647 -4.95647
 438 4.95545 -4.95545
 1848 4.94121 -4.94121
 776 4.93286 -4.93286
 318 4.92363 -4.92363
 816 4.91064 -4.91064
 846 4.87539 -4.87539
 486 4.87141 -4.87141
 98 4.84528 -4.84528
 1817 4.81159 -4.81159
 216 4.7969 -4.7969
 824 4.78033 -4.78033
 575 -4.77956 -4.77956
 125 -4.75876 -4.75876
 506 4.64754 -4.64754
 815 4.6285 -4.6285
 586 4.6018 -4.6018
 228 4.59048 -4.59048
 29 4.58216 -4.58216
 322 -4.57149 -4.57149
 278 4.56061 -4.56061
 246 4.544 -4.544
 212 -4.53272 -4.53272
 242 -4.53042 -4.53042
 520 4.51653 -4.51653
 178 4.48429 -4.48429
 1825 -4.48176 -4.48176
 226 4.4541 -4.4541
 448 4.45155 -4.45155
 357 4.45116 -4.45116
 208 4.44236 -4.44236
 441 4.44211 -4.44211
 276 4.43673 -4.43673
 550 4.4268 -4.4268
 308 4.42361 -4.42361
 1810 -4.42197 -4.42197
 232 -4.41068 -4.41068
 238 4.40432 -4.40432
 292 -4.38725 -4.38725
 347 4.36091 -4.36091
 841 4.33935 -4.33935
 817 4.31343 -4.31343
 288 4.30342 -4.30342
 2494 -4.29736 -4.29736
 422 -4.28037 -4.28037
 282 -4.27226 -4.27226
 258 4.25685 -4.25685
 256 4.25257 -4.25257
 266 4.24809 -4.24809
 306 4.23999 -4.23999
 431 4.23956 -4.23956
 206 4.23183 -4.23183
 1807 -4.21284 -4.21284
 218 4.19357 -4.19357
 406 4.18888 -4.18888
 478 4.17631 -4.17631
 296 4.17048 -4.17048
 476 4.16572 -4.16572
 188 4.15794 -4.15794
 341 4.12718 -4.12718
 1801 -4.09474 -4.09474
 421 4.08959 -4.08959
 466 4.08322 -4.08322
 272 -4.06985 -4.06985
 407 4.05351 -4.05351
 131 4.04269 -4.04269
 1846 -4.0409 -4.0409
 286 4.02838 -4.02838
 331 4.02458 -4.02458
 560 4.01788 -4.01788
 496 4.01437 -4.01437
 510 3.99737 -3.99737
 1812 -3.98892 -3.98892
 268 3.98343 -3.98343
 411 3.97187 -3.97187
 297 3.96923 -3.96923
 456 3.96424 -3.96424
 356 3.94783 -3.94783
 1794 3.94162 -3.94162
 1798 -3.93819 -3.93819
 116 3.92749 -3.92749
 396 3.92173 -3.92173
 606 3.9164 -3.9164
 837 3.90793 -3.90793
 366 3.90162 -3.90162
 530 3.88733 -3.88733
 451 3.88697 -3.88697
 570 3.88633 -3.88633
 30 3.88315 -3.88315
 267 3.86132 -3.86132
 23 -3.86023 -3.86023
 141 3.82873 -3.82873
 90 3.82742 -3.82742
 196 3.81698 -3.81698
 596 3.80633 -3.80633
 762 3.79998 -3.79998
 236 3.797 -3.797
 97 -3.78364 -3.78364
 151 3.78056 -3.78056
 321 3.77794 -3.77794
 105 3.77668 -3.77668
 568 3.77373 -3.77373
 540 3.76768 -3.76768
 367 3.7526 -3.7526
 468 3.73856 -3.73856
 629 -3.73653 -3.73653
 417 3.72657 -3.72657
 427 3.71503 -3.71503
 1823 -3.71287 -3.71287
 590 3.69529 -3.69529
 181 3.68831 -3.68831
 161 3.65683 -3.65683
 336 3.65656 -3.65656
 237 3.6477 -3.6477
 252 -3.63321 -3.63321
 277 3.63223 -3.63223
 298 3.63028 -3.63028
 377 3.61178 -3.61178
 595 -3.60317 -3.60317
 326 3.59591 -3.59591
 262 -3.59242 -3.59242
 327 3.59156 -3.59156
 337 3.58057 -3.58057
 558 3.57166 -3.57166
 248 3.5577 -3.5577
 508 3.55486 -3.55486
 191 3.55309 -3.55309
 257 3.55248 -3.55248
 376 3.54335 -3.54335
 287 3.53623 -3.53623
 307 3.5305 -3.5305
 72 3.5027 -3.5027
 247 3.49054 -3.49054
 724 3.48921 -3.48921
 171 3.47482 -3.47482
 585 -3.46489 -3.46489
 176 3.45365 -3.45365
 186 3.44952 -3.44952
 291 3.44136 -3.44136
 518 3.42524 -3.42524
 386 3.41936 -3.41936
 44 3.40743 -3.40743
 488 3.38355 -3.38355
 346 3.37877 -3.37877
 580 3.36945 -3.36945
 198 3.35976 -3.35976
 317 3.34625 -3.34625
 397 3.33148 -3.33148
 828 3.32262 -3.32262
 639 -3.31643 -3.31643
 820 3.31591 -3.31591
 227 3.31227 -3.31227
 201 3.29875 -3.29875
 136 -3.28886 -3.28886
 387 3.26017 -3.26017
 829 3.25631 -3.25631
 301 3.23513 -3.23513
 2493 -3.23074 -3.23074
 416 3.21957 -3.21957
 1778 -3.20885 -3.20885
 281 3.18976 -3.18976
 311 3.15419 -3.15419
 1765 -3.15076 -3.15076
 217 3.13095 -3.13095
 271 3.12054 -3.12054
 82 -3.11376 -3.11376
 497 3.10225 -3.10225
 112 -3.09641 -3.09641
 498 3.08106 -3.08106
 130 3.0771 -3.0771
 616 3.05343 -3.05343
 117 -3.0532 -3.0532
 202 -3.05003 -3.05003
 37 3.04339 -3.04339
 600 3.0217 -3.0217
 316 3.01376 -3.01376
 814 3.00807 -3.00807
 507 3.00005 -3.00005
 783 -2.99092 -2.99092
 1777 -2.987 -2.987
 843 2.96838 -2.96838
 1813 -2.86442 -2.86442
 605 -2.81836 -2.81836
 669 -2.80614 -2.80614
 840 2.80446 -2.80446
 192 -2.76136 -2.76136
 261 2.75873 -2.75873
 1711 2.74143 -2.74143
 124 2.72604 -2.72604
 436 2.70181 -2.70181
 71 2.69643 -2.69643
 45 2.69397 -2.69397
 84 -2.6878 -2.6878
 55 -2.68377 -2.68377
 626 2.67447 -2.67447
 1 2.66842 -2.66842
 1783 -2.65681 -2.65681
 826 -2.58772 -2.58772
 92 -2.56176 -2.56176
 636 2.54654 -2.54654
 446 2.53693 -2.53693
 794 2.52129 -2.52129
 487 2.49414 -2.49414
 251 2.48208 -2.48208
 108 2.47735 -2.47735
 14 2.47627 -2.47627
 211 2.46007 -2.46007
 101 2.43907 -2.43907
 182 -2.43889 -2.43889
 791 -2.43635 -2.43635
 578 2.40282 -2.40282
 701 -2.38467 -2.38467
 588 2.38283 -2.38283
 33 2.36889 -2.36889
 1747 2.36508 -2.36508
 241 2.35781 -2.35781
 102 -2.35346 -2.35346
 528 2.3502 -2.3502
 1744 -2.30555 -2.30555
 482 -2.30442 -2.30442
 769 2.26452 -2.26452
 467 2.26302 -2.26302
 765 2.25201 -2.25201
 1755 2.23289 -2.23289
 31 2.23067 -2.23067
 70 2.22825 -2.22825
 197 2.22021 -2.22021
 104 -2.21181 -2.21181
 207 2.20881 -2.20881
 461 2.2081 -2.2081
 32 2.17667 -2.17667
 1800 -2.17329 -2.17329
 538 2.17099 -2.17099
 472 -2.16977 -2.16977
 61 2.16698 -2.16698
 122 -2.15269 -2.15269
 835 -2.1437 -2.1437
 2552 -2.13431 -2.13431
 1819 -2.12191 -2.12191
 28 2.10161 -2.10161
 1754 2.10044 -2.10044
 1766 -2.09791 -2.09791
 787 2.09224 -2.09224
 2500 2.08522 -2.08522
 432 -2.07665 -2.07665
 99 2.06641 -2.06641
 627 2.06393 -2.06393
 120 2.05259 -2.05259
 457 2.05007 -2.05007
 1808 2.04641 -2.04641
 608 2.03456 -2.03456
 646 2.03157 -2.03157
 146 -2.02807 -2.02807
 221 2.02095 -2.02095
 517 2.00873 -2.00873
 128 -2.00773 -2.00773
 1773 -1.99762 -1.99762
 1850 1.98495 -1.98495
 26 -1.9797 -1.9797
 2490 1.97491 -1.97491
 1736 -1.9676 -1.9676
 2505 1.96378 -1.96378
 725 1.95224 -1.95224
 1815 -1.9486 -1.9486
 75 1.94788 -1.94788
 57 1.93745 -1.93745
 770 1.90565 -1.90565
 67 -1.89735 -1.89735
 1748 1.89684 -1.89684
 795 1.89516 -1.89516
 231 1.88583 -1.88583
 2502 -1.88194 -1.88194
 59 1.87752 -1.87752
 659 -1.87745 -1.87745
 767 1.87684 -1.87684
 426 1.87134 -1.87134
 598 1.86729 -1.86729
 1746 -1.86025 -1.86025
 1793 1.85732 -1.85732
 39 1.84888 -1.84888
 50 -1.83944 -1.83944
 649 -1.83494 -1.83494
 442 -1.83364 -1.83364
 632 -1.83285 -1.83285
 93 -1.83135 -1.83135
 147 -1.8209 -1.8209
 833 -1.81912 -1.81912
 63 -1.81802 -1.81802
 462 -1.81788 -1.81788
 166 1.8138 -1.8138
 492 -1.79345 -1.79345
 1809 1.79189 -1.79189
 477 1.78929 -1.78929
 670 1.76465 -1.76465
 437 1.75468 -1.75468
 2495 1.72457 -1.72457
 779 -1.71833 -1.71833
 1771 1.71125 -1.71125
 42 1.70238 -1.70238
 2549 -1.70198 -1.70198
 1739 1.69784 -1.69784
 187 1.68922 -1.68922
 1792 1.68372 -1.68372
 2486 -1.66504 -1.66504
 1743 1.65854 -1.65854
 521 1.64739 -1.64739
 1797 1.64704 -1.64704
 610 1.64547 -1.64547
 447 1.64251 -1.64251
 36 -1.64147 -1.64147
 797 1.63552 -1.63552
 708 -1.62931 -1.62931
 118 1.62813 -1.62813
 2432 -1.62094 -1.62094
 710 1.62005 -1.62005
 1806 1.61778 -1.61778
 709 -1.61402 -1.61402
 635 -1.61309 -1.61309
 637 1.59403 -1.59403
 834 -1.58759 -1.58759
 60 -1.58739 -1.58739
 537 1.5845 -1.5845
 728 1.56964 -1.56964
 1779 -1.56694 -1.56694
 617 1.5662 -1.5662
 1750 -1.56451 -1.56451
 1712 -1.56274 -1.56274
 1760 -1.55523 -1.55523
 668 1.55497 -1.55497
 113 1.55424 -1.55424
 512 -1.55193 -1.55193
 172 -1.53979 -1.53979
 547 1.53883 -1.53883
 58 1.53084 -1.53084
 830 1.52901 -1.52901
 511 1.52764 -1.52764
 502 -1.52384 -1.52384
 527 1.51037 -1.51037
 1770 -1.50741 -1.50741
 364 1.50324 -1.50324
 132 1.48865 -1.48865
 581 1.47925 -1.47925
 582 -1.47872 -1.47872
 811 -1.46967 -1.46967
 294 1.46074 -1.46074
 727 1.45753 -1.45753
 2 -1.43921 -1.43921
 777 -1.43878 -1.43878
 592 -1.43407 -1.43407
 692 1.41916 -1.41916
 577 1.41895 -1.41895
 847 1.4126 -1.4126
 780 -1.40781 -1.40781
 798 -1.40484 -1.40484
 567 1.39891 -1.39891
 1769 1.37309 -1.37309
 1826 -1.35779 -1.35779
 11 -1.35396 -1.35396
 764 1.33588 -1.33588
 91 -1.3166 -1.3166
 2543 -1.31444 -1.31444
 612 -1.31124 -1.31124
 137 -1.30429 -1.30429
 452 -1.28603 -1.28603
 65 1.2819 -1.2819
 638 1.27788 -1.27788
 729 1.27214 -1.27214
 471 1.26907 -1.26907
 127 -1.26759 -1.26759
 726 1.26328 -1.26328
 700 1.2517 -1.2517
 244 1.23372 -1.23372
 264 1.2314 -1.2314
 314 1.20333 -1.20333
 548 1.20283 -1.20283
 597 1.19684 -1.19684
 111 -1.19603 -1.19603
 134 1.18502 -1.18502
 1749 -1.17327 -1.17327
 53 1.16735 -1.16735
 2559 -1.16553 -1.16553
 1847 -1.16319 -1.16319
 501 1.16106 -1.16106
 1852 1.15879 -1.15879
 1723 1.14744 -1.14744
 167 1.14417 -1.14417
 25 -1.13874 -1.13874
 2551 -1.13368 -1.13368
 214 1.12342 -1.12342
 481 1.12314 -1.12314
 1745 1.10661 -1.10661
 733 1.10582 -1.10582
 40 1.10275 -1.10275
 665 -1.09941 -1.09941
 1753 -1.09297 -1.09297
 652 -1.08788 -1.08788
 234 1.07826 -1.07826
 2558 -1.07492 -1.07492
 109 1.06316 -1.06316
 1768 1.06272 -1.06272
 162 1.05894 -1.05894
 551 1.05248 -1.05248
 56 -1.05022 -1.05022
 618 1.04995 -1.04995
 62 1.04108 -1.04108
 204 1.03674 -1.03674
 123 -1.03263 -1.03263
 775 1.03125 -1.03125
 284 1.02451 -1.02451
 43 -1.02243 -1.02243
 1844 1.02086 -1.02086
 2485 -1.01856 -1.01856
 620 1.01769 -1.01769
 760 1.01602 -1.01602
 1781 1.00672 -1.00672
 154 1.00622 -1.00622
 34 -1.00396 -1.00396
 571 0.993267 -0.993267
 2435 -0.9918 -0.9918
 1785 0.990619 -0.990619
 522 -0.984451 -0.984451
 254 0.971066 -0.971066
 1738 0.970199 -0.970199
 658 0.963778 -0.963778
 625 -0.961683 -0.961683
 12 0.956809 -0.956809
 789 0.953274 -0.953274
 1741 -0.952246 -0.952246
 689 -0.951296 -0.951296
 2553 -0.949273 -0.949273
 344 0.941342 -0.941342
 1818 -0.940716 -0.940716
 793 -0.938716 -0.938716
 184 0.937749 -0.937749
 628 0.935473 -0.935473
 704 0.935278 -0.935278
 66 0.934177 -0.934177
 1816 0.922028 -0.922028
 699 -0.913879 -0.913879
 224 0.913139 -0.913139
 52 -0.904286 -0.904286
 274 0.898928 -0.898928
 2434 0.894925 -0.894925
 541 0.889176 -0.889176
 763 0.884226 -0.884226
 491 0.880258 -0.880258
 2483 -0.878061 -0.878061
 304 0.871054 -0.871054
 1767 0.86699 -0.86699
 697 -0.859004 -0.859004
 17 0.852282 -0.852282
 64 0.841948 -0.841948
 602 -0.840081 -0.840081
 1851 0.833002 -0.833002
 1734 -0.832476 -0.832476
 622 -0.832036 -0.832036
 156 0.829831 -0.829831
 642 -0.826663 -0.826663
 809 -0.826258 -0.826258
 324 0.822 -0.822
 2499 -0.80939 -0.80939
 103 -0.804617 -0.804617
 735 0.803248 -0.803248
 46 0.797969 -0.797969
 464 0.795449 -0.795449
 1740 0.793392 -0.793392
 2474 -0.7927 -0.7927
 2441 0.790472 -0.790472
 771 -0.782096 -0.782096
 703 0.780075 -0.780075
 74 0.779073 -0.779073
 1878 -0.777495 -0.777495
 174 0.768536 -0.768536
 1861 0.763585 -0.763585
 587 0.762302 -0.762302
 557 0.760418 -0.760418
 1782 -0.76021 -0.76021
 88 0.758242 -0.758242
 69 0.758117 -0.758117
 334 0.75786 -0.75786
 611 0.755033 -0.755033
 810 -0.752311 -0.752311
 2489 0.741291 -0.741291
 384 0.740449 -0.740449
 631 0.735501 -0.735501
 645 -0.725271 -0.725271
 1751 -0.723927 -0.723927
 2542 -0.719139 -0.719139
 781 -0.718924 -0.718924
 15 0.711873 -0.711873
 194 0.711501 -0.711501
 2420 0.710736 -0.710736
 1795 0.71 -0.71
 2503 -0.707004 -0.707004
 850 0.705715 -0.705715
 2556 0.702791 -0.702791
 394 0.696997 -0.696997
 761 0.695561 -0.695561
 1799 0.690051 -0.690051
 647 0.689631 -0.689631
 1899 0.688781 -0.688781
 2478 0.685913 -0.685913
 1957 0.679834 -0.679834
 813 0.678665 -0.678665
 1889 -0.677321 -0.677321
 730 0.674112 -0.674112
 54 0.672605 -0.672605
 363 -0.672407 -0.672407
 2475 -0.666583 -0.666583
 1759 -0.665663 -0.665663
 784 0.665647 -0.665647
 656 0.664231 -0.664231
 2504 -0.662088 -0.662088
 715 -0.657796 -0.657796
 2496 -0.657263 -0.657263
 1727 0.656859 -0.656859
 782 -0.650302 -0.650302
 1956 0.645958 -0.645958
 164 0.641213 -0.641213
 1968 0.633147 -0.633147
 683 -0.631547 -0.631547
 1859 -0.6301 -0.6301
 1917 -0.628167 -0.628167
 1784 -0.627776 -0.627776
 691 -0.622696 -0.622696
 68 -0.620931 -0.620931
 786 0.619102 -0.619102
 1714 0.607166 -0.607166
 607 0.595015 -0.595015
 2497 0.592981 -0.592981
 22 0.590475 -0.590475
 35 0.587876 -0.587876
 695 0.586532 -0.586532
 561 0.584691 -0.584691
 4 0.583982 -0.583982
 404 0.582778 -0.582778
 1786 -0.582101 -0.582101
 1869 0.578375 -0.578375
 681 0.574336 -0.574336
 18 0.567875 -0.567875
 73 -0.56509 -0.56509
 716 0.557643 -0.557643
 77 0.557325 -0.557325
 47 -0.555369 -0.555369
 1776 0.555091 -0.555091
 693 0.55349 -0.55349
 21 0.552592 -0.552592
 2480 0.549494 -0.549494
 788 0.548225 -0.548225
 614 0.546258 -0.546258
 2404 -0.540273 -0.540273
 1764 0.53937 -0.53937
 2442 -0.53714 -0.53714
 651 0.534317 -0.534317
 1868 0.531196 -0.531196
 1713 0.529536 -0.529536
 1724 0.529014 -0.529014
 680 -0.527438 -0.527438
 531 0.524183 -0.524183
 121 0.521552 -0.521552
 504 -0.511802 -0.511802
 83 0.511737 -0.511737
 2385 -0.508044 -0.508044
 177 0.50745 -0.50745
 572 -0.504397 -0.504397
 827 -0.502348 -0.502348
 20 0.499985 -0.499985
 2390 -0.495645 -0.495645
 661 0.492345 -0.492345
 687 0.490183 -0.490183
 712 0.48734 -0.48734
 601 0.487326 -0.487326
 2498 -0.485873 -0.485873
 354 0.48401 -0.48401
 2473 0.476382 -0.476382
 19 0.476001 -0.476001
 414 0.472791 -0.472791
 95 0.470617 -0.470617
 1757 -0.468621 -0.468621
 1910 -0.465895 -0.465895
 732 0.459564 -0.459564
 672 0.459201 -0.459201
 574 0.458643 -0.458643
 2413 -0.457442 -0.457442
 2537 0.455333 -0.455333
 2548 -0.453828 -0.453828
 133 0.452874 -0.452874
 444 0.449386 -0.449386
 1742 -0.446832 -0.446832
 8 0.444927 -0.444927
 2545 0.437927 -0.437927
 671 0.43782 -0.43782
 2546 -0.435972 -0.435972
 333 -0.434787 -0.434787
 153 -0.434509 -0.434509
 2482 0.432284 -0.432284
 849 -0.432127 -0.432127
 1937 0.431958 -0.431958
 2538 -0.431354 -0.431354
 424 0.430429 -0.430429
 2533 -0.429254 -0.429254
 393 -0.429221 -0.429221
 2388 0.414257 -0.414257
 1721 -0.412243 -0.412243
 707 -0.411126 -0.411126
 1907 0.41075 -0.41075
 2541 0.410475 -0.410475
 1938 0.409729 -0.409729
 2008 0.408894 -0.408894
 2554 0.408474 -0.408474
 2392 0.407381 -0.407381
 778 0.401618 -0.401618
 562 0.399035 -0.399035
 831 0.395122 -0.395122
 621 0.395027 -0.395027
 2471 -0.393961 -0.393961
 129 0.392283 -0.392283
 1860 0.390467 -0.390467
 434 0.389928 -0.389928
 1881 0.388172 -0.388172
 2555 0.385999 -0.385999
 1880 0.373641 -0.373641
 2387 -0.370684 -0.370684
 685 0.369327 -0.369327
 731 0.368106 -0.368106
 591 0.363367 -0.363367
 1737 0.363318 -0.363318
 353 0.359611 -0.359611
 1718 0.358988 -0.358988
 694 0.356608 -0.356608
 144 0.354338 -0.354338
 2038 0.35068 -0.35068
 698 0.350354 -0.350354
 523 -0.346801 -0.346801
 126 0.341478 -0.341478
 2540 0.340406 -0.340406
 1733 0.339695 -0.339695
 1775 0.338653 -0.338653
 666 -0.33765 -0.33765
 473 -0.33542 -0.33542
 374 0.330787 -0.330787
 2507 0.330136 -0.330136
 115 0.330102 -0.330102
 1858 -0.329097 -0.329097
 648 0.328684 -0.328684
 1966 0.323277 -0.323277
 662 -0.322235 -0.322235
 27 0.321557 -0.321557
 1877 0.320723 -0.320723
 2508 -0.31869 -0.31869
 2444 0.315939 -0.315939
 713 0.313658 -0.313658
 413 -0.312926 -0.312926
 584 0.311505 -0.311505
 2411 -0.31053 -0.31053
 2476 0.30983 -0.30983
 2410 -0.307557 -0.307557
 2031 0.306833 -0.306833
 1927 0.30636 -0.30636
 1726 -0.303461 -0.303461
 433 -0.302034 -0.302034
 1763 0.301262 -0.301262
 2384 -0.293203 -0.293203
 1722 0.291883 -0.291883
 705 0.291115 -0.291115
 706 -0.290937 -0.290937
 2239 0.288822 -0.288822
 454 0.286617 -0.286617
 1901 -0.281967 -0.281967
 453 -0.281662 -0.281662
 51 0.280019 -0.280019
 1958 0.279973 -0.279973
 711 -0.278841 -0.278841
 2487 -0.278554 -0.278554
 759 -0.276368 -0.276368
 717 -0.276017 -0.276017
 2119 0.275662 -0.275662
 2439 -0.273885 -0.273885
 655 0.273075 -0.273075
 193 -0.272969 -0.272969
 16 0.272333 -0.272333
 2206 -0.270008 -0.270008
 403 -0.264137 -0.264137
 615 -0.264075 -0.264075
 2440 -0.261954 -0.261954
 1988 -0.259267 -0.259267
 173 -0.258772 -0.258772
 2544 0.256624 -0.256624
 1895 -0.255907 -0.255907
 2391 -0.253179 -0.253179
 1921 -0.252246 -0.252246
 2557 0.251628 -0.251628
 682 0.246108 -0.246108
 1735 -0.24603 -0.24603
 630 -0.243959 -0.243959
 675 0.242897 -0.242897
 1886 0.242776 -0.242776
 2526 -0.239962 -0.239962
 664 0.239434 -0.239434
 552 -0.239105 -0.239105
 2326 -0.238002 -0.238002
 1856 -0.235182 -0.235182
 1725 0.23461 -0.23461
 1853 -0.234528 -0.234528
 2491 0.233892 -0.233892
 2049 -0.232736 -0.232736
 114 0.2327 -0.2327
 2019 0.232071 -0.232071
 48 0.229847 -0.229847
 723 0.229625 -0.229625
 532 -0.229484 -0.229484
 2268 0.228185 -0.228185
 2018 -0.227301 -0.227301
 2560 -0.225663 -0.225663
 650 -0.22547 -0.22547
 1870 -0.224076 -0.224076
 2409 -0.223423 -0.223423
 2418 0.221313 -0.221313
 2534 0.220384 -0.220384
 624 0.215783 -0.215783
 734 0.215592 -0.215592
 660 -0.21551 -0.21551
 2433 -0.215278 -0.215278
 667 -0.212557 -0.212557
 2472 0.212444 -0.212444
 654 -0.21107 -0.21107
 1758 0.210863 -0.210863
 2136 0.209469 -0.209469
 1854 -0.208943 -0.208943
 1967 0.20793 -0.20793
 2532 0.206683 -0.206683
 2227 -0.205201 -0.205201
 1896 -0.204754 -0.204754
 1887 0.20409 -0.20409
 593 -0.201412 -0.201412
 2198 -0.199887 -0.199887
 2210 -0.197977 -0.197977
 2247 0.19584 -0.19584
 2383 -0.195758 -0.195758
 1867 -0.194875 -0.194875
 832 -0.19399 -0.19399
 2396 0.192596 -0.192596
 2481 0.192284 -0.192284
 2091 -0.191557 -0.191557
 1774 0.191228 -0.191228
 2288 0.189216 -0.189216
 690 -0.188415 -0.188415
 1891 0.187403 -0.187403
 443 -0.187403 -0.187403
 213 -0.185481 -0.185481
 3 0.185396 -0.185396
 2278 0.185037 -0.185037
 2436 -0.184767 -0.184767
 603 -0.184671 -0.184671
 1965 0.182906 -0.182906
 2401 0.182673 -0.182673
 2009 -0.180511 -0.180511
 1843 0.179881 -0.179881
 594 0.179809 -0.179809
 2422 0.179648 -0.179648
 423 -0.179471 -0.179471
 1780 0.178036 -0.178036
 1959 0.173158 -0.173158
 1918 0.173088 -0.173088
 2051 0.172926 -0.172926
 1888 0.172782 -0.172782
 2228 -0.171362 -0.171362
 183 -0.171007 -0.171007
 634 0.170628 -0.170628
 2246 -0.168508 -0.168508
 2423 -0.166873 -0.166873
 163 -0.165547 -0.165547
 756 -0.164546 -0.164546
 343 -0.164164 -0.164164
 678 0.164028 -0.164028
 679 -0.162631 -0.162631
 702 -0.161828 -0.161828
 1999 0.160883 -0.160883
 623 0.160745 -0.160745
 2089 0.160677 -0.160677
 2547 0.159938 -0.159938
 233 0.159827 -0.159827
 2535 0.159593 -0.159593
 2394 -0.15898 -0.15898
 758 -0.158185 -0.158185
 2484 0.158152 -0.158152
 373 0.157519 -0.157519
 543 -0.156976 -0.156976
 1944 0.156939 -0.156939
 677 -0.156174 -0.156174
 143 -0.155755 -0.155755
 714 -0.1556 -0.1556
 2445 -0.154642 -0.154642
 657 0.154096 -0.154096
 2048 0.15205 -0.15205
 1905 0.151574 -0.151574
 2238 -0.151169 -0.151169
 1761 0.150087 -0.150087
 688 0.149803 -0.149803
 2424 0.149475 -0.149475
 542 0.146814 -0.146814
 2378 0.146021 -0.146021
 2407 -0.145677 -0.145677
 1947 -0.145377 -0.145377
 2393 -0.14457 -0.14457
 2020 0.142839 -0.142839
 1876 0.14227 -0.14227
 2310 -0.141557 -0.141557
 2200 -0.141488 -0.141488
 2437 -0.141411 -0.141411
 2386 -0.140626 -0.140626
 1762 -0.140445 -0.140445
 2477 -0.139233 -0.139233
 2159 -0.138821 -0.138821
 1717 0.138073 -0.138073
 7 0.137092 -0.137092
 564 0.136917 -0.136917
 1756 0.132403 -0.132403
 2147 -0.130953 -0.130953
 2280 0.130372 -0.130372
 2158 -0.130015 -0.130015
 1857 -0.130005 -0.130005
 1875 0.128633 -0.128633
 2162 -0.127327 -0.127327
 1796 -0.12717 -0.12717
 1863 -0.125688 -0.125688
 273 -0.124484 -0.124484
 1911 -0.124174 -0.124174
 2259 -0.124029 -0.124029
 1980 -0.121731 -0.121731
 2021 0.12112 -0.12112
 643 -0.120246 -0.120246
 808 -0.119721 -0.119721
 1879 0.118686 -0.118686
 2101 -0.118253 -0.118253
 1915 0.117865 -0.117865
 1951 0.117641 -0.117641
 2121 -0.116431 -0.116431
 2539 0.116423 -0.116423
 604 -0.116246 -0.116246
 2207 0.11622 -0.11622
 157 0.11575 -0.11575
 2443 -0.115538 -0.115538
 2269 0.115532 -0.115532
 2219 -0.115467 -0.115467
 223 -0.115124 -0.115124
 2218 -0.115113 -0.115113
 768 -0.114988 -0.114988
 1900 0.114303 -0.114303
 503 0.114008 -0.114008
 2109 0.113926 -0.113926
 2501 -0.113659 -0.113659
 757 -0.113546 -0.113546
 2029 -0.113496 -0.113496
 2488 -0.112973 -0.112973
 1866 -0.112917 -0.112917
 1855 -0.112053 -0.112053
 2402 -0.111616 -0.111616
 2347 0.111584 -0.111584
 2266 0.10983 -0.10983
 2291 0.109299 -0.109299
 2408 -0.108603 -0.108603
 774 0.108583 -0.108583
 2208 0.108573 -0.108573
 1890 -0.107606 -0.107606
 1946 0.105475 -0.105475
 2358 -0.103796 -0.103796
 463 -0.102901 -0.102901
 1928 0.102297 -0.102297
 2181 -0.101993 -0.101993
 6 -0.10112 -0.10112
 2100 -0.100195 -0.100195
 754 -0.100175 -0.100175
 2467 -0.0982783 -0.0982783
 2209 0.0980526 -0.0980526
 2205 0.0979432 -0.0979432
 2277 0.0972733 -0.0972733
 1940 -0.0969688 -0.0969688
 494 0.0965596 -0.0965596
 2110 0.0954265 -0.0954265
 1916 -0.0953676 -0.0953676
 2380 -0.0950605 -0.0950605
 2090 -0.0933196 -0.0933196
 2479 -0.0933106 -0.0933106
 2405 -0.0932679 -0.0932679
 1871 0.0928071 -0.0928071
 2041 0.0927652 -0.0927652
 1948 -0.0926143 -0.0926143
 2195 -0.0910378 -0.0910378
 2070 -0.090274 -0.090274
 2146 0.0897994 -0.0897994
 2028 -0.0896147 -0.0896147
 1969 0.0893955 -0.0893955
 2376 -0.0888105 -0.0888105
 2199 -0.0887984 -0.0887984
 2225 -0.0881319 -0.0881319
 1716 -0.0880655 -0.0880655
 2412 0.0880002 -0.0880002
 1787 -0.0877824 -0.0877824
 1920 0.0868156 -0.0868156
 663 -0.0857529 -0.0857529
 293 0.0855978 -0.0855978
 2221 -0.0847235 -0.0847235
 2217 0.0833463 -0.0833463
 2417 0.0829717 -0.0829717
 383 -0.0828378 -0.0828378
 807 -0.082208 -0.082208
 1971 0.0816831 -0.0816831
 2061 0.081365 -0.081365
 2318 -0.079795 -0.079795
 1873 0.0796923 -0.0796923
 303 0.0795424 -0.0795424
 243 0.0792325 -0.0792325
 2160 -0.0790638 -0.0790638
 2379 -0.0788748 -0.0788748
 484 0.0785947 -0.0785947
 2177 -0.0782347 -0.0782347
 534 0.077874 -0.077874
 719 0.077761 -0.077761
 1978 -0.0777345 -0.0777345
 1772 0.0770484 -0.0770484
 2316 -0.0766745 -0.0766745
 1994 -0.0766313 -0.0766313
 1715 0.0763376 -0.0763376
 2026 0.0762451 -0.0762451
 563 -0.0760979 -0.0760979
 2382 -0.0748053 -0.0748053
 1941 -0.0746726 -0.0746726
 2337 0.0745598 -0.0745598
 1960 -0.0743023 -0.0743023
 673 -0.0729117 -0.0729117
 2438 0.0727911 -0.0727911
 2030 0.0723056 -0.0723056
 1897 -0.0722707 -0.0722707
 2114 0.07199 -0.07199
 1990 -0.0719305 -0.0719305
 1884 0.0714704 -0.0714704
 2276 -0.0705312 -0.0705312
 2015 -0.0702483 -0.0702483
 2530 -0.0696918 -0.0696918
 2306 0.0692974 -0.0692974
 2187 -0.0692423 -0.0692423
 2248 0.068509 -0.068509
 2111 -0.0682704 -0.0682704
 2039 -0.0673808 -0.0673808
 1904 -0.0670784 -0.0670784
 2425 0.0667892 -0.0667892
 2226 0.0667457 -0.0667457
 2141 -0.0664863 -0.0664863
 2196 0.0658662 -0.0658662
 493 0.0655246 -0.0655246
 674 0.06516 -0.06516
 2081 -0.065063 -0.065063
 2518 -0.0644021 -0.0644021
 2529 -0.06361 -0.06361
 2251 -0.0636029 -0.0636029
 686 0.0633995 -0.0633995
 2201 -0.0633092 -0.0633092
 2271 0.0631539 -0.0631539
 2077 -0.063043 -0.063043
 2079 -0.0625811 -0.0625811
 872 -0.0624753 -0.0624753
 2151 -0.0623621 -0.0623621
 1519 0.0616823 -0.0616823
 253 -0.0613716 -0.0613716
 2190 0.0613464 -0.0613464
 2317 -0.0610818 -0.0610818
 2150 -0.0604047 -0.0604047
 2240 -0.0601111 -0.0601111
 836 0.0599419 -0.0599419
 2375 -0.0597019 -0.0597019
 2550 0.0595946 -0.0595946
 2395 -0.059589 -0.059589
 2360 0.0595764 -0.0595764
 1874 -0.0589614 -0.0589614
 2130 -0.0588611 -0.0588611
 2058 -0.058233 -0.058233
 2267 -0.0577079 -0.0577079
 2237 0.0576407 -0.0576407
 1898 -0.0572119 -0.0572119
 2036 0.0570992 -0.0570992
 76 -0.0569511 -0.0569511
 544 0.0564115 -0.0564115
 2381 -0.055461 -0.055461
 1991 -0.0550308 -0.0550308
 2525 -0.0549449 -0.0549449
 2017 0.054683 -0.054683
 1945 0.0541948 -0.0541948
 2364 -0.0541248 -0.0541248
 2285 -0.0540537 -0.0540537
 2428 0.0537475 -0.0537475
 755 -0.0537225 -0.0537225
 483 -0.0533422 -0.0533422
 2258 0.0530659 -0.0530659
 2128 -0.0525979 -0.0525979
 2536 0.0525947 -0.0525947
 554 0.0525454 -0.0525454
 2521 -0.0525195 -0.0525195
 2320 -0.0520383 -0.0520383
 1906 -0.0519598 -0.0519598
 1974 0.0518456 -0.0518456
 2256 -0.0516888 -0.0516888
 1943 0.0516757 -0.0516757
 1924 0.0516639 -0.0516639
 2492 0.0512085 -0.0512085
 1989 0.050766 -0.050766
 553 -0.0503754 -0.0503754
 1528 0.0498804 -0.0498804
 753 -0.0495415 -0.0495415
 2171 -0.0490455 -0.0490455
 49 -0.0489528 -0.0489528
 1964 0.04892 -0.04892
 1984 0.0486288 -0.0486288
 1529 0.0485701 -0.0485701
 514 0.0485212 -0.0485212
 2137 -0.0479486 -0.0479486
 2004 0.0471032 -0.0471032
 2346 -0.0465729 -0.0465729
 696 -0.0459258 -0.0459258
 474 0.0457327 -0.0457327
 2149 -0.0450208 -0.0450208
 2403 -0.0449992 -0.0449992
 313 -0.0449423 -0.0449423
 2060 0.0449239 -0.0449239
 871 0.0448926 -0.0448926
 2359 -0.0446827 -0.0446827
 1533 -0.044105 -0.044105
 2329 0.0437446 -0.0437446
 676 0.0432403 -0.0432403
 1909 0.0427737 -0.0427737
 1979 0.0426615 -0.0426615
 1908 -0.041946 -0.041946
 2001 -0.0418951 -0.0418951
 1955 -0.041785 -0.041785
 1970 -0.0416994 -0.0416994
 1930 -0.0407778 -0.0407778
 2086 -0.0401822 -0.0401822
 2215 -0.0400835 -0.0400835
 2336 0.0397532 -0.0397532
 1752 -0.0397361 -0.0397361
 1983 -0.0394225 -0.0394225
 323 0.0392068 -0.0392068
 1995 0.0388067 -0.0388067
 2055 0.0387843 -0.0387843
 2135 0.0386024 -0.0386024
 2180 0.0380007 -0.0380007
 2300 -0.0379792 -0.0379792
 573 0.037382 -0.037382
 2156 0.0370985 -0.0370985
 1925 0.0359317 -0.0359317
 2330 -0.0358424 -0.0358424
 2319 0.0356515 -0.0356515
 2257 0.0355774 -0.0355774
 1902 -0.0352893 -0.0352893
 2255 0.0349949 -0.0349949
 2308 -0.0348994 -0.0348994
 2235 -0.0347822 -0.0347822
 2349 -0.0347777 -0.0347777
 2468 0.0347567 -0.0347567
 1893 0.0347245 -0.0347245
 2305 0.0343878 -0.0343878
 524 0.0343404 -0.0343404
 856 0.0340384 -0.0340384
 2056 -0.0337633 -0.0337633
 2124 0.0335473 -0.0335473
 2421 0.0333708 -0.0333708
 2007 0.0330564 -0.0330564
 2245 0.0329873 -0.0329873
 1732 -0.0329418 -0.0329418
 641 0.0324842 -0.0324842
 1923 0.0321377 -0.0321377
 2005 -0.0321124 -0.0321124
 805 -0.0319634 -0.0319634
 2188 -0.0319504 -0.0319504
 2299 0.0317732 -0.0317732
 2340 -0.0316766 -0.0316766
 2027 0.031491 -0.031491
 2242 -0.0313189 -0.0313189
 2047 0.0312437 -0.0312437
 2191 0.0311264 -0.0311264
 1894 0.0305095 -0.0305095
 1961 -0.0305004 -0.0305004
 1963 0.030306 -0.030306
 1864 -0.0302905 -0.0302905
 2157 0.0299878 -0.0299878
 1914 0.029981 -0.029981
 2116 -0.0298243 -0.0298243
 633 -0.0296393 -0.0296393
 2332 0.0294904 -0.0294904
 2129 -0.0294049 -0.0294049
 863 0.0292298 -0.0292298
 806 -0.0292011 -0.0292011
 1913 -0.0291474 -0.0291474
 2229 0.0290699 -0.0290699
 1934 0.0290668 -0.0290668
 1892 -0.02905 -0.02905
 799 0.0290359 -0.0290359
 2152 -0.0289084 -0.0289084
 2052 -0.0285215 -0.0285215
 2179 0.0281318 -0.0281318
 2115 -0.0280319 -0.0280319
 1952 -0.0279632 -0.0279632
 1521 0.0279483 -0.0279483
 2406 0.027615 -0.027615
 1872 -0.0275378 -0.0275378
 1518 -0.027453 -0.027453
 2527 -0.0273128 -0.0273128
 1531 -0.0272067 -0.0272067
 2044 -0.0269743 -0.0269743
 2260 0.0268571 -0.0268571
 2117 0.0268339 -0.0268339
 2275 -0.026797 -0.026797
 2037 0.0265215 -0.0265215
 2046 -0.0263907 -0.0263907
 2250 -0.0263647 -0.0263647
 1977 0.026114 -0.026114
 2185 -0.0260457 -0.0260457
 2075 0.0253141 -0.0253141
 2373 -0.0252041 -0.0252041
 2161 -0.0251548 -0.0251548
 2035 0.0249837 -0.0249837
 772 -0.0248113 -0.0248113
 2232 0.0246287 -0.0246287
 2241 -0.0245441 -0.0245441
 2118 -0.0240972 -0.0240972
 2348 0.0240594 -0.0240594
 861 -0.0234493 -0.0234493
 2469 0.0233393 -0.0233393
 2155 -0.0233034 -0.0233034
 203 0.0231564 -0.0231564
 2261 -0.0229323 -0.0229323
 2295 -0.0228628 -0.0228628
 2287 -0.0227088 -0.0227088
 1522 0.0225554 -0.0225554
 2309 -0.0225137 -0.0225137
 2321 -0.0224446 -0.0224446
 1334 -0.0223718 -0.0223718
 613 0.0222748 -0.0222748
 2097 -0.0222661 -0.0222661
 2322 -0.0221464 -0.0221464
 2050 0.0220565 -0.0220565
 2427 0.0220359 -0.0220359
 2355 -0.0220091 -0.0220091
 1996 -0.0218656 -0.0218656
 2126 0.0217146 -0.0217146
 2184 -0.0216591 -0.0216591
 2230 -0.0215732 -0.0215732
 2166 -0.0213367 -0.0213367
 1731 -0.0213076 -0.0213076
 1524 0.0210183 -0.0210183
 2010 0.0208778 -0.0208778
 2356 -0.0204254 -0.0204254
 2302 -0.0201376 -0.0201376
 2528 -0.0201282 -0.0201282
 2123 0.0199307 -0.0199307
 752 -0.0198777 -0.0198777
 533 -0.0198594 -0.0198594
 1537 -0.0196643 -0.0196643
 2138 -0.0196485 -0.0196485
 2272 -0.0196324 -0.0196324
 1526 0.0196249 -0.0196249
 1547 0.0195407 -0.0195407
 1933 0.0194832 -0.0194832
 2034 -0.0193503 -0.0193503
 2078 0.0193161 -0.0193161
 2108 0.0192432 -0.0192432
 1987 0.0191666 -0.0191666
 2249 0.0191353 -0.0191353
 2080 0.019096 -0.019096
 2068 0.0190046 -0.0190046
 1527 0.0189427 -0.0189427
 1993 -0.0188484 -0.0188484
 2414 0.0187873 -0.0187873
 1532 -0.0187403 -0.0187403
 2131 0.0185487 -0.0185487
 1997 0.0185358 -0.0185358
 2419 0.0184011 -0.0184011
 1935 0.0183615 -0.0183615
 2153 -0.0182127 -0.0182127
 2389 0.0179492 -0.0179492
 2531 -0.0178921 -0.0178921
 2307 -0.0178439 -0.0178439
 2429 -0.0178012 -0.0178012
 1271 -0.0177121 -0.0177121
 2071 0.0175542 -0.0175542
 1614 -0.017286 -0.017286
 2339 0.0172133 -0.0172133
 1936 0.0171887 -0.0171887
 2024 -0.017071 -0.017071
 1525 0.017047 -0.017047
 2016 0.0169044 -0.0169044
 684 0.0167088 -0.0167088
 2357 0.0166987 -0.0166987
 804 -0.0166859 -0.0166859
 2365 -0.0166282 -0.0166282
 812 0.0165197 -0.0165197
 2189 -0.0165124 -0.0165124
 2345 0.0163126 -0.0163126
 2377 -0.0162322 -0.0162322
 41 0.0160317 -0.0160317
 1212 -0.0159717 -0.0159717
 2145 -0.0159588 -0.0159588
 2341 0.0159272 -0.0159272
 1169 -0.0158921 -0.0158921
 1530 0.0158728 -0.0158728
 2025 -0.0158235 -0.0158235
 2426 0.015751 -0.015751
 644 0.0155941 -0.0155941
 1551 -0.0154305 -0.0154305
 1729 0.0152741 -0.0152741
 1992 0.0152586 -0.0152586
 2216 0.0152543 -0.0152543
 2279 -0.0151509 -0.0151509
 718 0.0151496 -0.0151496
 1981 -0.0151089 -0.0151089
 2032 -0.0150651 -0.0150651
 2519 0.0149978 -0.0149978
 1269 -0.0149647 -0.0149647
 1973 0.0149592 -0.0149592
 2040 -0.0148543 -0.0148543
 2132 -0.0146461 -0.0146461
 2073 -0.0145753 -0.0145753
 2466 0.0145051 -0.0145051
 1292 -0.0144416 -0.0144416
 1883 0.0144166 -0.0144166
 2014 -0.014414 -0.014414
 2194 -0.0143965 -0.0143965
 2331 -0.0142951 -0.0142951
 2011 -0.0142491 -0.0142491
 2045 0.0142211 -0.0142211
 1265 -0.0141899 -0.0141899
 2352 -0.0139651 -0.0139651
 1523 0.0139478 -0.0139478
 2522 0.0139246 -0.0139246
 2335 -0.0136648 -0.0136648
 1454 0.0135972 -0.0135972
 2212 -0.013274 -0.013274
 2327 -0.0132709 -0.0132709
 2301 0.0132531 -0.0132531
 1228 0.0131722 -0.0131722
 2220 0.0130091 -0.0130091
 2105 -0.0129505 -0.0129505
 1534 0.0129122 -0.0129122
 1306 0.0128759 -0.0128759
 2211 -0.0127506 -0.0127506
 2415 -0.0127471 -0.0127471
 2093 -0.0127368 -0.0127368
 2265 0.0126628 -0.0126628
 2099 0.0125934 -0.0125934
 2214 -0.012579 -0.012579
 1939 0.0125543 -0.0125543
 2244 0.0125236 -0.0125236
 2013 -0.0125132 -0.0125132
 2088 0.012482 -0.012482
 2170 -0.0123668 -0.0123668
 2063 0.0120793 -0.0120793
 1218 -0.0119674 -0.0119674
 2106 -0.0119509 -0.0119509
 1040 0.0118549 -0.0118549
 1520 0.0118172 -0.0118172
 2311 0.0117361 -0.0117361
 1068 -0.0116537 -0.0116537
 2368 -0.0116097 -0.0116097
 1234 -0.0115854 -0.0115854
 2140 0.0115011 -0.0115011
 1276 -0.0114848 -0.0114848
 1008 0.0113875 -0.0113875
 1509 -0.011381 -0.011381
 1072 -0.0113497 -0.0113497
 1304 0.0113313 -0.0113313
 1253 -0.0113031 -0.0113031
 640 -0.0112643 -0.0112643
 2057 -0.0112027 -0.0112027
 2069 0.0111528 -0.0111528
 1092 0.0111219 -0.0111219
 1274 -0.0110556 -0.0110556
 1263 -0.0110523 -0.0110523
 1094 0.0110438 -0.0110438
 2176 -0.0109674 -0.0109674
 2344 0.010914 -0.010914
 1885 0.0108082 -0.0108082
 2325 0.0107814 -0.0107814
 2182 0.0107747 -0.0107747
 874 0.0107739 -0.0107739
 2066 -0.0106658 -0.0106658
 2096 -0.0106487 -0.0106487
 2092 -0.0106422 -0.0106422
 875 0.0106266 -0.0106266
 2524 0.0105804 -0.0105804
 1457 -0.0104976 -0.0104976
 2192 -0.0104845 -0.0104845
 1949 0.0104541 -0.0104541
 2296 -0.0104043 -0.0104043
 1316 -0.0103998 -0.0103998
 1666 0.0103856 -0.0103856
 1259 0.010364 -0.010364
 2127 0.0103531 -0.0103531
 2354 0.0103232 -0.0103232
 2328 -0.0103069 -0.0103069
 883 -0.010249 -0.010249
 1308 0.0101835 -0.0101835
 2270 -0.0101024 -0.0101024
 1177 0.0101023 -0.0101023
 1043 -0.0100703 -0.0100703
 1293 -0.0100514 -0.0100514
 1073 0.0100422 -0.0100422
 1246 -0.00995726 -0.00995726
 1216 0.00989592 -0.00989592
 1103 0.00984676 -0.00984676
 1344 0.0098118 -0.0098118
 1089 -0.00979627 -0.00979627
 263 0.00975931 -0.00975931
 1181 -0.00964298 -0.00964298
 1272 -0.00959171 -0.00959171
 1490 -0.00958173 -0.00958173
 1273 -0.00956921 -0.00956921
 1268 -0.0095027 -0.0095027
 1663 0.00941018 -0.00941018
 1444 -0.00940233 -0.00940233
 1571 -0.0093609 -0.0093609
 1127 0.00931841 -0.00931841
 859 -0.00928309 -0.00928309
 1277 -0.00923572 -0.00923572
 1280 -0.00923551 -0.00923551
 2374 0.00922573 -0.00922573
 1480 0.0091697 -0.0091697
 1382 -0.00913516 -0.00913516
 2372 0.00911541 -0.00911541
 2367 -0.00908797 -0.00908797
 1401 0.00900341 -0.00900341
 1998 -0.0089873 -0.0089873
 2304 0.00895193 -0.00895193
 1882 -0.00891966 -0.00891966
 1339 -0.00888332 -0.00888332
 2006 -0.00887953 -0.00887953
 2095 -0.00885146 -0.00885146
 1391 -0.00875654 -0.00875654
 994 0.00875138 -0.00875138
 2107 0.00867015 -0.00867015
 1063 -0.00857821 -0.00857821
 1932 -0.00852677 -0.00852677
 1066 0.00848566 -0.00848566
 1284 -0.00846878 -0.00846878
 1027 0.00846302 -0.00846302
 2370 0.00845825 -0.00845825
 1028 0.00845812 -0.00845812
 995 0.00844162 -0.00844162
 873 -0.00839731 -0.00839731
 1385 -0.00839625 -0.00839625
 1929 -0.00832279 -0.00832279
 1919 -0.00826561 -0.00826561
 2313 -0.0082503 -0.0082503
 880 0.00821515 -0.00821515
 2083 0.00819378 -0.00819378
 1242 0.00818176 -0.00818176
 1107 -0.00817602 -0.00817602
 1862 0.0081742 -0.0081742
 1487 -0.00816289 -0.00816289
 1050 -0.00815375 -0.00815375
 1931 0.00811104 -0.00811104
 1976 -0.00810038 -0.00810038
 2103 -0.00809985 -0.00809985
 2062 -0.00806995 -0.00806995
 1130 0.00804362 -0.00804362
 1192 0.00801803 -0.00801803
 1091 -0.00799044 -0.00799044
 2397 0.00798838 -0.00798838
 1137 -0.00792728 -0.00792728
 1109 0.0079012 -0.0079012
 2139 -0.00788762 -0.00788762
 1337 -0.0078073 -0.0078073
 653 0.00779745 -0.00779745
 2324 -0.00776463 -0.00776463
 2202 0.00771128 -0.00771128
 1544 0.00767694 -0.00767694
 1414 0.00767381 -0.00767381
 2282 -0.00764157 -0.00764157
 1383 -0.00760902 -0.00760902
 1294 -0.00758467 -0.00758467
 1667 -0.00757745 -0.00757745
 2167 -0.00755793 -0.00755793
 882 -0.00754115 -0.00754115
 1093 -0.00747382 -0.00747382
 2163 0.00746594 -0.00746594
 1369 0.00745777 -0.00745777
 2165 -0.00745655 -0.00745655
 929 -0.00743863 -0.00743863
 1912 -0.00741281 -0.00741281
 1282 0.00739024 -0.00739024
 1155 -0.00736169 -0.00736169
 1208 0.00734198 -0.00734198
 2416 0.00733728 -0.00733728
 1458 0.00728789 -0.00728789
 1305 0.00727223 -0.00727223
 1331 -0.00724674 -0.00724674
 2224 0.00723587 -0.00723587
 1393 0.00723269 -0.00723269
 2297 0.00723254 -0.00723254
 2186 -0.00722393 -0.00722393
 1349 -0.00721726 -0.00721726
 1429 0.00718926 -0.00718926
 1536 0.00716187 -0.00716187
 2169 -0.00713164 -0.00713164
 2112 -0.00712686 -0.00712686
 1447 0.00712141 -0.00712141
 1450 -0.00711761 -0.00711761
 1219 0.00711741 -0.00711741
 1380 -0.00711525 -0.00711525
 989 0.00700451 -0.00700451
 1283 0.00700119 -0.00700119
 2143 -0.00699783 -0.00699783
 1497 0.00699266 -0.00699266
 1243 0.00697882 -0.00697882
 1303 0.00697688 -0.00697688
 1467 0.00688953 -0.00688953
 2142 0.00687536 -0.00687536
 990 0.00686907 -0.00686907
 2366 -0.00686614 -0.00686614
 1205 -0.00686199 -0.00686199
 1261 0.00683882 -0.00683882
 2098 0.00682811 -0.00682811
 1573 -0.00681406 -0.00681406
 1190 -0.00680867 -0.00680867
 2203 0.00680549 -0.00680549
 1315 -0.0067565 -0.0067565
 1002 0.006748 -0.006748
 1321 -0.00673614 -0.00673614
 1669 -0.00668167 -0.00668167
 2350 0.00664245 -0.00664245
 2520 -0.00660975 -0.00660975
 1000 -0.00660952 -0.00660952
 1395 0.0066066 -0.0066066
 1424 -0.00660565 -0.00660565
 2298 0.00659515 -0.00659515
 1351 -0.00658445 -0.00658445
 1574 0.00658141 -0.00658141
 1111 -0.00654837 -0.00654837
 2168 -0.00651716 -0.00651716
 2236 0.0065093 -0.0065093
 2315 0.00650394 -0.00650394
 993 0.00650043 -0.00650043
 1232 -0.00648778 -0.00648778
 1173 0.00646246 -0.00646246
 1152 0.00646163 -0.00646163
 1422 0.0064338 -0.0064338
 1361 0.00637741 -0.00637741
 1100 -0.00635154 -0.00635154
 1110 -0.00631365 -0.00631365
 1126 -0.00631004 -0.00631004
 1392 0.00627035 -0.00627035
 2074 0.00623395 -0.00623395
 1404 -0.00620385 -0.00620385
 1413 -0.00618745 -0.00618745
 1922 0.00618519 -0.00618519
 1425 -0.006145 -0.006145
 2174 -0.00614241 -0.00614241
 2465 0.00613763 -0.00613763
 884 0.00613353 -0.00613353
 1865 -0.00610644 -0.00610644
 1194 0.00608416 -0.00608416
 2042 -0.0060666 -0.0060666
 1134 -0.0060597 -0.0060597
 1222 -0.00605897 -0.00605897
 1942 -0.00605444 -0.00605444
 879 -0.00604296 -0.00604296
 1153 0.00598924 -0.00598924
 1175 0.00595221 -0.00595221
 1197 -0.00593304 -0.00593304
 1329 -0.00589013 -0.00589013
 1301 0.00588505 -0.00588505
 1129 -0.00586184 -0.00586184
 1613 -0.00583303 -0.00583303
 2084 0.00582291 -0.00582291
 1182 0.00578264 -0.00578264
 1330 -0.00575395 -0.00575395
 1664 -0.00573624 -0.00573624
 1962 0.00570737 -0.00570737
 876 0.00570229 -0.00570229
 1281 -0.00566616 -0.00566616
 1221 0.00564564 -0.00564564
 2509 -0.0056399 -0.0056399
 1148 -0.00563648 -0.00563648
 2054 -0.00558073 -0.00558073
 1254 0.00557434 -0.00557434
 1240 -0.00556001 -0.00556001
 1122 -0.00555506 -0.00555506
 2264 0.0055403 -0.0055403
 999 0.00553241 -0.00553241
 878 0.00552471 -0.00552471
 1258 0.00551487 -0.00551487
 1230 -0.00547614 -0.00547614
 1267 -0.0054408 -0.0054408
 1419 -0.00543423 -0.00543423
 1326 -0.00542136 -0.00542136
 2087 -0.00540496 -0.00540496
 1286 -0.00536401 -0.00536401
 1374 -0.00535577 -0.00535577
 1324 0.00530907 -0.00530907
 1302 0.00530405 -0.00530405
 1972 -0.00530126 -0.00530126
 1207 0.00527996 -0.00527996
 1223 0.00527558 -0.00527558
 583 -0.00526965 -0.00526965
 1469 0.00521777 -0.00521777
 1453 0.00520919 -0.00520919
 1191 -0.00518154 -0.00518154
 1047 0.00517152 -0.00517152
 1038 -0.00517103 -0.00517103
 2351 0.00515336 -0.00515336
 1560 0.00514233 -0.00514233
 1397 -0.00513707 -0.00513707
 1493 -0.00509597 -0.00509597
 1178 0.00508895 -0.00508895
 1511 0.00507354 -0.00507354
 2252 0.00500929 -0.00500929
 1291 0.00500323 -0.00500323
 1116 0.0049966 -0.0049966
 513 0.00499639 -0.00499639
 2065 0.00498409 -0.00498409
 1616 0.00495546 -0.00495546
 1196 0.0049342 -0.0049342
 862 -0.00486326 -0.00486326
 1065 -0.00485876 -0.00485876
 2314 -0.00485218 -0.00485218
 1172 -0.00479966 -0.00479966
 2085 -0.0047988 -0.0047988
 1516 -0.0047818 -0.0047818
 1180 0.00474966 -0.00474966
 1096 -0.00474407 -0.00474407
 1982 -0.00473858 -0.00473858
 1229 -0.00473023 -0.00473023
 1139 -0.00470703 -0.00470703
 1001 0.00469011 -0.00469011
 1045 -0.00467325 -0.00467325
 1053 0.00466933 -0.00466933
 1024 -0.00465652 -0.00465652
 1025 -0.00462958 -0.00462958
 2175 0.00461343 -0.00461343
 1423 0.00460405 -0.00460405
 2464 0.00459924 -0.00459924
 1224 -0.0045909 -0.0045909
 1342 -0.00456223 -0.00456223
 1426 0.00454771 -0.00454771
 1007 -0.00454701 -0.00454701
 1023 0.00453243 -0.00453243
 1071 0.00452598 -0.00452598
 1163 -0.00451153 -0.00451153
 1101 0.00451056 -0.00451056
 1138 -0.00450751 -0.00450751
 1443 -0.00448112 -0.00448112
 2043 -0.0044586 -0.0044586
 1141 0.00445849 -0.00445849
 1075 0.0044534 -0.0044534
 2222 0.00445232 -0.00445232
 1064 0.00443237 -0.00443237
 1035 0.00440826 -0.00440826
 1014 -0.00439892 -0.00439892
 1247 -0.00438555 -0.00438555
 1168 -0.00438495 -0.00438495
 1554 0.00437265 -0.00437265
 2094 0.00437118 -0.00437118
 2223 0.00437107 -0.00437107
 1132 0.00436063 -0.00436063
 1491 -0.0043575 -0.0043575
 1287 0.00434221 -0.00434221
 1057 -0.00434007 -0.00434007
 885 -0.004326 -0.004326
 1170 -0.00432374 -0.00432374
 2000 -0.00432201 -0.00432201
 1540 -0.00431893 -0.00431893
 1088 -0.00431493 -0.00431493
 1239 0.00431209 -0.00431209
 1005 -0.00429582 -0.00429582
 1264 0.00427645 -0.00427645
 1042 0.00427472 -0.00427472
 2334 0.00426886 -0.00426886
 1379 -0.00426139 -0.00426139
 1166 -0.00426086 -0.00426086
 864 -0.00421843 -0.00421843
 2289 -0.00419525 -0.00419525
 1275 -0.0041499 -0.0041499
 1617 0.00414869 -0.00414869
 1164 0.00414575 -0.00414575
 1399 -0.00411299 -0.00411299
 2274 0.00410783 -0.00410783
 1255 0.00410673 -0.00410673
 1496 0.00409683 -0.00409683
 2197 0.00408262 -0.00408262
 1377 -0.00407755 -0.00407755
 1289 0.00406091 -0.00406091
 1193 -0.00405639 -0.00405639
 1510 0.00404606 -0.00404606
 1029 -0.00403786 -0.00403786
 2193 -0.00401993 -0.00401993
 2231 0.0040198 -0.0040198
 1421 -0.00401092 -0.00401092
 2178 0.00401018 -0.00401018
 1256 0.00400785 -0.00400785
 1195 0.00398878 -0.00398878
 1310 0.0039877 -0.0039877
 1133 -0.00398503 -0.00398503
 1975 0.00398148 -0.00398148
 1452 -0.00394581 -0.00394581
 1206 -0.00391359 -0.00391359
 858 -0.00388736 -0.00388736
 2102 0.00387763 -0.00387763
 1411 0.00386856 -0.00386856
 1319 0.00384437 -0.00384437
 1502 -0.00383519 -0.00383519
 1370 -0.00383126 -0.00383126
 1095 0.0038136 -0.0038136
 2303 0.00381093 -0.00381093
 1415 0.00380737 -0.00380737
 2323 -0.00380097 -0.00380097
 1384 0.00379117 -0.00379117
 870 0.00378647 -0.00378647
 2125 0.00378464 -0.00378464
 1811 -0.0037803 -0.0037803
 1498 -0.0037752 -0.0037752
 931 -0.00376385 -0.00376385
 1117 0.00375124 -0.00375124
 1120 0.0037372 -0.0037372
 2183 0.00373599 -0.00373599
 1535 -0.00373201 -0.00373201
 1615 0.00371659 -0.00371659
 1090 0.00370929 -0.00370929
 1233 0.00368564 -0.00368564
 1500 0.00368187 -0.00368187
 1069 0.00368109 -0.00368109
 1114 -0.00367765 -0.00367765
 2234 0.00367118 -0.00367118
 2134 0.00366849 -0.00366849
 2400 0.00365511 -0.00365511
 860 0.00361502 -0.00361502
 2003 0.00361461 -0.00361461
 1185 0.00359481 -0.00359481
 1115 0.00359172 -0.00359172
 1412 -0.00358328 -0.00358328
 1373 -0.00358085 -0.00358085
 1150 0.00356588 -0.00356588
 1135 0.00356539 -0.00356539
 1485 0.00355916 -0.00355916
 1437 -0.0035491 -0.0035491
 1372 0.00354378 -0.00354378
 1378 -0.00354356 -0.00354356
 1214 0.00351829 -0.00351829
 1440 0.00351766 -0.00351766
 1445 0.00351132 -0.00351132
 1358 -0.00350842 -0.00350842
 1296 0.00349661 -0.00349661
 2053 -0.00349631 -0.00349631
 900 -0.00349314 -0.00349314
 2517 0.00347345 -0.00347345
 1489 0.00346202 -0.00346202
 2243 0.00346133 -0.00346133
 1336 -0.00346017 -0.00346017
 2023 -0.00343516 -0.00343516
 1034 -0.00342951 -0.00342951
 1030 0.00340783 -0.00340783
 2342 -0.00339488 -0.00339488
 1499 -0.00339038 -0.00339038
 2148 0.00337561 -0.00337561
 2292 -0.00336919 -0.00336919
 1482 -0.00334977 -0.00334977
 909 -0.00334555 -0.00334555
 1362 -0.00334239 -0.00334239
 1046 -0.00333104 -0.00333104
 2338 0.00331799 -0.00331799
 1006 0.0033149 -0.0033149
 1210 -0.00329098 -0.00329098
 1051 0.00328583 -0.00328583
 890 -0.00327352 -0.00327352
 1446 -0.00325903 -0.00325903
 1357 0.00324966 -0.00324966
 1198 -0.00324345 -0.00324345
 928 -0.00324284 -0.00324284
 1507 0.00322794 -0.00322794
 1018 -0.00321663 -0.00321663
 1513 0.00321344 -0.00321344
 1270 0.00321163 -0.00321163
 887 -0.00320691 -0.00320691
 1340 0.00319004 -0.00319004
 1441 -0.00317615 -0.00317615
 1364 -0.00313053 -0.00313053
 1056 -0.00311521 -0.00311521
 898 -0.00310793 -0.00310793
 2399 -0.00310642 -0.00310642
 1199 0.00309592 -0.00309592
 1011 -0.00307719 -0.00307719
 877 0.00306985 -0.00306985
 1184 -0.00306651 -0.00306651
 1097 0.00306134 -0.00306134
 2033 0.00306072 -0.00306072
 1478 0.00305631 -0.00305631
 1314 0.00305373 -0.00305373
 1320 -0.00302423 -0.00302423
 1418 -0.00302417 -0.00302417
 1455 -0.00300984 -0.00300984
 1462 0.00300964 -0.00300964
 1032 -0.00300895 -0.00300895
 1241 -0.00300557 -0.00300557
 1309 0.00297812 -0.00297812
 1171 0.00297188 -0.00297188
 1295 -0.00297145 -0.00297145
 2172 -0.00294356 -0.00294356
 2290 -0.00293449 -0.00293449
 283 0.00292477 -0.00292477
 2120 -0.00292354 -0.00292354
 865 0.00291324 -0.00291324
 1542 -0.00289498 -0.00289498
 908 -0.00288902 -0.00288902
 1515 0.00288752 -0.00288752
 1433 -0.00287716 -0.00287716
 1244 0.0028552 -0.0028552
 1226 -0.00284226 -0.00284226
 1162 0.00284218 -0.00284218
 1494 -0.00284044 -0.00284044
 1225 -0.00281248 -0.00281248
 1278 0.0028111 -0.0028111
 1300 -0.00278049 -0.00278049
 1235 0.00275569 -0.00275569
 1390 0.00274414 -0.00274414
 1131 0.00273988 -0.00273988
 1407 0.00273032 -0.00273032
 1562 -0.00272929 -0.00272929
 1492 0.00272883 -0.00272883
 1517 -0.0027163 -0.0027163
 1200 0.00270853 -0.00270853
 891 -0.00270362 -0.00270362
 1405 -0.00269265 -0.00269265
 1335 -0.0026887 -0.0026887
 897 -0.00268452 -0.00268452
 1227 0.00267383 -0.00267383
 1099 -0.00266511 -0.00266511
 1298 0.00266167 -0.00266167
 1345 -0.00266044 -0.00266044
 1079 0.00265877 -0.00265877
 901 -0.00264085 -0.00264085
 1505 -0.00264061 -0.00264061
 920 -0.00263894 -0.00263894
 919 -0.00262837 -0.00262837
 1355 0.00262435 -0.00262435
 1461 0.0026212 -0.0026212
 1559 -0.00260961 -0.00260961
 1183 -0.00259495 -0.00259495
 1472 0.00259351 -0.00259351
 2369 0.00258683 -0.00258683
 1488 0.0025786 -0.0025786
 1118 -0.00257191 -0.00257191
 1986 -0.00255812 -0.00255812
 1106 0.00255767 -0.00255767
 1367 0.00255308 -0.00255308
 869 -0.00254955 -0.00254955
 1257 -0.002549 -0.002549
 903 -0.00253262 -0.00253262
 1108 0.00252653 -0.00252653
 1347 -0.00252081 -0.00252081
 1077 0.00251906 -0.00251906
 1730 0.0025125 -0.0025125
 1299 -0.00250497 -0.00250497
 1167 -0.0024966 -0.0024966
 958 0.00248809 -0.00248809
 1003 -0.00248604 -0.00248604
 922 -0.00244615 -0.00244615
 915 -0.00244168 -0.00244168
 1548 0.00242854 -0.00242854
 2333 -0.00241855 -0.00241855
 918 -0.00241434 -0.00241434
 951 -0.00240946 -0.00240946
 1442 -0.00239759 -0.00239759
 1067 -0.0023967 -0.0023967
 1479 -0.00239346 -0.00239346
 1151 -0.00237744 -0.00237744
 2253 -0.00235348 -0.00235348
 1203 0.00235331 -0.00235331
 899 -0.00235075 -0.00235075
 1985 -0.00234955 -0.00234955
 2371 -0.00234455 -0.00234455
 1403 0.00233531 -0.00233531
 1568 0.00232112 -0.00232112
 925 -0.00231932 -0.00231932
 2133 0.00231456 -0.00231456
 1417 -0.00231255 -0.00231255
 913 -0.00231043 -0.00231043
 1325 -0.00230056 -0.00230056
 1660 -0.00229956 -0.00229956
 1085 0.00229547 -0.00229547
 2173 0.00228832 -0.00228832
 914 -0.00228023 -0.00228023
 2067 -0.00227779 -0.00227779
 2263 -0.00226876 -0.00226876
 1341 0.00226656 -0.00226656
 923 -0.00226151 -0.00226151
 1430 0.00226077 -0.00226077
 921 -0.00225303 -0.00225303
 911 -0.00224978 -0.00224978
 896 -0.00224943 -0.00224943
 1388 0.00224874 -0.00224874
 927 -0.00224136 -0.00224136
 1387 0.00223754 -0.00223754
 1501 0.00222015 -0.00222015
 1266 -0.00221512 -0.00221512
 1408 -0.00221229 -0.00221229
 1322 0.00221224 -0.00221224
 1333 -0.00220461 -0.00220461
 1098 -0.00219352 -0.00219352
 1220 0.00219208 -0.00219208
 893 -0.00218813 -0.00218813
 1279 -0.0021767 -0.0021767
 1070 -0.00216777 -0.00216777
 1213 -0.00216244 -0.00216244
 895 -0.00215457 -0.00215457
 1463 0.00215197 -0.00215197
 892 -0.00213196 -0.00213196
 1125 -0.00212858 -0.00212858
 1332 -0.0021274 -0.0021274
 1113 -0.00212552 -0.00212552
 1589 -0.00212105 -0.00212105
 2515 0.00211249 -0.00211249
 1356 0.00210339 -0.00210339
 932 0.00210007 -0.00210007
 2104 0.00209115 -0.00209115
 1427 0.00208275 -0.00208275
 1396 -0.00207496 -0.00207496
 910 -0.00207072 -0.00207072
 894 -0.00206856 -0.00206856
 917 -0.00206307 -0.00206307
 1512 0.00206204 -0.00206204
 1121 0.0020602 -0.0020602
 1495 -0.00205299 -0.00205299
 1136 0.00205275 -0.00205275
 912 -0.00204721 -0.00204721
 906 -0.00204414 -0.00204414
 1251 -0.00202866 -0.00202866
 1248 -0.00201187 -0.00201187
 2072 0.00200082 -0.00200082
 1473 -0.00198828 -0.00198828
 1514 0.00198753 -0.00198753
 1158 0.00198616 -0.00198616
 2516 0.00197058 -0.00197058
 1231 0.00196082 -0.00196082
 1926 -0.00195548 -0.00195548
 803 -0.00195461 -0.00195461
 924 -0.00194206 -0.00194206
 904 -0.00194169 -0.00194169
 1081 -0.00194059 -0.00194059
 866 -0.00192933 -0.00192933
 950 -0.0019268 -0.0019268
 2022 0.00192069 -0.00192069
 907 -0.00192036 -0.00192036
 926 -0.0019199 -0.0019199
 1105 -0.00191748 -0.00191748
 1359 0.00191397 -0.00191397
 988 -0.00190172 -0.00190172
 1313 -0.00189451 -0.00189451
 2294 -0.00188106 -0.00188106
 1112 -0.0018549 -0.0018549
 1211 -0.00184893 -0.00184893
 1468 -0.00184563 -0.00184563
 1165 -0.00184316 -0.00184316
 1360 0.00184057 -0.00184057
 1156 0.00183463 -0.00183463
 1317 -0.00181741 -0.00181741
 1610 -0.00181427 -0.00181427
 1371 -0.00180621 -0.00180621
 1420 -0.00180432 -0.00180432
 1020 0.00180094 -0.00180094
 1386 -0.00179469 -0.00179469
 1157 -0.00177413 -0.00177413
 3243 -0.00175409 -0.00175409
 916 -0.00174963 -0.00174963
 1953 0.00172982 -0.00172982
 938 -0.00172156 -0.00172156
 1039 -0.00170653 -0.00170653
 1464 0.00169769 -0.00169769
 1673 -0.00169187 -0.00169187
 1059 -0.00167537 -0.00167537
 1176 0.00166662 -0.00166662
 1348 -0.00166536 -0.00166536
 1672 0.00164136 -0.00164136
 1215 0.00164081 -0.00164081
 997 0.00163233 -0.00163233
 1481 -0.00162266 -0.00162266
 964 0.00162218 -0.00162218
 1476 0.00159576 -0.00159576
 1201 0.00158172 -0.00158172
 1459 0.00157519 -0.00157519
 2353 -0.00156985 -0.00156985
 2463 0.00156874 -0.00156874
 1402 -0.0015637 -0.0015637
 1041 0.00155676 -0.00155676
 1503 0.00155599 -0.00155599
 2293 0.00155526 -0.00155526
 1058 0.00155238 -0.00155238
 1398 -0.00154599 -0.00154599
 1352 0.00152936 -0.00152936
 1031 0.00152255 -0.00152255
 1436 -0.00151396 -0.00151396
 2281 0.00151107 -0.00151107
 1471 0.00149942 -0.00149942
 2144 0.00149343 -0.00149343
 1055 0.00146891 -0.00146891
 1187 -0.00146285 -0.00146285
 2262 -0.0014532 -0.0014532
 1143 0.00145118 -0.00145118
 1202 -0.00142539 -0.00142539
 1144 0.00141663 -0.00141663
 905 -0.00141304 -0.00141304
 1460 0.00140729 -0.00140729
 2213 0.00140463 -0.00140463
 2122 -0.00140414 -0.00140414
 1186 -0.0013924 -0.0013924
 1179 -0.00139061 -0.00139061
 1389 -0.00137638 -0.00137638
 1431 -0.00137432 -0.00137432
 886 0.00136442 -0.00136442
 1142 -0.00136427 -0.00136427
 2233 0.00135152 -0.00135152
 930 -0.00134692 -0.00134692
 1328 0.00134589 -0.00134589
 1037 -0.00134452 -0.00134452
 1466 -0.00131551 -0.00131551
 1084 -0.00130764 -0.00130764
 889 -0.00128976 -0.00128976
 1567 -0.00127881 -0.00127881
 1622 -0.00127515 -0.00127515
 1119 0.00126908 -0.00126908
 1365 0.0012678 -0.0012678
 1675 0.0012638 -0.0012638
 1010 -0.00126184 -0.00126184
 1475 0.00126114 -0.00126114
 1626 -0.00122841 -0.00122841
 2064 0.00121508 -0.00121508
 1483 0.00120865 -0.00120865
 902 -0.00120243 -0.00120243
 945 -0.00119639 -0.00119639
 3240 0.00118122 -0.00118122
 1375 -0.00116885 -0.00116885
 1060 0.00115759 -0.00115759
 1668 0.00115576 -0.00115576
 1323 -0.0011547 -0.0011547
 954 -0.00114417 -0.00114417
 947 0.00114218 -0.00114218
 1674 0.00114198 -0.00114198
 983 -0.0011269 -0.0011269
 1017 -0.00112522 -0.00112522
 1474 -0.00112437 -0.00112437
 1406 -0.00112065 -0.00112065
 1049 0.0011092 -0.0011092
 3242 0.00110748 -0.00110748
 1318 0.00110735 -0.00110735
 1012 -0.00110114 -0.00110114
 1145 -0.00109808 -0.00109808
 1327 -0.00109429 -0.00109429
 939 -0.0010923 -0.0010923
 1311 0.00107468 -0.00107468
 2012 -0.00107233 -0.00107233
 985 0.00107207 -0.00107207
 1590 -0.00105971 -0.00105971
 1189 0.00105731 -0.00105731
 1661 -0.00105489 -0.00105489
 1588 -0.00104982 -0.00104982
 1506 0.00104271 -0.00104271
 1102 0.00101386 -0.00101386
 867 -0.00101345 -0.00101345
 1343 -0.00101316 -0.00101316
 996 -0.000999855 -0.000999855
 1021 0.000997449 -0.000997449
 1086 -0.000997304 -0.000997304
 1586 -0.000971683 -0.000971683
 1016 0.00097075 -0.00097075
 2587 0.000970565 -0.000970565
 1662 0.000968686 -0.000968686
 1564 -0.00096456 -0.00096456
 973 0.000958948 -0.000958948
 957 0.000953456 -0.000953456
 3228 0.000948287 -0.000948287
 1570 -0.000943061 -0.000943061
 3322 0.00094133 -0.00094133
 1400 0.000938174 -0.000938174
 1080 -0.000936095 -0.000936095
 1678 0.000931773 -0.000931773
 1354 -0.000925308 -0.000925308
 1237 0.000894387 -0.000894387
 1950 0.000892308 -0.000892308
 1252 -0.000882538 -0.000882538
 1188 0.000881314 -0.000881314
 1161 0.000877311 -0.000877311
 979 0.000877042 -0.000877042
 2254 0.000871054 -0.000871054
 2164 -0.000869135 -0.000869135
 3247 -0.000864968 -0.000864968
 1484 -0.000863206 -0.000863206
 1578 0.000858034 -0.000858034
 1434 -0.00085495 -0.00085495
 1217 -0.00084208 -0.00084208
 1438 -0.000828686 -0.000828686
 1556 0.000823474 -0.000823474
 1620 -0.000819613 -0.000819613
 1209 0.000819346 -0.000819346
 1654 0.000819187 -0.000819187
 1611 -0.000818069 -0.000818069
 949 -0.0008055 -0.0008055
 1015 -0.000795255 -0.000795255
 1019 -0.000783696 -0.000783696
 3373 0.000767086 -0.000767086
 1022 -0.000759991 -0.000759991
 1448 0.000759659 -0.000759659
 1465 -0.000757469 -0.000757469
 3230 0.000750703 -0.000750703
 1146 0.000749041 -0.000749041
 1569 -0.000746295 -0.000746295
 1087 -0.000740206 -0.000740206
 955 0.000733239 -0.000733239
 1204 -0.000726861 -0.000726861
 1160 -0.000726739 -0.000726739
 1250 0.000717201 -0.000717201
 1338 0.000713643 -0.000713643
 1563 -0.000710189 -0.000710189
 1623 -0.000707602 -0.000707602
 1671 -0.000693918 -0.000693918
 1541 -0.000681346 -0.000681346
 1123 0.000679208 -0.000679208
 940 -0.000669801 -0.000669801
 1076 0.000648431 -0.000648431
 1587 -0.000646192 -0.000646192
 1439 0.000644955 -0.000644955
 984 0.000638422 -0.000638422
 1394 0.00063379 -0.00063379
 3283 -0.000630189 -0.000630189
 1653 -0.000626761 -0.000626761
 1677 -0.000613498 -0.000613498
 1033 -0.00061251 -0.00061251
 965 0.000609242 -0.000609242
 956 0.000608505 -0.000608505
 1486 -0.000597611 -0.000597611
 2586 0.000596094 -0.000596094
 1627 -0.000592078 -0.000592078
 1585 -0.000585569 -0.000585569
 1083 0.000584947 -0.000584947
 2362 0.000580065 -0.000580065
 1416 -0.000579462 -0.000579462
 868 -0.000576189 -0.000576189
 1048 0.000573582 -0.000573582
 948 -0.000572229 -0.000572229
 960 0.000563769 -0.000563769
 1618 -0.000558409 -0.000558409
 2798 -0.000551426 -0.000551426
 2343 0.000548547 -0.000548547
 2582 -0.000541011 -0.000541011
 1290 0.000539514 -0.000539514
 1456 0.000535458 -0.000535458
 1538 -0.000531729 -0.000531729
 1432 -0.000527704 -0.000527704
 2283 0.000525933 -0.000525933
 1549 0.000525745 -0.000525745
 1728 -0.000521545 -0.000521545
 1260 -0.000519958 -0.000519958
 961 0.000518434 -0.000518434
 987 0.000517418 -0.000517418
 3323 -0.00050851 -0.00050851
 2002 0.000501237 -0.000501237
 936 -0.000499144 -0.000499144
 1550 -0.00049319 -0.00049319
 3239 0.00048218 -0.00048218
 943 -0.000474938 -0.000474938
 2470 -0.00047148 -0.00047148
 1147 0.000470945 -0.000470945
 1705 0.000470154 -0.000470154
 1545 0.000469858 -0.000469858
 3008 0.000464178 -0.000464178
 1579 0.000461142 -0.000461142
 2462 0.000459671 -0.000459671
 1149 -0.000458682 -0.000458682
 1236 -0.000442443 -0.000442443
 1609 -0.000440885 -0.000440885
 1625 -0.000437283 -0.000437283
 1644 -0.000434176 -0.000434176
 1054 0.000434108 -0.000434108
 1262 0.000433239 -0.000433239
 933 0.000432705 -0.000432705
 1584 -0.000430423 -0.000430423
 2284 -0.000430297 -0.000430297
 1553 -0.000425275 -0.000425275
 1409 -0.000423406 -0.000423406
 1052 0.000422804 -0.000422804
 2948 0.000420648 -0.000420648
 1565 -0.000419215 -0.000419215
 2273 0.000409445 -0.000409445
 1903 0.000409089 -0.000409089
 1013 -0.000408605 -0.000408605
 1238 -0.000407881 -0.000407881
 3284 0.00040655 -0.00040655
 1285 0.000401898 -0.000401898
 2082 0.000396957 -0.000396957
 935 -0.000385848 -0.000385848
 941 -0.000380863 -0.000380863
 1307 0.000377315 -0.000377315
 1154 -0.000371296 -0.000371296
 969 -0.000371188 -0.000371188
 1619 -0.000370908 -0.000370908
 5 0.000366047 -0.000366047
 937 -0.000365578 -0.000365578
 1670 0.000364629 -0.000364629
 1009 0.000364573 -0.000364573
 2829 -0.000361318 -0.000361318
 2709 0.000358232 -0.000358232
 966 0.000353045 -0.000353045
 2584 -0.000348412 -0.000348412
 2806 -0.000340507 -0.000340507
 1078 0.000340356 -0.000340356
 2059 0.000339201 -0.000339201
 3261 -0.000338459 -0.000338459
 2581 0.000335965 -0.000335965
 3237 0.000335549 -0.000335549
 1140 0.000332738 -0.000332738
 2820 -0.000332543 -0.000332543
 1572 0.000331161 -0.000331161
 1159 0.000330943 -0.000330943
 1428 0.000329143 -0.000329143
 1074 -0.000328977 -0.000328977
 2799 -0.00032871 -0.00032871
 2361 0.000323308 -0.000323308
 971 0.000319931 -0.000319931
 2764 -0.00031824 -0.00031824
 2076 -0.000314662 -0.000314662
 3377 -0.000312966 -0.000312966
 1684 0.00031232 -0.00031232
 1691 0.000312245 -0.000312245
 1557 -0.000311736 -0.000311736
 2286 -0.00031156 -0.00031156
 3168 0.000310545 -0.000310545
 3376 0.000307455 -0.000307455
 3199 -0.000305173 -0.000305173
 1636 -0.00029835 -0.00029835
 1681 0.00029597 -0.00029597
 2838 0.000294705 -0.000294705
 1288 -0.000294011 -0.000294011
 1558 0.000293538 -0.000293538
 2708 0.000285183 -0.000285183
 1645 -0.000285112 -0.000285112
 1449 0.00028339 -0.00028339
 2983 0.000283035 -0.000283035
 3099 -0.000279286 -0.000279286
 1104 0.000276692 -0.000276692
 3017 0.000275975 -0.000275975
 1642 -0.000273397 -0.000273397
 3220 0.000271733 -0.000271733
 2889 0.000270663 -0.000270663
 1652 -0.000268834 -0.000268834
 3163 0.000264138 -0.000264138
 1566 -0.000260421 -0.000260421
 1583 0.00025842 -0.00025842
 2779 -0.000253163 -0.000253163
 3231 0.000252931 -0.000252931
 2899 0.000250881 -0.000250881
 1543 -0.000250177 -0.000250177
 986 0.00024786 -0.00024786
 1697 0.000245652 -0.000245652
 1555 0.000244549 -0.000244549
 3187 -0.000244267 -0.000244267
 1704 0.000244178 -0.000244178
 2312 -0.000243345 -0.000243345
 2398 0.000242762 -0.000242762
 3058 -0.000241397 -0.000241397
 3200 -0.000241125 -0.000241125
 1954 -0.000240834 -0.000240834
 977 0.000237934 -0.000237934
 1688 0.000237492 -0.000237492
 2773 -0.000236633 -0.000236633
 3374 -0.000235746 -0.000235746
 2958 0.000234523 -0.000234523
 1632 -0.0002345 -0.0002345
 1451 -0.000234286 -0.000234286
 934 -0.000233629 -0.000233629
 2778 -0.00023354 -0.00023354
 3018 -0.00023194 -0.00023194
 3241 0.000230238 -0.000230238
 991 0.000228434 -0.000228434
 3215 -0.000228293 -0.000228293
 1607 0.000227962 -0.000227962
 1676 0.00022683 -0.00022683
 959 -0.000225924 -0.000225924
 3257 0.000225568 -0.000225568
 2960 0.000225027 -0.000225027
 2911 0.000222744 -0.000222744
 2998 0.000222379 -0.000222379
 2783 -0.000221798 -0.000221798
 1561 -0.000221229 -0.000221229
 3233 -0.000220294 -0.000220294
 3070 0.000219808 -0.000219808
 1665 -0.000217822 -0.000217822
 2750 0.000217173 -0.000217173
 3320 -0.00021597 -0.00021597
 1082 0.000215247 -0.000215247
 2938 -0.000212311 -0.000212311
 968 0.000211502 -0.000211502
 1608 0.000207142 -0.000207142
 2828 -0.0002069 -0.0002069
 2818 -0.00020674 -0.00020674
 1368 -0.000206676 -0.000206676
 2979 -0.000206252 -0.000206252
 1245 -0.000206049 -0.000206049
 3264 0.000204892 -0.000204892
 2801 -0.000203676 -0.000203676
 3039 0.000202773 -0.000202773
 3271 -0.000201694 -0.000201694
 3160 -0.000200036 -0.000200036
 1624 0.00019959 -0.00019959
 2571 0.000199018 -0.000199018
 2800 -0.000197369 -0.000197369
 3227 -0.000196673 -0.000196673
 3375 0.000195517 -0.000195517
 1062 -0.000194894 -0.000194894
 1124 -0.000194735 -0.000194735
 2868 0.000192869 -0.000192869
 2819 -0.000192564 -0.000192564
 3179 0.000192001 -0.000192001
 888 -0.000191848 -0.000191848
 3209 -0.000189757 -0.000189757
 1346 0.000189341 -0.000189341
 1641 -0.000187631 -0.000187631
 3282 -0.000187562 -0.000187562
 2928 0.000186781 -0.000186781
 981 0.000186074 -0.000186074
 992 -0.000185008 -0.000185008
 1470 0.000184731 -0.000184731
 1353 0.000182757 -0.000182757
 1508 0.000182575 -0.000182575
 2759 0.000182037 -0.000182037
 1682 -0.000181355 -0.000181355
 944 0.000179905 -0.000179905
 2760 -0.000179815 -0.000179815
 2906 -0.000179617 -0.000179617
 3110 -0.000179256 -0.000179256
 1552 -0.00017905 -0.00017905
 1381 -0.000178851 -0.000178851
 1696 0.000177918 -0.000177918
 881 0.000177553 -0.000177553
 1297 -0.000177111 -0.000177111
 2789 -0.000176518 -0.000176518
 3244 -0.000173776 -0.000173776
 2907 0.000172937 -0.000172937
 3119 -0.000170668 -0.000170668
 3165 0.00017038 -0.00017038
 2718 0.000169691 -0.000169691
 2771 0.000169024 -0.000169024
 963 -0.000168858 -0.000168858
 3069 0.000168689 -0.000168689
 2707 -0.000168463 -0.000168463
 1504 -0.000166535 -0.000166535
 3130 0.000164469 -0.000164469
 3210 0.000163947 -0.000163947
 1546 0.000163752 -0.000163752
 1026 0.000163117 -0.000163117
 2795 0.000162164 -0.000162164
 3159 -0.000160099 -0.000160099
 2891 -0.000159915 -0.000159915
 2739 -0.000159196 -0.000159196
 2934 0.000158737 -0.000158737
 1635 -0.000158272 -0.000158272
 3379 -0.00015827 -0.00015827
 2770 -0.000158089 -0.000158089
 3078 -0.000158075 -0.000158075
 3157 0.000157139 -0.000157139
 3364 0.000156862 -0.000156862
 3178 0.000156298 -0.000156298
 1581 0.000154727 -0.000154727
 2941 0.000154106 -0.000154106
 3158 -0.000152784 -0.000152784
 3229 -0.00015139 -0.00015139
 2514 -0.00015117 -0.00015117
 2814 -0.00015024 -0.00015024
 3048 0.000147347 -0.000147347
 2768 0.000147143 -0.000147143
 1376 -0.000147112 -0.000147112
 3000 0.000146851 -0.000146851
 3270 0.000146623 -0.000146623
 2900 -0.000146243 -0.000146243
 3207 0.000146188 -0.000146188
 2918 -0.000145519 -0.000145519
 1692 -0.000144731 -0.000144731
 3321 -0.00014469 -0.00014469
 2523 -0.000144523 -0.000144523
 1477 -0.000144397 -0.000144397
 3372 -0.000143801 -0.000143801
 3049 0.000143508 -0.000143508
 1628 -0.000143246 -0.000143246
 1631 -0.000142342 -0.000142342
 2961 0.000140863 -0.000140863
 3001 -0.000140153 -0.000140153
 2930 -0.000139861 -0.000139861
 946 0.000138525 -0.000138525
 2879 0.000138268 -0.000138268
 2776 0.00013729 -0.00013729
 3140 0.000137221 -0.000137221
 1629 -0.000137001 -0.000137001
 3281 -0.000136492 -0.000136492
 2978 -0.000135868 -0.000135868
 3235 0.000135078 -0.000135078
 2993 0.000134677 -0.000134677
 3278 0.000134313 -0.000134313
 2950 0.00013391 -0.00013391
 2363 -0.000133848 -0.000133848
 1650 -0.000133297 -0.000133297
 2834 -0.000132362 -0.000132362
 3098 -0.000131862 -0.000131862
 1659 0.000131724 -0.000131724
 2933 -0.000131457 -0.000131457
 3189 -0.00013085 -0.00013085
 1639 -0.000130773 -0.000130773
 998 -0.000129932 -0.000129932
 2849 0.000129739 -0.000129739
 3038 -0.000129547 -0.000129547
 2932 0.000129455 -0.000129455
 3127 0.000129332 -0.000129332
 2951 0.000125747 -0.000125747
 1633 -0.000125745 -0.000125745
 2807 0.000124983 -0.000124983
 1634 -0.000123551 -0.000123551
 3238 0.000123543 -0.000123543
 1366 0.000123322 -0.000123322
 1435 0.000122959 -0.000122959
 2910 -0.000122527 -0.000122527
 2902 -0.00012236 -0.00012236
 2788 -0.00012178 -0.00012178
 3222 0.000120638 -0.000120638
 953 0.000120456 -0.000120456
 1577 0.000120456 -0.000120456
 1679 0.00012034 -0.00012034
 2969 -0.00012006 -0.00012006
 2727 0.000119055 -0.000119055
 3169 0.000118906 -0.000118906
 1044 -0.000118033 -0.000118033
 2748 -0.000117782 -0.000117782
 2949 -0.000117573 -0.000117573
 2839 -0.000116886 -0.000116886
 2939 -0.000116188 -0.000116188
 2869 0.000115055 -0.000115055
 2749 -0.000114665 -0.000114665
 3214 0.000114598 -0.000114598
 3319 -0.000114408 -0.000114408
 972 0.000114336 -0.000114336
 1702 -0.00011349 -0.00011349
 3234 0.000113193 -0.000113193
 2154 -0.000111978 -0.000111978
 2848 0.000111716 -0.000111716
 2882 -0.000109058 -0.000109058
 2971 0.000108922 -0.000108922
 3246 0.000108286 -0.000108286
 3007 0.000108229 -0.000108229
 1694 0.000108151 -0.000108151
 2728 -0.000107987 -0.000107987
 2754 -0.000106732 -0.000106732
 3188 0.000106208 -0.000106208
 3190 0.000105233 -0.000105233
 3202 -0.000104219 -0.000104219
 2844 -0.000104001 -0.000104001
 3087 -0.000103669 -0.000103669
 2824 -0.000103626 -0.000103626
 3212 -0.000103421 -0.000103421
 962 -0.000102953 -0.000102953
 2769 -0.000102589 -0.000102589
 3042 0.000102556 -0.000102556
 2909 0.000101679 -0.000101679
 3195 0.000101582 -0.000101582
 2204 0.000100031 -0.000100031
 3213 9.98437e-05 -9.98437e-05
 2962 -9.97628e-05 -9.97628e-05
 2890 -9.95199e-05 -9.95199e-05
 3124 -9.90714e-05 -9.90714e-05
 2850 -9.88886e-05 -9.88886e-05
 2816 9.79827e-05 -9.79827e-05
 2763 9.77385e-05 -9.77385e-05
 3014 9.71294e-05 -9.71294e-05
 3370 -9.68731e-05 -9.68731e-05
 2908 9.66576e-05 -9.66576e-05
 2870 9.65014e-05 -9.65014e-05
 857 9.62613e-05 -9.62613e-05
 1312 9.61602e-05 -9.61602e-05
 3384 9.47262e-05 -9.47262e-05
 1249 9.39665e-05 -9.39665e-05
 942 -9.38188e-05 -9.38188e-05
 3324 -9.36205e-05 -9.36205e-05
 3135 -9.34435e-05 -9.34435e-05
 3011 -9.21842e-05 -9.21842e-05
 3108 9.18681e-05 -9.18681e-05
 2972 -9.10488e-05 -9.10488e-05
 3211 9.09664e-05 -9.09664e-05
 3103 -9.06397e-05 -9.06397e-05
 3118 9.04648e-05 -9.04648e-05
 2569 -9.03647e-05 -9.03647e-05
 978 -8.96885e-05 -8.96885e-05
 3097 8.83512e-05 -8.83512e-05
 3040 8.80997e-05 -8.80997e-05
 3371 -8.75908e-05 -8.75908e-05
 3277 -8.6989e-05 -8.6989e-05
 1683 -8.64154e-05 -8.64154e-05
 3185 8.63846e-05 -8.63846e-05
 3201 8.62773e-05 -8.62773e-05
 1693 8.5315e-05 -8.5315e-05
 3102 -8.52438e-05 -8.52438e-05
 3080 8.4938e-05 -8.4938e-05
 3120 -8.47968e-05 -8.47968e-05
 3010 8.47672e-05 -8.47672e-05
 3223 8.46706e-05 -8.46706e-05
 2733 8.40448e-05 -8.40448e-05
 1363 8.26371e-05 -8.26371e-05
 3175 8.25572e-05 -8.25572e-05
 2573 -8.16982e-05 -8.16982e-05
 2929 -8.15543e-05 -8.15543e-05
 2784 8.14749e-05 -8.14749e-05
 2898 8.03244e-05 -8.03244e-05
 2757 8.00593e-05 -8.00593e-05
 3265 7.99831e-05 -7.99831e-05
 3129 -7.94921e-05 -7.94921e-05
 3236 7.94858e-05 -7.94858e-05
 974 7.92165e-05 -7.92165e-05
 2953 -7.73141e-05 -7.73141e-05
 3171 7.6876e-05 -7.6876e-05
 2886 -7.63432e-05 -7.63432e-05
 3131 7.60678e-05 -7.60678e-05
 3028 -7.4726e-05 -7.4726e-05
 1690 -7.47136e-05 -7.47136e-05
 2887 7.45335e-05 -7.45335e-05
 2880 7.35751e-05 -7.35751e-05
 3114 7.31415e-05 -7.31415e-05
 2881 -7.29567e-05 -7.29567e-05
 3255 -7.18921e-05 -7.18921e-05
 3020 7.17676e-05 -7.17676e-05
 2916 -7.17607e-05 -7.17607e-05
 2792 -7.13845e-05 -7.13845e-05
 3177 7.11658e-05 -7.11658e-05
 3045 -7.06925e-05 -7.06925e-05
 3036 7.00178e-05 -7.00178e-05
 2851 6.99946e-05 -6.99946e-05
 3060 -6.99489e-05 -6.99489e-05
 3055 6.97575e-05 -6.97575e-05
 2946 6.95623e-05 -6.95623e-05
 3126 -6.93759e-05 -6.93759e-05
 2847 -6.931e-05 -6.931e-05
 3208 6.88869e-05 -6.88869e-05
 1700 6.81873e-05 -6.81873e-05
 2113 6.81312e-05 -6.81312e-05
 3173 6.81149e-05 -6.81149e-05
 2823 -6.79844e-05 -6.79844e-05
 1576 6.79069e-05 -6.79069e-05
 2780 -6.78379e-05 -6.78379e-05
 3225 -6.77962e-05 -6.77962e-05
 3204 6.75366e-05 -6.75366e-05
 1004 6.71266e-05 -6.71266e-05
 3318 -6.69875e-05 -6.69875e-05
 3184 -6.69454e-05 -6.69454e-05
 1651 -6.69382e-05 -6.69382e-05
 2747 6.68983e-05 -6.68983e-05
 2585 -6.57713e-05 -6.57713e-05
 3067 6.57712e-05 -6.57712e-05
 2790 -6.48466e-05 -6.48466e-05
 1680 6.41603e-05 -6.41603e-05
 1695 -6.39896e-05 -6.39896e-05
 3156 -6.33709e-05 -6.33709e-05
 2878 6.33303e-05 -6.33303e-05
 3148 -6.31122e-05 -6.31122e-05
 2973 6.27022e-05 -6.27022e-05
 2730 -6.24595e-05 -6.24595e-05
 1612 6.18312e-05 -6.18312e-05
 2859 -6.18059e-05 -6.18059e-05
 1575 6.17337e-05 -6.17337e-05
 2729 6.15726e-05 -6.15726e-05
 2920 -6.13891e-05 -6.13891e-05
 1630 6.11681e-05 -6.11681e-05
 3063 -6.07053e-05 -6.07053e-05
 2992 6.01044e-05 -6.01044e-05
 3192 -6.00877e-05 -6.00877e-05
 3269 -5.99544e-05 -5.99544e-05
 2893 -5.96567e-05 -5.96567e-05
 2892 -5.94226e-05 -5.94226e-05
 2982 -5.82279e-05 -5.82279e-05
 2988 -5.80474e-05 -5.80474e-05
 2901 5.72651e-05 -5.72651e-05
 3037 -5.7057e-05 -5.7057e-05
 2782 -5.69568e-05 -5.69568e-05
 2791 -5.68901e-05 -5.68901e-05
 2942 5.62741e-05 -5.62741e-05
 2793 -5.62669e-05 -5.62669e-05
 2970 5.60142e-05 -5.60142e-05
 3015 5.59983e-05 -5.59983e-05
 2974 -5.58844e-05 -5.58844e-05
 3219 5.56911e-05 -5.56911e-05
 2964 -5.54371e-05 -5.54371e-05
 2904 5.52667e-05 -5.52667e-05
 967 5.51573e-05 -5.51573e-05
 2579 -5.50519e-05 -5.50519e-05
 2812 -5.47244e-05 -5.47244e-05
 2578 -5.42166e-05 -5.42166e-05
 3089 -5.36045e-05 -5.36045e-05
 1638 -5.32123e-05 -5.32123e-05
 2952 5.30316e-05 -5.30316e-05
 2884 5.2932e-05 -5.2932e-05
 2765 5.27442e-05 -5.27442e-05
 1685 5.20624e-05 -5.20624e-05
 3044 5.12716e-05 -5.12716e-05
 2762 -5.12135e-05 -5.12135e-05
 2888 -5.05708e-05 -5.05708e-05
 3068 -5.04348e-05 -5.04348e-05
 3074 4.99852e-05 -4.99852e-05
 3053 4.98202e-05 -4.98202e-05
 1128 -4.9693e-05 -4.9693e-05
 2738 -4.96322e-05 -4.96322e-05
 2580 -4.94875e-05 -4.94875e-05
 3388 4.9252e-05 -4.9252e-05
 2710 4.90352e-05 -4.90352e-05
 3106 4.90238e-05 -4.90238e-05
 2959 -4.89556e-05 -4.89556e-05
 975 4.89508e-05 -4.89508e-05
 3100 -4.87032e-05 -4.87032e-05
 2963 -4.86577e-05 -4.86577e-05
 2863 -4.85678e-05 -4.85678e-05
 2761 4.85414e-05 -4.85414e-05
 3146 -4.83552e-05 -4.83552e-05
 3047 4.8119e-05 -4.8119e-05
 1649 4.7908e-05 -4.7908e-05
 2843 4.78128e-05 -4.78128e-05
 3232 4.7746e-05 -4.7746e-05
 3164 4.77299e-05 -4.77299e-05
 3076 4.75968e-05 -4.75968e-05
 3041 4.75614e-05 -4.75614e-05
 1582 4.75044e-05 -4.75044e-05
 2925 4.73695e-05 -4.73695e-05
 2860 4.70502e-05 -4.70502e-05
 2947 4.62425e-05 -4.62425e-05
 2940 4.60092e-05 -4.60092e-05
 2917 4.5725e-05 -4.5725e-05
 3088 -4.57e-05 -4.57e-05
 3137 4.5409e-05 -4.5409e-05
 3181 4.47009e-05 -4.47009e-05
 3260 4.43291e-05 -4.43291e-05
 2858 -4.40387e-05 -4.40387e-05
 2831 4.34129e-05 -4.34129e-05
 3155 4.33999e-05 -4.33999e-05
 3093 4.30107e-05 -4.30107e-05
 2896 -4.29325e-05 -4.29325e-05
 3194 -4.27933e-05 -4.27933e-05
 3094 -4.25801e-05 -4.25801e-05
 3031 4.23432e-05 -4.23432e-05
 2854 -4.22886e-05 -4.22886e-05
 3095 4.18084e-05 -4.18084e-05
 2811 -4.1605e-05 -4.1605e-05
 2912 4.13514e-05 -4.13514e-05
 2990 -4.13145e-05 -4.13145e-05
 3057 -4.07134e-05 -4.07134e-05
 2989 -4.04359e-05 -4.04359e-05
 3032 4.02312e-05 -4.02312e-05
 2787 4.01576e-05 -4.01576e-05
 2826 -3.9815e-05 -3.9815e-05
 2956 3.97994e-05 -3.97994e-05
 3030 -3.97671e-05 -3.97671e-05
 2874 -3.97634e-05 -3.97634e-05
 3254 3.97151e-05 -3.97151e-05
 2772 3.9684e-05 -3.9684e-05
 3162 3.95791e-05 -3.95791e-05
 3174 -3.93732e-05 -3.93732e-05
 1703 3.92316e-05 -3.92316e-05
 3143 -3.89828e-05 -3.89828e-05
 2943 -3.88023e-05 -3.88023e-05
 1036 3.87736e-05 -3.87736e-05
 2873 3.84189e-05 -3.84189e-05
 2981 -3.83103e-05 -3.83103e-05
 2737 3.81823e-05 -3.81823e-05
 982 -3.76564e-05 -3.76564e-05
 3004 3.74055e-05 -3.74055e-05
 2744 3.72882e-05 -3.72882e-05
 2967 3.66997e-05 -3.66997e-05
 3006 3.62684e-05 -3.62684e-05
 3203 -3.61614e-05 -3.61614e-05
 3149 3.59796e-05 -3.59796e-05
 2955 3.59662e-05 -3.59662e-05
 3029 3.58531e-05 -3.58531e-05
 952 3.56668e-05 -3.56668e-05
 2717 -3.5596e-05 -3.5596e-05
 3079 -3.50904e-05 -3.50904e-05
 2577 -3.48667e-05 -3.48667e-05
 3123 -3.43793e-05 -3.43793e-05
 3197 3.41978e-05 -3.41978e-05
 2862 -3.41587e-05 -3.41587e-05
 3161 -3.41286e-05 -3.41286e-05
 3152 -3.40161e-05 -3.40161e-05
 3385 3.38768e-05 -3.38768e-05
 970 3.36382e-05 -3.36382e-05
 2567 3.35471e-05 -3.35471e-05
 2897 3.32106e-05 -3.32106e-05
 3082 3.31058e-05 -3.31058e-05
 3005 3.30975e-05 -3.30975e-05
 2871 -3.3057e-05 -3.3057e-05
 3064 -3.30032e-05 -3.30032e-05
 3021 3.29492e-05 -3.29492e-05
 2724 -3.27653e-05 -3.27653e-05
 1061 -3.25838e-05 -3.25838e-05
 3081 -3.25534e-05 -3.25534e-05
 2991 -3.2426e-05 -3.2426e-05
 1686 -3.23834e-05 -3.23834e-05
 3065 3.15862e-05 -3.15862e-05
 3272 -3.15607e-05 -3.15607e-05
 2785 3.13642e-05 -3.13642e-05
 2575 3.10971e-05 -3.10971e-05
 3196 -3.10808e-05 -3.10808e-05
 2767 3.10536e-05 -3.10536e-05
 2835 3.09488e-05 -3.09488e-05
 3176 3.0845e-05 -3.0845e-05
 3013 3.08353e-05 -3.08353e-05
 1637 -3.07018e-05 -3.07018e-05
 3056 3.03279e-05 -3.03279e-05
 2723 -3.0268e-05 -3.0268e-05
 2813 -3.0222e-05 -3.0222e-05
 3035 -2.98983e-05 -2.98983e-05
 2966 2.97278e-05 -2.97278e-05
 2794 -2.97073e-05 -2.97073e-05
 2714 2.96639e-05 -2.96639e-05
 3180 -2.93672e-05 -2.93672e-05
 2775 -2.89078e-05 -2.89078e-05
 2774 2.88127e-05 -2.88127e-05
 1648 -2.85697e-05 -2.85697e-05
 3275 -2.85439e-05 -2.85439e-05
 3101 2.84276e-05 -2.84276e-05
 2716 -2.842e-05 -2.842e-05
 2797 2.83954e-05 -2.83954e-05
 2945 2.83418e-05 -2.83418e-05
 3172 2.81502e-05 -2.81502e-05
 3107 -2.81274e-05 -2.81274e-05
 3073 2.79045e-05 -2.79045e-05
 2976 2.7549e-05 -2.7549e-05
 3142 2.75216e-05 -2.75216e-05
 3115 -2.74752e-05 -2.74752e-05
 2894 2.73882e-05 -2.73882e-05
 2777 -2.72904e-05 -2.72904e-05
 1647 -2.71148e-05 -2.71148e-05
 2572 -2.68997e-05 -2.68997e-05
 1689 2.68898e-05 -2.68898e-05
 3026 2.68831e-05 -2.68831e-05
 2817 -2.65798e-05 -2.65798e-05
 3150 2.65365e-05 -2.65365e-05
 2965 -2.65201e-05 -2.65201e-05
 1698 2.6151e-05 -2.6151e-05
 3002 2.58195e-05 -2.58195e-05
 3034 -2.52994e-05 -2.52994e-05
 3121 -2.52585e-05 -2.52585e-05
 3012 -2.51326e-05 -2.51326e-05
 3268 2.50522e-05 -2.50522e-05
 2766 2.50211e-05 -2.50211e-05
 3062 -2.48682e-05 -2.48682e-05
 2808 -2.4755e-05 -2.4755e-05
 2944 -2.46186e-05 -2.46186e-05
 3109 -2.4613e-05 -2.4613e-05
 2719 2.45888e-05 -2.45888e-05
 2756 2.4527e-05 -2.4527e-05
 2903 -2.44686e-05 -2.44686e-05
 3262 2.4255e-05 -2.4255e-05
 3153 -2.41672e-05 -2.41672e-05
 3198 -2.41506e-05 -2.41506e-05
 3077 -2.40562e-05 -2.40562e-05
 2861 2.38794e-05 -2.38794e-05
 3043 2.3856e-05 -2.3856e-05
 2996 2.32982e-05 -2.32982e-05
 2796 2.32083e-05 -2.32083e-05
 2830 -2.31556e-05 -2.31556e-05
 2864 2.30933e-05 -2.30933e-05
 3273 -2.27676e-05 -2.27676e-05
 3105 2.26653e-05 -2.26653e-05
 2837 2.26598e-05 -2.26598e-05
 3299 -2.25072e-05 -2.25072e-05
 2846 2.24689e-05 -2.24689e-05
 2957 -2.2398e-05 -2.2398e-05
 2984 2.23268e-05 -2.23268e-05
 2999 -2.22832e-05 -2.22832e-05
 2735 -2.21553e-05 -2.21553e-05
 2845 2.13848e-05 -2.13848e-05
 3415 2.13304e-05 -2.13304e-05
 3280 -2.12627e-05 -2.12627e-05
 3226 2.11863e-05 -2.11863e-05
 3279 -2.1179e-05 -2.1179e-05
 2827 2.11776e-05 -2.11776e-05
 3186 2.1113e-05 -2.1113e-05
 3138 -2.10344e-05 -2.10344e-05
 3317 -2.09434e-05 -2.09434e-05
 2875 -2.08166e-05 -2.08166e-05
 1687 2.07768e-05 -2.07768e-05
 2513 -2.05323e-05 -2.05323e-05
 980 2.00359e-05 -2.00359e-05
 3154 -2.00056e-05 -2.00056e-05
 2852 -2.00042e-05 -2.00042e-05
 3054 1.99976e-05 -1.99976e-05
 3113 -1.99369e-05 -1.99369e-05
 3256 -1.98386e-05 -1.98386e-05
 3266 1.98002e-05 -1.98002e-05
 2936 1.97428e-05 -1.97428e-05
 3046 -1.95685e-05 -1.95685e-05
 2935 -1.94518e-05 -1.94518e-05
 2736 -1.93659e-05 -1.93659e-05
 1539 -1.92511e-05 -1.92511e-05
 1699 1.92454e-05 -1.92454e-05
 2921 1.91112e-05 -1.91112e-05
 3221 1.90759e-05 -1.90759e-05
 2804 -1.89024e-05 -1.89024e-05
 3147 1.89012e-05 -1.89012e-05
 3363 1.88074e-05 -1.88074e-05
 3326 1.86483e-05 -1.86483e-05
 3224 -1.86294e-05 -1.86294e-05
 2922 1.85248e-05 -1.85248e-05
 2905 -1.82565e-05 -1.82565e-05
 2825 1.79296e-05 -1.79296e-05
 2926 -1.79193e-05 -1.79193e-05
 3259 1.78224e-05 -1.78224e-05
 3133 -1.76792e-05 -1.76792e-05
 2885 -1.76531e-05 -1.76531e-05
 3019 1.76154e-05 -1.76154e-05
 3205 -1.75394e-05 -1.75394e-05
 2713 1.75023e-05 -1.75023e-05
 2876 -1.74574e-05 -1.74574e-05
 3182 1.7321e-05 -1.7321e-05
 3092 -1.73051e-05 -1.73051e-05
 2732 -1.73018e-05 -1.73018e-05
 2715 -1.72363e-05 -1.72363e-05
 1621 1.72063e-05 -1.72063e-05
 2821 -1.71588e-05 -1.71588e-05
 2741 -1.70749e-05 -1.70749e-05
 1174 1.69008e-05 -1.69008e-05
 3128 -1.65206e-05 -1.65206e-05
 3116 1.64256e-05 -1.64256e-05
 2596 1.5907e-05 -1.5907e-05
 2919 -1.56032e-05 -1.56032e-05
 2731 -1.55431e-05 -1.55431e-05
 3381 1.54847e-05 -1.54847e-05
 2802 1.54353e-05 -1.54353e-05
 2576 1.53538e-05 -1.53538e-05
 3386 1.52864e-05 -1.52864e-05
 2985 1.51977e-05 -1.51977e-05
 3096 1.51748e-05 -1.51748e-05
 3383 1.48421e-05 -1.48421e-05
 2997 -1.4808e-05 -1.4808e-05
 3061 1.4508e-05 -1.4508e-05
 2803 1.43315e-05 -1.43315e-05
 2574 1.40152e-05 -1.40152e-05
 1658 1.39411e-05 -1.39411e-05
 3022 1.38583e-05 -1.38583e-05
 2643 1.38343e-05 -1.38343e-05
 2594 -1.37348e-05 -1.37348e-05
 2743 -1.36821e-05 -1.36821e-05
 3251 -1.3628e-05 -1.3628e-05
 3132 -1.34783e-05 -1.34783e-05
 3151 1.34023e-05 -1.34023e-05
 3027 1.32713e-05 -1.32713e-05
 3393 1.3105e-05 -1.3105e-05
 2833 1.30164e-05 -1.30164e-05
 2583 1.29201e-05 -1.29201e-05
 2595 -1.25112e-05 -1.25112e-05
 2822 -1.24797e-05 -1.24797e-05
 3125 1.2383e-05 -1.2383e-05
 3166 -1.22097e-05 -1.22097e-05
 3083 1.21537e-05 -1.21537e-05
 2570 -1.21143e-05 -1.21143e-05
 2755 -1.20861e-05 -1.20861e-05
 3016 1.19528e-05 -1.19528e-05
 2915 -1.16593e-05 -1.16593e-05
 3250 1.15888e-05 -1.15888e-05
 2711 1.15686e-05 -1.15686e-05
 3407 1.15369e-05 -1.15369e-05
 1701 -1.14313e-05 -1.14313e-05
 2927 -1.13257e-05 -1.13257e-05
 2698 -1.11381e-05 -1.11381e-05
 3387 -1.11154e-05 -1.11154e-05
 2883 1.10762e-05 -1.10762e-05
 3414 1.10061e-05 -1.10061e-05
 2740 -1.09999e-05 -1.09999e-05
 1350 1.08864e-05 -1.08864e-05
 2644 -1.08827e-05 -1.08827e-05
 3050 1.07507e-05 -1.07507e-05
 3051 -1.07014e-05 -1.07014e-05
 2591 1.06142e-05 -1.06142e-05
 3085 1.05572e-05 -1.05572e-05
 3090 1.03553e-05 -1.03553e-05
 3206 -1.03137e-05 -1.03137e-05
 3003 -1.02787e-05 -1.02787e-05
 2751 1.02208e-05 -1.02208e-05
 3183 1.01402e-05 -1.01402e-05
 3191 -1.00677e-05 -1.00677e-05
 2725 1.00303e-05 -1.00303e-05
 3084 -9.92357e-06 -9.92357e-06
 2746 -9.8395e-06 -9.8395e-06
 3072 -9.82776e-06 -9.82776e-06
 3117 9.78078e-06 -9.78078e-06
 3025 9.7074e-06 -9.7074e-06
 3252 -9.5686e-06 -9.5686e-06
 3395 -9.54477e-06 -9.54477e-06
 2856 9.50593e-06 -9.50593e-06
 3263 9.4409e-06 -9.4409e-06
 2742 -9.39536e-06 -9.39536e-06
 2753 9.2773e-06 -9.2773e-06
 2913 9.07592e-06 -9.07592e-06
 976 -9.04157e-06 -9.04157e-06
 2745 8.9029e-06 -8.9029e-06
 1580 -8.72055e-06 -8.72055e-06
 3392 -8.71188e-06 -8.71188e-06
 2877 -8.68345e-06 -8.68345e-06
 3112 -8.59185e-06 -8.59185e-06
 3330 8.33386e-06 -8.33386e-06
 2722 8.25808e-06 -8.25808e-06
 3245 8.24878e-06 -8.24878e-06
 3217 -8.22193e-06 -8.22193e-06
 2987 8.10505e-06 -8.10505e-06
 3023 7.862e-06 -7.862e-06
 2815 7.66252e-06 -7.66252e-06
 3396 -7.42059e-06 -7.42059e-06
 1640 -7.23074e-06 -7.23074e-06
 3369 6.95719e-06 -6.95719e-06
 3248 6.90361e-06 -6.90361e-06
 3111 6.88988e-06 -6.88988e-06
 3193 -6.88322e-06 -6.88322e-06
 2697 6.86645e-06 -6.86645e-06
 3071 -6.84251e-06 -6.84251e-06
 2734 -6.82412e-06 -6.82412e-06
 2986 -6.802e-06 -6.802e-06
 3394 -6.80123e-06 -6.80123e-06
 3336 -6.7468e-06 -6.7468e-06
 1646 -6.74159e-06 -6.74159e-06
 2712 6.688e-06 -6.688e-06
 2977 6.61705e-06 -6.61705e-06
 3296 -6.58431e-06 -6.58431e-06
 2872 -6.57484e-06 -6.57484e-06
 3335 -6.49304e-06 -6.49304e-06
 2599 6.41393e-06 -6.41393e-06
 2593 -6.32101e-06 -6.32101e-06
 3122 6.17536e-06 -6.17536e-06
 2995 -6.15017e-06 -6.15017e-06
 3218 6.12958e-06 -6.12958e-06
 3134 6.0834e-06 -6.0834e-06
 2895 5.9899e-06 -5.9899e-06
 2923 -5.74044e-06 -5.74044e-06
 2645 -5.62173e-06 -5.62173e-06
 3104 -5.53018e-06 -5.53018e-06
 2566 -5.49165e-06 -5.49165e-06
 3267 -5.33543e-06 -5.33543e-06
 2700 5.29784e-06 -5.29784e-06
 3258 5.27396e-06 -5.27396e-06
 2588 -5.15538e-06 -5.15538e-06
 3033 -5.10887e-06 -5.10887e-06
 2867 5.07894e-06 -5.07894e-06
 2704 5.00228e-06 -5.00228e-06
 2721 4.98288e-06 -4.98288e-06
 2568 -4.9517e-06 -4.9517e-06
 2954 -4.94721e-06 -4.94721e-06
 2840 4.94206e-06 -4.94206e-06
 3297 4.89276e-06 -4.89276e-06
 2699 -4.86802e-06 -4.86802e-06
 1410 4.85745e-06 -4.85745e-06
 3397 4.8404e-06 -4.8404e-06
 2638 4.77019e-06 -4.77019e-06
 3382 4.7673e-06 -4.7673e-06
 2726 -4.75905e-06 -4.75905e-06
 3398 4.7239e-06 -4.7239e-06
 2841 4.72309e-06 -4.72309e-06
 2601 4.71805e-06 -4.71805e-06
 3406 4.63559e-06 -4.63559e-06
 2659 4.4524e-06 -4.4524e-06
 3276 -4.44052e-06 -4.44052e-06
 3329 4.41589e-06 -4.41589e-06
 2598 -4.41427e-06 -4.41427e-06
 2640 -4.36771e-06 -4.36771e-06
 2836 4.26015e-06 -4.26015e-06
 3295 4.24179e-06 -4.24179e-06
 2646 -4.23482e-06 -4.23482e-06
 2720 4.21984e-06 -4.21984e-06
 3413 4.16701e-06 -4.16701e-06
 3139 4.05749e-06 -4.05749e-06
 2975 3.95456e-06 -3.95456e-06
 2639 3.87199e-06 -3.87199e-06
 3300 3.86901e-06 -3.86901e-06
 3289 -3.77101e-06 -3.77101e-06
 3253 -3.74909e-06 -3.74909e-06
 2781 3.70711e-06 -3.70711e-06
 2600 -3.69913e-06 -3.69913e-06
 2690 3.67576e-06 -3.67576e-06
 3360 -3.54406e-06 -3.54406e-06
 3052 -3.53006e-06 -3.53006e-06
 3024 3.51765e-06 -3.51765e-06
 2693 3.49581e-06 -3.49581e-06
 2752 3.46996e-06 -3.46996e-06
 2610 -3.46945e-06 -3.46945e-06
 2694 3.46922e-06 -3.46922e-06
 3401 3.45689e-06 -3.45689e-06
 3328 -3.4299e-06 -3.4299e-06
 3337 -3.38612e-06 -3.38612e-06
 3216 -3.3641e-06 -3.3641e-06
 2589 3.36227e-06 -3.36227e-06
 3378 3.34994e-06 -3.34994e-06
 2832 -3.32386e-06 -3.32386e-06
 2931 3.29856e-06 -3.29856e-06
 3075 -3.29358e-06 -3.29358e-06
 2994 3.27412e-06 -3.27412e-06
 2865 -3.22335e-06 -3.22335e-06
 2692 3.18312e-06 -3.18312e-06
 3404 3.11209e-06 -3.11209e-06
 2695 2.99085e-06 -2.99085e-06
 3249 2.93282e-06 -2.93282e-06
 3348 2.90854e-06 -2.90854e-06
 1643 -2.90695e-06 -2.90695e-06
 3389 -2.8996e-06 -2.8996e-06
 2592 -2.89879e-06 -2.89879e-06
 2641 2.8733e-06 -2.8733e-06
 2696 2.8682e-06 -2.8682e-06
 3298 2.8421e-06 -2.8421e-06
 3066 2.8151e-06 -2.8151e-06
 3170 -2.8132e-06 -2.8132e-06
 3403 2.81051e-06 -2.81051e-06
 3412 -2.7868e-06 -2.7868e-06
 3288 2.76708e-06 -2.76708e-06
 2924 -2.71344e-06 -2.71344e-06
 2684 2.68827e-06 -2.68827e-06
 3354 2.63015e-06 -2.63015e-06
 2602 -2.61987e-06 -2.61987e-06
 3400 -2.5897e-06 -2.5897e-06
 3409 -2.57571e-06 -2.57571e-06
 3402 -2.5618e-06 -2.5618e-06
 2653 2.5613e-06 -2.5613e-06
 2691 2.55632e-06 -2.55632e-06
 2658 2.54458e-06 -2.54458e-06
 3333 -2.54121e-06 -2.54121e-06
 2786 -2.41366e-06 -2.41366e-06
 3411 -2.40456e-06 -2.40456e-06
 2657 2.36833e-06 -2.36833e-06
 2810 2.34752e-06 -2.34752e-06
 2857 -2.28082e-06 -2.28082e-06
 2608 2.23531e-06 -2.23531e-06
 3408 2.21777e-06 -2.21777e-06
 2703 -2.21736e-06 -2.21736e-06
 3274 -2.21211e-06 -2.21211e-06
 2682 2.17533e-06 -2.17533e-06
 3340 2.14372e-06 -2.14372e-06
 3290 2.10178e-06 -2.10178e-06
 2842 -2.10008e-06 -2.10008e-06
 3352 -2.05649e-06 -2.05649e-06
 2688 2.05403e-06 -2.05403e-06
 2687 2.03664e-06 -2.03664e-06
 2968 -2.01321e-06 -2.01321e-06
 2590 2.00023e-06 -2.00023e-06
 2649 -1.99857e-06 -1.99857e-06
 2689 1.98267e-06 -1.98267e-06
 3009 1.98226e-06 -1.98226e-06
 2866 1.96916e-06 -1.96916e-06
 3091 -1.90185e-06 -1.90185e-06
 3145 1.90009e-06 -1.90009e-06
 2675 1.88938e-06 -1.88938e-06
 3399 -1.88202e-06 -1.88202e-06
 3353 1.76015e-06 -1.76015e-06
 3086 -1.73371e-06 -1.73371e-06
 2660 1.69404e-06 -1.69404e-06
 2937 -1.67586e-06 -1.67586e-06
 2686 1.65698e-06 -1.65698e-06
 2701 1.64062e-06 -1.64062e-06
 3294 1.58021e-06 -1.58021e-06
 2656 1.55727e-06 -1.55727e-06
 2685 1.55541e-06 -1.55541e-06
 3136 -1.54168e-06 -1.54168e-06
 2612 1.52774e-06 -1.52774e-06
 3332 1.47875e-06 -1.47875e-06
 2632 1.47737e-06 -1.47737e-06
 2677 1.47072e-06 -1.47072e-06
 2683 1.46557e-06 -1.46557e-06
 3341 1.4652e-06 -1.4652e-06
 2605 1.44917e-06 -1.44917e-06
 2628 1.427e-06 -1.427e-06
 2647 -1.37159e-06 -1.37159e-06
 2669 1.3442e-06 -1.3442e-06
 2648 -1.34266e-06 -1.34266e-06
 2609 -1.30868e-06 -1.30868e-06
 2980 -1.26019e-06 -1.26019e-06
 2606 1.25589e-06 -1.25589e-06
 3359 1.25142e-06 -1.25142e-06
 2855 1.21798e-06 -1.21798e-06
 2853 1.18109e-06 -1.18109e-06
 2604 1.16678e-06 -1.16678e-06
 2679 1.16396e-06 -1.16396e-06
 3059 -1.15645e-06 -1.15645e-06
 2672 -1.14899e-06 -1.14899e-06
 2652 -1.14538e-06 -1.14538e-06
 2665 1.14154e-06 -1.14154e-06
 2676 1.14039e-06 -1.14039e-06
 2758 -1.13947e-06 -1.13947e-06
 3167 1.12165e-06 -1.12165e-06
 3144 1.11717e-06 -1.11717e-06
 2662 1.11399e-06 -1.11399e-06
 3349 1.09142e-06 -1.09142e-06
 3390 -1.08145e-06 -1.08145e-06
 3345 -1.08095e-06 -1.08095e-06
 3331 -1.07784e-06 -1.07784e-06
 3141 1.07085e-06 -1.07085e-06
 2809 1.0615e-06 -1.0615e-06
 3350 -1.05515e-06 -1.05515e-06
 2597 1.03359e-06 -1.03359e-06
 2636 -1.03335e-06 -1.03335e-06
 3358 1.02853e-06 -1.02853e-06
 2680 9.88956e-07 -9.88956e-07
 3357 9.67022e-07 -9.67022e-07
 2667 9.63094e-07 -9.63094e-07
 3344 -9.60386e-07 -9.60386e-07
 3368 9.45295e-07 -9.45295e-07
 2655 9.32823e-07 -9.32823e-07
 2620 9.19603e-07 -9.19603e-07
 3356 8.89476e-07 -8.89476e-07
 2705 -8.8224e-07 -8.8224e-07
 3380 8.76224e-07 -8.76224e-07
 3334 8.75313e-07 -8.75313e-07
 3410 -8.45829e-07 -8.45829e-07
 2615 8.21741e-07 -8.21741e-07
 2678 8.10925e-07 -8.10925e-07
 3342 7.97611e-07 -7.97611e-07
 3355 -7.81982e-07 -7.81982e-07
 3361 7.4572e-07 -7.4572e-07
 3327 -7.454e-07 -7.454e-07
 2603 -7.42483e-07 -7.42483e-07
 2668 6.94657e-07 -6.94657e-07
 2633 6.78459e-07 -6.78459e-07
 2634 6.69051e-07 -6.69051e-07
 3351 6.05362e-07 -6.05362e-07
 3346 -5.89577e-07 -5.89577e-07
 2663 -5.43728e-07 -5.43728e-07
 3293 -5.39722e-07 -5.39722e-07
 2670 5.36416e-07 -5.36416e-07
 2637 5.13708e-07 -5.13708e-07
 2674 4.98775e-07 -4.98775e-07
 3338 4.9156e-07 -4.9156e-07
 2664 -4.83132e-07 -4.83132e-07
 2626 -4.75135e-07 -4.75135e-07
 2702 4.71792e-07 -4.71792e-07
 3287 4.54458e-07 -4.54458e-07
 2623 -4.50723e-07 -4.50723e-07
 2621 4.42904e-07 -4.42904e-07
 2661 -4.36048e-07 -4.36048e-07
 2642 4.35903e-07 -4.35903e-07
 2706 -4.25127e-07 -4.25127e-07
 3362 -4.05788e-07 -4.05788e-07
 2624 -3.86798e-07 -3.86798e-07
 2619 -3.71366e-07 -3.71366e-07
 2622 -3.66913e-07 -3.66913e-07
 2654 -3.55145e-07 -3.55145e-07
 2611 -3.5234e-07 -3.5234e-07
 2650 -3.48093e-07 -3.48093e-07
 2613 -3.19092e-07 -3.19092e-07
 3405 -3.17518e-07 -3.17518e-07
 2681 3.12928e-07 -3.12928e-07
 2625 3.05616e-07 -3.05616e-07
 3325 2.9101e-07 -2.9101e-07
 3291 2.77332e-07 -2.77332e-07
 3343 2.74725e-07 -2.74725e-07
 3292 2.70082e-07 -2.70082e-07
 2671 -2.57678e-07 -2.57678e-07
 2805 -2.52449e-07 -2.52449e-07
 3286 -2.46815e-07 -2.46815e-07
 3391 -2.32922e-07 -2.32922e-07
 2673 2.21312e-07 -2.21312e-07
 3339 -2.01216e-07 -2.01216e-07
 2629 -1.8761e-07 -1.8761e-07
 2614 1.76432e-07 -1.76432e-07
 2618 -1.6032e-07 -1.6032e-07
 2630 -1.47637e-07 -1.47637e-07
 2914 -1.3964e-07 -1.3964e-07
 2631 -1.36532e-07 -1.36532e-07
 2635 -1.29903e-07 -1.29903e-07
 2616 -7.96997e-08 -7.96997e-08
 3285 7.70471e-08 -7.70471e-08
 3347 -7.30444e-08 -7.30444e-08
 2651 6.13944e-08 -6.13944e-08
 2617 3.22209e-08 -3.22209e-08
 2627 -2.93961e-08 -2.93961e-08
 2607 1.99476e-08 -1.99476e-08
 2666 9.75296e-10 -9.75296e-10
 3365 -0 -0
 3419 -0 -0
 3366 -0 -0
 3367 -0 -0
 3416 -0 -0
 3417 -0 -0
 3418 -0 -0
 3316 -0 -0
 1597 0 -0
 1596 0 -0
 1595 0 -0
 1594 0 -0
 1593 0 -0
 1592 0 -0
 1591 0 -0
 855 0 -0
 854 0 -0
 1598 0 -0
 1599 0 -0
 1656 0 -0
 1655 0 -0
 1606 0 -0
 1605 0 -0
 1604 0 -0
 1603 0 -0
 1602 0 -0
 1601 0 -0
 1600 0 -0
 853 0 -0
 852 0 -0
 744 0 -0
 743 0 -0
 742 0 -0
 741 0 -0
 740 0 -0
 739 0 -0
 738 0 -0
 737 0 -0
 736 0 -0
 745 0 -0
 746 0 -0
 851 0 -0
 802 0 -0
 801 0 -0
 800 0 -0
 751 0 -0
 750 0 -0
 749 0 -0
 748 0 -0
 747 0 -0
 1657 0 -0
 1706 0 -0
 1707 0 -0
 3304 -0 -0
 3303 -0 -0
 3302 -0 -0
 3301 -0 -0
 2565 0 -0
 2564 0 -0
 2563 0 -0
 2562 0 -0
 2561 0 -0
 3305 -0 -0
 3306 -0 -0
 3315 -0 -0
 3314 -0 -0
 3313 -0 -0
 3312 -0 -0
 3311 -0 -0
 3310 -0 -0
 3309 -0 -0
 3308 -0 -0
 3307 -0 -0
 2512 0 -0
 2511 0 -0
 2451 0 -0
 2450 0 -0
 2449 0 -0
 2448 0 -0
 2447 0 -0
 2446 0 -0
 1710 0 -0
 1709 0 -0
 1708 0 -0
 2452 0 -0
 2453 0 -0
 2510 0 -0
 2461 0 -0
 2460 0 -0
 2459 0 -0
 2458 0 -0
 2457 0 -0
 2456 0 -0
 2455 0 -0
 2454 0 -0
 3420 -0 -0
