# Number of parameters = 867 Objective function value = 950.603552637732  Maximum gradient component = 1.35316299644871e-05
# log_avgrec:
9.93543036742
# log_avginit:
4.81960013961
# log_avg_F:
-1.48501317893
# natmort_phi:
0.00000000000
# log_q_bts:
0.618792261576
# log_q_std_area:
-0.0868796087472
# bt_slope:
0.00000000000
# log_q_eit:
-1.39084173191
# log_Rzero:
9.91254965678
# steepness:
0.686369788545
# log_q_cpue:
0.00215411593088
# log_q_avo:
-9.71688124910
# log_initdevs:
 3.39111267155 2.93725152595 1.33702822015 0.454544585006 1.12044872867 0.327780743653 -0.800391620213 -1.25474360828 -1.24847679961 -1.25033142164 -1.25173763751 -1.25282183269 -1.25397746991 -1.25568624489
# log_rec_devs:
 -1.06858523379 0.0523233599203 -0.246788980914 0.268962356190 0.132472559074 0.256696751481 0.102848665686 -0.379788997242 -0.575801855422 0.238842590847 -0.0130659212767 -0.149957388247 -0.424576008263 -0.384284742328 0.219118228040 1.11472688898 0.262859292762 0.385382585502 -0.237216086300 0.913465038241 -0.456362067199 0.497290484852 -0.362354586745 -0.959053227979 -1.31597435850 -0.589805066913 0.872396288557 0.226821526322 0.118957473226 0.857901683378 -0.271611890872 -0.636536801308 0.0990610387420 0.400071425566 -0.297174159441 -0.206723530112 0.239833667193 0.550156665254 0.125006348775 -0.375298406512 -1.16394277937 -1.51140916751 -0.573859969763 0.274132316180 -0.297881258738 1.07593281228 0.180021960104 -0.202035246508 -0.372957280596 1.23288837494 0.309666137833 -0.0366678187602 -0.0834056926796
# larv_rec_devs:
 0.00000000000 0.00000000000 0.00000000000 0.00000000000 0.00000000000 0.00000000000 0.00000000000 0.00000000000 0.00000000000 0.00000000000 0.00000000000
 0.00000000000 0.00000000000 0.00000000000 0.00000000000 0.00000000000 0.00000000000 0.00000000000 0.00000000000 0.00000000000 0.00000000000 0.00000000000
 0.00000000000 0.00000000000 0.00000000000 0.00000000000 0.00000000000 0.00000000000 0.00000000000 0.00000000000 0.00000000000 0.00000000000 0.00000000000
 0.00000000000 0.00000000000 0.00000000000 0.00000000000 0.00000000000 0.00000000000 0.00000000000 0.00000000000 0.00000000000 0.00000000000 0.00000000000
 0.00000000000 0.00000000000 0.00000000000 0.00000000000 0.00000000000 0.00000000000 0.00000000000 0.00000000000 0.00000000000 0.00000000000 0.00000000000
 0.00000000000 0.00000000000 0.00000000000 0.00000000000 0.00000000000 0.00000000000 0.00000000000 0.00000000000 0.00000000000 0.00000000000 0.00000000000
 0.00000000000 0.00000000000 0.00000000000 0.00000000000 0.00000000000 0.00000000000 0.00000000000 0.00000000000 0.00000000000 0.00000000000 0.00000000000
 0.00000000000 0.00000000000 0.00000000000 0.00000000000 0.00000000000 0.00000000000 0.00000000000 0.00000000000 0.00000000000 0.00000000000 0.00000000000
 0.00000000000 0.00000000000 0.00000000000 0.00000000000 0.00000000000 0.00000000000 0.00000000000 0.00000000000 0.00000000000 0.00000000000 0.00000000000
 0.00000000000 0.00000000000 0.00000000000 0.00000000000 0.00000000000 0.00000000000 0.00000000000 0.00000000000 0.00000000000 0.00000000000 0.00000000000
 0.00000000000 0.00000000000 0.00000000000 0.00000000000 0.00000000000 0.00000000000 0.00000000000 0.00000000000 0.00000000000 0.00000000000 0.00000000000
# repl_F:
0.224809638191
# log_F_devs:
 -0.514565723636 -0.629222733279 -0.729397757061 -0.211792143373 -0.236715350718 -0.256243967230 0.205584028583 0.601622869610 0.649974301314 0.772138676623 0.752868948604 0.629317581320 0.490993217945 0.317447474525 0.359577783152 0.456641569062 0.481288656689 0.223178192125 -0.0962549402848 -0.134260541018 -0.211934193354 -0.191530000210 -0.400943584262 -0.528246103588 -0.509318638967 -0.463444648432 -0.146287245974 0.107481257945 0.383124358877 -0.117552700665 -0.268719378380 -0.214933603356 0.102790132137 0.0777876563136 -0.0772973769889 -0.514563441347 -0.377396889168 -0.198427623302 -0.0568114907581 -0.0227089999557 -0.0972812037374 -0.191511758779 0.0131239447225 0.0657737395616 0.153819971426 0.151601111908 -0.0897745489109 0.202658133129 0.156879311000 0.220172108548 0.0503902975560 -0.0889460304155 -0.0501527055285
# sigr:
0.900000000000
# sel_devs_fsh:
 -0.0228881375309 0.0481873454705 0.294134989776 0.131305357508 -0.0145051245152 -0.0655783358230 -0.0846935177843 -0.0886624179588 -0.0934339182578 -0.103866287646
 0.123404842080 0.213475323365 0.123829283007 -0.0825301023414 -0.0728194047915 -0.0723405909954 -0.0653902881365 -0.0624362023012 -0.0561401086311 -0.0490527157268
 0.130787648801 0.148395964964 0.423839303472 -0.259862611079 -0.153547429142 -0.120221285316 -0.0852831338848 -0.0533988300184 -0.0283616081234 -0.00234817410300
 0.292491796495 0.127507995113 -0.148616334359 0.0768726170187 -0.0313402694212 -0.0463116121205 -0.0585137778556 -0.0654107639568 -0.0691681929747 -0.0775114492459
 0.329261892452 0.0452174842141 0.289116055997 -0.128689077182 -0.131923549265 -0.118408849220 -0.102790479872 -0.0786705180201 -0.0587557032910 -0.0443572472678
 0.509656399367 0.232287812048 -0.0635972218294 -0.345478854375 -0.216821995460 -0.196662894116 -0.0924022959870 -0.0310338306320 -0.0112447923538 0.215297534190
 0.0933134536678 -0.0897595435081 -0.168690257599 -0.0183262127094 0.0722844330849 0.0469097198647 -0.0584080663892 -0.00830348283894 0.00486920824591 0.126110662350
 -0.472236608627 0.365657279505 0.162416464943 0.152868003944 -0.0374854917918 -0.0160397632063 -0.0126557301101 -0.0156276209856 -0.000612530219467 -0.126283907821
 -0.488227941193 0.111572959426 -0.0213433016039 0.0662641219582 0.0926271284782 0.100365134520 0.0986886947010 0.0721614649695 0.0258244676715 -0.0579327781282
 -0.287967065294 0.274169933724 0.240855916455 0.00879651927482 -0.0174450654986 -0.0241237304231 -0.0153858116918 -0.0192977471021 -0.00787508597089 -0.151727858492
 -0.266704774448 -0.404659169907 0.189102380051 0.135789580005 0.0964334108634 0.0777626197405 0.0648492049914 -0.00113592413604 0.0170186209992 0.0915440169545
 -0.219308678630 -0.0561217104868 -0.103589175563 0.102353990086 0.0946022528140 0.0818354594950 0.0713610071018 0.0463618246814 0.0145602793135 -0.0320552415753
 -0.166034314505 0.250035885373 -0.128312957437 -0.0534744572589 0.0212985137057 0.0312135295782 0.0289416145869 0.0227322435657 0.0113871779281 -0.0177872830817
 -0.287583502554 -0.133903637626 0.0876163118581 0.0162327209462 0.0490889323128 0.0457100867792 0.0532898972185 0.0550827863182 0.0573397057607 0.0571266685375
 -0.201057217623 -0.491108724299 -0.181948028624 -0.0847805417422 0.104239844706 0.163289201745 0.156102059449 0.163076869673 0.185951079229 0.186235452993
 -0.404432901220 -0.678914841008 -0.290711548486 0.138307920299 0.142057667976 0.210260322506 0.213906961198 0.207237668695 0.186569771373 0.275719186979
 -0.320460115039 -0.322105107740 -0.274465921431 0.0334312222748 0.186750219654 0.0867543595015 0.0962280306728 0.139403829411 0.165308053724 0.209155496221
 -0.229884055487 -0.0443102213976 -0.427444033517 -0.0273379682993 0.0725248592278 0.0741571740557 0.0718941435847 0.104384888902 0.150997729812 0.255017281120
 -0.232706326991 0.491711879779 -0.0885297807287 -0.247790261657 -0.211754116737 0.0417731858356 0.0367678166118 0.00178984833822 0.0406852698053 0.168052309526
 -0.215111303837 -0.434352912778 0.103773999930 0.0261558119746 0.257721324692 0.0264778308896 0.0944912391156 0.0565359985895 0.0380271318027 0.0462808615074
 -0.211752416445 0.253222645805 0.205682847436 -0.241750816253 -0.363899060587 0.149887566389 0.0651517237946 0.110715313424 0.0157423983621 0.0169998057831
 -0.203385235560 -0.0116212058935 0.0174168238511 0.365147066660 0.000410828792553 -0.0335291101301 0.0508568267236 -0.0756244632165 0.0729340114251 -0.182605552289
 -0.204706558500 -0.0990652704854 0.0237936602477 -0.241814309149 -0.00366927592923 -0.123485550844 -0.183804856854 0.327732450656 0.208088043300 0.296931659081
 -0.201009519300 -0.0782896638699 1.00290321744 0.168134206185 0.221342806074 -0.0876973670878 0.190808262711 -0.297240632244 -0.329415233338 -0.589535799259
 -0.199006354438 -0.00452360038858 -0.605175434773 0.242482480298 -0.0411686991429 0.145211874630 0.167371721334 0.142232311562 0.0604719431071 0.0921037953381
 -0.195189098366 0.0645861873090 -0.309463907341 0.273501652928 0.379916167751 0.115585073045 -0.169903161533 -0.0200572487540 -0.0257491945524 -0.113226504834
 -0.185987138598 -0.0145976575241 -0.501813162704 -0.396349015209 -0.166494974639 0.0199248816741 0.281600136212 0.0540684784322 0.349586582235 0.560062016560
 -0.166613920562 -0.000221749772281 0.699877387771 -0.439785843966 -0.441400883275 -0.0230213104197 -0.0156297123522 0.267186158632 0.112120360575 0.00748956009752
 -0.140501640562 -0.821626486165 0.0532332436440 0.967442497763 0.102326203143 0.0145359129045 0.103018917068 -0.0242174993705 -0.0878319550501 -0.166379010780
 -0.0999962272795 0.0848188207466 -0.919206168461 -0.350032570139 0.890173955174 0.274742400556 0.0322716466418 0.0221830080783 0.0103282373022 0.0547169223429
 -0.0993260729741 0.165731604800 -0.342488483910 -0.725526255450 -0.333542658101 0.491913124074 0.219801953414 0.213614324895 0.201801575836 0.208021127526
 -0.0960385903428 0.664337065208 0.355933057466 -1.04301278587 -0.889911791707 -0.359761386430 0.296957097138 0.432870985863 0.353474871720 0.285151450266
 -0.0876112574210 0.488330117615 0.0499797057591 0.891973580930 0.0801087882388 -0.475127714596 -0.426342175343 -0.406918607467 -0.0813458486331 -0.0330465817230
 -0.0940456718003 -0.489569649971 0.315645439672 0.228431402853 0.202445486931 0.262574011355 -0.297405623525 -0.0793125522347 -0.0550138360552 0.00625094062218
 -0.0892740177684 -0.515454781983 0.915234522588 0.522691333921 0.135966651561 -0.215183832972 0.264274042591 -0.142011244010 -0.403535925170 -0.472706728562
 -0.0805152237304 -0.129574250871 -0.661561574664 0.268166968897 0.403898088792 -0.0329518125987 -0.0226890706502 0.213757356363 0.0429109100512 -0.00144141503579
 -0.0636262591636 -0.392418306089 -0.424130202517 -0.316751096192 0.273123161407 0.671123036362 0.141904989934 -0.0681860497624 0.0534754868399 0.125485173198
 -0.0501432915049 0.558444685174 -0.0154188896980 -0.0723721937339 -0.310802962683 0.0105010159103 0.0264421462772 0.0128558534107 -0.0129541599629 -0.146552208253
 -0.0421818401040 -0.548795879383 0.811253507753 -0.0776760865710 0.0930336751415 -0.160242629767 0.0176721023800 0.0160438044458 -0.0349152324616 -0.0741915051361
 -0.0345731035005 -0.284103110557 -0.769469266744 0.855070876556 0.0313997019978 -0.122007809828 0.0286713580570 0.0532578930643 0.0876539400195 0.154099510180
 -0.0322857948019 0.194375403669 0.0186348704757 -0.355329985016 0.462014485433 0.277092739386 -0.129611568178 -0.190401464400 -0.128194831298 -0.116293846502
 -0.0305236493688 0.349756543909 0.702087617279 -0.140297763397 -0.364800504898 -0.141521518743 -0.0945605213683 -0.0757940245900 -0.116003850560 -0.0883423185029
 -0.0253931575607 0.0711522372928 -0.0496046241694 -0.0307520995008 -0.0346624154159 0.0709421305337 0.0278808170522 -0.0225229590860 -0.0137527980196 0.00671286649767
 -0.0256968490405 -0.261185984689 -0.644096549258 -0.00464090072007 0.0232669357259 0.121843267929 0.169159552566 0.182554958994 0.231831283607 0.206964289316
 -0.0141561205429 -0.502162922008 0.145381977112 0.0457887379015 -0.227366858699 -0.158282641384 0.0293281634544 0.117989254306 0.213788067548 0.349692319974
 0.00436735199077 0.267498093728 -0.624904865237 0.489064844654 0.323072792425 -0.183956224657 -0.121160151296 0.0168289137195 -0.0549010389435 -0.115909753933
 -0.00864098838651 0.0771088259996 0.0869477215077 -1.17372281356 0.370294595356 0.439297743053 0.186301906929 0.0249231036136 0.00406791453865 -0.00657800194670
 -0.00506221418443 0.368202296592 0.352124534011 0.583256745533 -1.20492344739 -0.103663558719 -0.00402693131912 0.0139249795534 0.000236407191093 -6.89080956100e-05
 0.000668474481651 -0.434689826807 0.0173196074816 0.0608966944325 0.521394982299 -0.659867966490 -0.222786685101 0.137198645682 0.190637479483 0.389228606550
 -0.0152514784314 0.148011589101 -0.185173332885 -0.173402023796 0.141285149951 0.300595356217 0.179415861557 -0.205257576430 -0.127524364280 -0.0626991753276
 -0.00590454136397 -0.0115318421629 1.00313041238 0.141805848260 -0.294894525281 0.102877715115 -0.307404967537 -0.222605198122 -0.305181434693 -0.100291505368
 1.63223918825e-06 -0.000745547442879 -0.0593248068551 -0.177795014945 -0.154291211419 -0.0166984538022 0.0293863721611 0.121095741672 0.118309198230 0.140062076985
# sel_devs_bts:
 0.00000000000 0.00000000000 0.00000000000 0.00000000000 0.00000000000 0.00000000000 0.00000000000 0.00000000000
 0.00000000000 0.00000000000 0.00000000000 0.00000000000 0.00000000000 0.00000000000 0.00000000000 0.00000000000
 0.00000000000 0.00000000000 0.00000000000 0.00000000000 0.00000000000 0.00000000000 0.00000000000 0.00000000000
 0.00000000000 0.00000000000 0.00000000000 0.00000000000 0.00000000000 0.00000000000 0.00000000000 0.00000000000
 0.00000000000 0.00000000000 0.00000000000 0.00000000000 0.00000000000 0.00000000000 0.00000000000 0.00000000000
 0.00000000000 0.00000000000 0.00000000000 0.00000000000 0.00000000000 0.00000000000 0.00000000000 0.00000000000
 0.00000000000 0.00000000000 0.00000000000 0.00000000000 0.00000000000 0.00000000000 0.00000000000 0.00000000000
 0.00000000000 0.00000000000 0.00000000000 0.00000000000 0.00000000000 0.00000000000 0.00000000000 0.00000000000
 0.00000000000 0.00000000000 0.00000000000 0.00000000000 0.00000000000 0.00000000000 0.00000000000 0.00000000000
 0.00000000000 0.00000000000 0.00000000000 0.00000000000 0.00000000000 0.00000000000 0.00000000000 0.00000000000
 0.00000000000 0.00000000000 0.00000000000 0.00000000000 0.00000000000 0.00000000000 0.00000000000 0.00000000000
 0.00000000000 0.00000000000 0.00000000000 0.00000000000 0.00000000000 0.00000000000 0.00000000000 0.00000000000
 0.00000000000 0.00000000000 0.00000000000 0.00000000000 0.00000000000 0.00000000000 0.00000000000 0.00000000000
 0.00000000000 0.00000000000 0.00000000000 0.00000000000 0.00000000000 0.00000000000 0.00000000000 0.00000000000
 0.00000000000 0.00000000000 0.00000000000 0.00000000000 0.00000000000 0.00000000000 0.00000000000 0.00000000000
 0.00000000000 0.00000000000 0.00000000000 0.00000000000 0.00000000000 0.00000000000 0.00000000000 0.00000000000
 0.00000000000 0.00000000000 0.00000000000 0.00000000000 0.00000000000 0.00000000000 0.00000000000 0.00000000000
 0.00000000000 0.00000000000 0.00000000000 0.00000000000 0.00000000000 0.00000000000 0.00000000000 0.00000000000
 0.00000000000 0.00000000000 0.00000000000 0.00000000000 0.00000000000 0.00000000000 0.00000000000 0.00000000000
 0.00000000000 0.00000000000 0.00000000000 0.00000000000 0.00000000000 0.00000000000 0.00000000000 0.00000000000
 0.00000000000 0.00000000000 0.00000000000 0.00000000000 0.00000000000 0.00000000000 0.00000000000 0.00000000000
 0.00000000000 0.00000000000 0.00000000000 0.00000000000 0.00000000000 0.00000000000 0.00000000000 0.00000000000
 0.00000000000 0.00000000000 0.00000000000 0.00000000000 0.00000000000 0.00000000000 0.00000000000 0.00000000000
 0.00000000000 0.00000000000 0.00000000000 0.00000000000 0.00000000000 0.00000000000 0.00000000000 0.00000000000
 0.00000000000 0.00000000000 0.00000000000 0.00000000000 0.00000000000 0.00000000000 0.00000000000 0.00000000000
 0.00000000000 0.00000000000 0.00000000000 0.00000000000 0.00000000000 0.00000000000 0.00000000000 0.00000000000
 0.00000000000 0.00000000000 0.00000000000 0.00000000000 0.00000000000 0.00000000000 0.00000000000 0.00000000000
 0.00000000000 0.00000000000 0.00000000000 0.00000000000 0.00000000000 0.00000000000 0.00000000000 0.00000000000
 0.00000000000 0.00000000000 0.00000000000 0.00000000000 0.00000000000 0.00000000000 0.00000000000 0.00000000000
 0.00000000000 0.00000000000 0.00000000000 0.00000000000 0.00000000000 0.00000000000 0.00000000000 0.00000000000
 0.00000000000 0.00000000000 0.00000000000 0.00000000000 0.00000000000 0.00000000000 0.00000000000 0.00000000000
 0.00000000000 0.00000000000 0.00000000000 0.00000000000 0.00000000000 0.00000000000 0.00000000000 0.00000000000
 0.00000000000 0.00000000000 0.00000000000 0.00000000000 0.00000000000 0.00000000000 0.00000000000 0.00000000000
 0.00000000000 0.00000000000 0.00000000000 0.00000000000 0.00000000000 0.00000000000 0.00000000000 0.00000000000
# sel_devs_eit:
 -0.292306242435 1.08369101344 1.57193019628 1.55015192123 1.37267091503 1.34016663137 1.14319235758
# sel_coffs_fsh:
 -4.35518681122 -2.40454326554 -1.25098026908 0.271829633861 0.380692816870 0.378737638240 0.348769773985 0.308893912877 0.273224243760 0.247713019467
# sel_coffs_bts:
 -0.0100000000000 -0.0100000000000 -0.0100000000000 -0.0100000000000 -0.0100000000000 -0.0100000000000 -0.0100000000000 -0.0100000000000
# sel_coffs_eit:
 1.07033544717 -0.109038198383 -0.500725341233 -0.470802942186 -0.441840323176 -0.404912088716 -0.366095318747
# sel_slp_bts:
0.966604811484
# sel_a50_bts:
5.74432722381
# sel_age_one:
-3.05707091254
# sel_slp_bts_dev:
 -0.550990386115 -0.142703349526 -0.00302995613641 -0.389034503904 -0.283371814589 -0.355643575213 -0.401185151882 -0.259695688609 0.0471485140478 0.0624647676602 0.109579307536 0.208714723656 0.220098636062 0.248740431426 0.0168864803885 -0.217682662064 -0.398445717813 -0.475174487489 -0.294145335649 -0.332626426764 -0.0770163870224 0.0812222284045 0.0406358372121 0.100988315124 8.41540129409e-05 0.202295098922 0.382196130160 0.344857690766 0.673257343830 0.601665596353 0.234026178549 0.282573783783 0.386095683872 0.0703716163647 -0.133157075355
# sel_a50_bts_dev:
 2.69864320894e-05 -0.181431569426 -0.00333415506087 0.0663447007086 0.126460398963 0.0540738870493 -0.0675818939907 -0.136449275354 -0.166878325534 -0.00705990977448 -0.103866554316 -0.175162003056 -0.0922274659010 0.0114359613296 0.162558653513 0.199908140731 0.296914263022 0.206177676275 0.0916883835014 0.145755565816 0.0428685149863 0.102064706842 0.0670691953643 -0.0344598923322 0.118253157097 -0.0783113028564 -0.0746379938117 -0.0896862257660 -0.245001727210 -0.0801068696067 -0.0418115568490 -0.0540195448333 -0.115511401498 -0.0249650365175 0.0809025120628
# sel_one_bts_dev:
 -0.0704520949560 -0.138826250761 0.0189132039179 -0.283699316600 -0.394000963194 -0.160474453104 -0.328926841490 -0.100525764227 0.111031709797 -0.162359502316 -0.0351153568913 -0.000342573564151 -0.149751920625 -0.184758228813 -0.0496102768606 -0.0204288080095 0.0794572842285 0.0370886928746 0.136402155007 0.0860431961430 0.201887271102 0.303611458165 0.0531871322600 -0.0486299575845 -0.0742005432022 -0.0609273546279 0.159683469851 0.360610698593 0.281511943989 -0.00593052147068 -0.0389796754917 0.288581776656 -0.00129293104496 0.0615256981747 0.129697644076
# sel_dif1_fsh:
1.00000000000
# sel_a501_fsh:
3.00000000000
# sel_trm2_fsh:
0.900000000000
# sel_dif2_fsh:
5.00000000000
# sel_dif1_fsh_dev:
 0.00000000000 0.00000000000 0.00000000000 0.00000000000 0.00000000000 0.00000000000 0.00000000000 0.00000000000 0.00000000000 0.00000000000 0.00000000000 0.00000000000 0.00000000000 0.00000000000 0.00000000000 0.00000000000 0.00000000000 0.00000000000 0.00000000000 0.00000000000 0.00000000000 0.00000000000 0.00000000000 0.00000000000 0.00000000000 0.00000000000 0.00000000000 0.00000000000 0.00000000000 0.00000000000 0.00000000000 0.00000000000 0.00000000000 0.00000000000 0.00000000000 0.00000000000 0.00000000000 0.00000000000 0.00000000000 0.00000000000 0.00000000000 0.00000000000 0.00000000000 0.00000000000 0.00000000000 0.00000000000 0.00000000000 0.00000000000 0.00000000000 0.00000000000 0.00000000000 0.00000000000 0.00000000000
# sel_a501_fsh_dev:
 0.00000000000 0.00000000000 0.00000000000 0.00000000000 0.00000000000 0.00000000000 0.00000000000 0.00000000000 0.00000000000 0.00000000000 0.00000000000 0.00000000000 0.00000000000 0.00000000000 0.00000000000 0.00000000000 0.00000000000 0.00000000000 0.00000000000 0.00000000000 0.00000000000 0.00000000000 0.00000000000 0.00000000000 0.00000000000 0.00000000000 0.00000000000 0.00000000000 0.00000000000 0.00000000000 0.00000000000 0.00000000000 0.00000000000 0.00000000000 0.00000000000 0.00000000000 0.00000000000 0.00000000000 0.00000000000 0.00000000000 0.00000000000 0.00000000000 0.00000000000 0.00000000000 0.00000000000 0.00000000000 0.00000000000 0.00000000000 0.00000000000 0.00000000000 0.00000000000 0.00000000000 0.00000000000
# sel_trm2_fsh_dev:
 0.00000000000 0.00000000000 0.00000000000 0.00000000000 0.00000000000 0.00000000000 0.00000000000 0.00000000000 0.00000000000 0.00000000000 0.00000000000 0.00000000000 0.00000000000 0.00000000000 0.00000000000 0.00000000000 0.00000000000 0.00000000000 0.00000000000 0.00000000000 0.00000000000 0.00000000000 0.00000000000 0.00000000000 0.00000000000 0.00000000000 0.00000000000 0.00000000000 0.00000000000 0.00000000000 0.00000000000 0.00000000000 0.00000000000 0.00000000000 0.00000000000 0.00000000000 0.00000000000 0.00000000000 0.00000000000 0.00000000000 0.00000000000 0.00000000000 0.00000000000 0.00000000000 0.00000000000 0.00000000000 0.00000000000 0.00000000000 0.00000000000 0.00000000000 0.00000000000 0.00000000000 0.00000000000
# rec_dev_future:
 0.00000000000 0.00000000000 0.00000000000 0.00000000000 0.00000000000
# M_dev:
 0.00000000000 0.00000000000 0.00000000000 0.00000000000 0.00000000000 0.00000000000 0.00000000000 0.00000000000 0.00000000000 0.00000000000 0.00000000000 0.00000000000 0.00000000000 0.00000000000 0.00000000000 0.00000000000 0.00000000000 0.00000000000 0.00000000000 0.00000000000 0.00000000000 0.00000000000 0.00000000000 0.00000000000 0.00000000000 0.00000000000 0.00000000000 0.00000000000 0.00000000000 0.00000000000 0.00000000000 0.00000000000 0.00000000000 0.00000000000 0.00000000000 0.00000000000 0.00000000000 0.00000000000 0.00000000000 0.00000000000 0.00000000000 0.00000000000 0.00000000000 0.00000000000 0.00000000000 0.00000000000 0.00000000000 0.00000000000 0.00000000000 0.00000000000 0.00000000000 0.00000000000
# mnwt:
 0.357510193422 0.477781692527 0.599166859102 0.718239980979 0.825042578202 0.937647662571 1.06473784030 1.18046133509 1.26067712507 1.35573695525 1.42374715152 1.51888677821 1.56623283902
# coh_eff:
 -1.44588006536 -0.783287513265 -0.866424810028 -0.959217862572 -0.727676000551 -0.330061641521 -0.261005851238 -0.340025555561 0.146881450278 0.0682883380818 -0.0119474267080 -0.174273317738 -0.126238207808 0.718217548244 0.786345044004 0.0986713355407 -0.440981276563 0.246752960382 0.801945912085 0.768443223533 0.938400015686 0.903046080530 0.960187361754 1.23973137532 1.71814266527 1.31019955680 1.13393488436 1.19763388638 0.855718780883 0.447069466778 0.142626619914 -0.600017773350 -1.50795662287 -1.63284883042 -2.10270735243 -2.17168646415 0.00000000000 0.00000000000 0.00000000000
# yr_eff:
 -0.0253012224679 0.137008759117 1.34840816793 0.918740338257 0.558292697011 0.186705628325 -0.100026763236 -0.444019408173 -0.528597335802 -0.729121704706 -0.228235060797 -0.359299814752 -0.429300837085 -0.896554671127 -1.59670778178 -1.87424402733 -0.996673373588 -1.03680007164 0.315837165997 0.239927390565 0.639970493039 0.799379466210 1.67767407864 2.42293789515 0.00000000000 0.00000000000 0.00000000000
