Age	Year	N	Source
1	1982	1041757.104	VAST
1	1983	4494246.238	VAST
1	1984	454833.1093	VAST
1	1985	4571554.355	VAST
1	1986	2581863.673	VAST
1	1987	401676.6689	VAST
1	1988	1274590.179	VAST
1	1989	901533.912	VAST
1	1990	1984403.959	VAST
1	1991	3401467.577	VAST
1	1992	1641104.655	VAST
1	1993	2605789.441	VAST
1	1994	1372549.563	VAST
1	1995	1426018.276	VAST
1	1996	1643343.931	VAST
1	1997	2091644.396	VAST
1	1998	717044.5981	VAST
1	1999	956234.3343	VAST
1	2000	926811.9785	VAST
1	2001	1781621.44	VAST
1	2002	845649.7161	VAST
1	2003	444874.0658	VAST
1	2004	396372.6049	VAST
1	2005	370285.9562	VAST
1	2006	855157.1398	VAST
1	2007	2401693.399	VAST
1	2008	487432.6307	VAST
1	2009	751825.5843	VAST
1	2010	416035.4866	VAST
1	2011	1178713.135	VAST
1	2012	1214720.048	VAST
1	2013	1265369.463	VAST
1	2014	2009085.428	VAST
1	2015	1142341.873	VAST
1	2016	683633.9898	VAST
1	2017	786529.2005	VAST
1	2018	1400730.006	VAST
2	1982	2411915.396	VAST
2	1983	661567.8706	VAST
2	1984	275276.7866	VAST
2	1985	580424.8931	VAST
2	1986	563291.2637	VAST
2	1987	649609.2504	VAST
2	1988	634993.254	VAST
2	1989	314072.0735	VAST
2	1990	296473.7846	VAST
2	1991	689939.0125	VAST
2	1992	339021.0206	VAST
2	1993	344631.5854	VAST
2	1994	542028.1343	VAST
2	1995	137994.7708	VAST
2	1996	364096.7549	VAST
2	1997	344967.7913	VAST
2	1998	561710.9595	VAST
2	1999	787122.7918	VAST
2	2000	325255.1088	VAST
2	2001	882940.72	VAST
2	2002	386133.285	VAST
2	2003	141143.2136	VAST
2	2004	242026.1969	VAST
2	2005	123278.5486	VAST
2	2006	65717.02427	VAST
2	2007	56265.00661	VAST
2	2008	106409.6169	VAST
2	2009	183781.0212	VAST
2	2010	109857.2401	VAST
2	2011	111273.0773	VAST
2	2012	196202.8567	VAST
2	2013	109807.6411	VAST
2	2014	430227.5875	VAST
2	2015	757337.7893	VAST
2	2016	375932.7786	VAST
2	2017	274706.1555	VAST
2	2018	457836.5327	VAST
3	1982	2705262.47	VAST
3	1983	1757039.748	VAST
3	1984	463984.769	VAST
3	1985	2011120.4	VAST
3	1986	514270.8004	VAST
3	1987	922035.7838	VAST
3	1988	1690464.388	VAST
3	1989	537617.6949	VAST
3	1990	113551.8554	VAST
3	1991	239088.9795	VAST
3	1992	1756544.079	VAST
3	1993	857550.36	VAST
3	1994	441176.4233	VAST
3	1995	348699.8529	VAST
3	1996	156740.6033	VAST
3	1997	155373.6734	VAST
3	1998	312631.1897	VAST
3	1999	791494.3307	VAST
3	2000	458762.9411	VAST
3	2001	498326.0941	VAST
3	2002	828089.4664	VAST
3	2003	946045.7013	VAST
3	2004	173377.6649	VAST
3	2005	204233.2805	VAST
3	2006	92187.52778	VAST
3	2007	153853.7111	VAST
3	2008	95720.00295	VAST
3	2009	362378.4205	VAST
3	2010	228864.8977	VAST
3	2011	231258.6666	VAST
3	2012	397252.4657	VAST
3	2013	228906.2692	VAST
3	2014	241936.3534	VAST
3	2015	2153913.811	VAST
3	2016	614754.9452	VAST
3	2017	445462.1336	VAST
3	2018	194832.7603	VAST
4	1982	3914119.245	VAST
4	1983	3506672.378	VAST
4	1984	1379074.092	VAST
4	1985	803420.7762	VAST
4	1986	1765231.959	VAST
4	1987	696658.6341	VAST
4	1988	3303557.213	VAST
4	1989	1859892.871	VAST
4	1990	748766.5824	VAST
4	1991	91273.57273	VAST
4	1992	321294.5943	VAST
4	1993	3776695.458	VAST
4	1994	1363750.728	VAST
4	1995	1603401.584	VAST
4	1996	317108.2028	VAST
4	1997	194843.0055	VAST
4	1998	215683.6517	VAST
4	1999	881541.5548	VAST
4	2000	1564087.821	VAST
4	2001	516147.8871	VAST
4	2002	1185649.296	VAST
4	2003	1619919.309	VAST
4	2004	1380308.187	VAST
4	2005	975815.0502	VAST
4	2006	329129.6815	VAST
4	2007	426287.7885	VAST
4	2008	173650.8856	VAST
4	2009	406579.4735	VAST
4	2010	2662289.403	VAST
4	2011	330214.6016	VAST
4	2012	3310492	VAST
4	2013	977865.9432	VAST
4	2014	370262.2309	VAST
4	2015	570832.4358	VAST
4	2016	3350428.301	VAST
4	2017	2318064.195	VAST
4	2018	384864.3421	VAST
5	1982	1341447.471	VAST
5	1983	7615579.758	VAST
5	1984	1774249.495	VAST
5	1985	3045547.181	VAST
5	1986	1038312.414	VAST
5	1987	4289244.742	VAST
5	1988	1447643.472	VAST
5	1989	4279470.814	VAST
5	1990	1522570.977	VAST
5	1991	524314.2783	VAST
5	1992	391699.0392	VAST
5	1993	847841.3059	VAST
5	1994	3839090.577	VAST
5	1995	2155861.877	VAST
5	1996	838831.7862	VAST
5	1997	2576394.76	VAST
5	1998	437973.3	VAST
5	1999	507117.9019	VAST
5	2000	1618509.015	VAST
5	2001	1328130.356	VAST
5	2002	1247105.176	VAST
5	2003	1944915.305	VAST
5	2004	1375020.828	VAST
5	2005	2860334.577	VAST
5	2006	891756.2221	VAST
5	2007	1284983.024	VAST
5	2008	507139.5365	VAST
5	2009	254499.0084	VAST
5	2010	1237983.782	VAST
5	2011	1717392.22	VAST
5	2012	749482.4824	VAST
5	2013	4878152.212	VAST
5	2014	1804672.081	VAST
5	2015	1229008.061	VAST
5	2016	1433485.149	VAST
5	2017	3066813.674	VAST
5	2018	2629605.206	VAST
6	1982	174214.3377	VAST
6	1983	2336528.056	VAST
6	1984	4330962.682	VAST
6	1985	2178999.158	VAST
6	1986	1760153.942	VAST
6	1987	1225342.636	VAST
6	1988	4697692.434	VAST
6	1989	871081.6197	VAST
6	1990	5094719.634	VAST
6	1991	521232.1313	VAST
6	1992	657705.1479	VAST
6	1993	685963.202	VAST
6	1994	681568.8319	VAST
6	1995	3377799.209	VAST
6	1996	1177526.916	VAST
6	1997	1349346.931	VAST
6	1998	2553353.475	VAST
6	1999	902296.9913	VAST
6	2000	854787.0633	VAST
6	2001	1368281.564	VAST
6	2002	1591433.549	VAST
6	2003	1738944.66	VAST
6	2004	1066554.141	VAST
6	2005	1940600.949	VAST
6	2006	1148916.69	VAST
6	2007	1548320.422	VAST
6	2008	1047300.799	VAST
6	2009	367388.4923	VAST
6	2010	379332.6262	VAST
6	2011	866448.5316	VAST
6	2012	1115825.871	VAST
6	2013	1123615.596	VAST
6	2014	6616965.447	VAST
6	2015	2348882.577	VAST
6	2016	1013187.518	VAST
6	2017	1420548.243	VAST
6	2018	1773251.738	VAST
7	1982	112750.4009	VAST
7	1983	421141.0477	VAST
7	1984	865391.0225	VAST
7	1985	1604826.91	VAST
7	1986	1547314.602	VAST
7	1987	1193545.716	VAST
7	1988	1388304.645	VAST
7	1989	3395844.18	VAST
7	1990	1019050.763	VAST
7	1991	1784421.206	VAST
7	1992	580417.857	VAST
7	1993	351545.1391	VAST
7	1994	183175.881	VAST
7	1995	1412636.368	VAST
7	1996	1091120.1	VAST
7	1997	852913.5287	VAST
7	1998	709127.0275	VAST
7	1999	2296720.051	VAST
7	2000	724840.3039	VAST
7	2001	581252.8103	VAST
7	2002	821235.6675	VAST
7	2003	2258235.802	VAST
7	2004	613288.8127	VAST
7	2005	1009663.309	VAST
7	2006	743047.7254	VAST
7	2007	1125587.72	VAST
7	2008	819593.5889	VAST
7	2009	503698.5738	VAST
7	2010	322636.6756	VAST
7	2011	255592.1299	VAST
7	2012	371275.4143	VAST
7	2013	678858.4047	VAST
7	2014	3414150.786	VAST
7	2015	4649900.587	VAST
7	2016	1489070.386	VAST
7	2017	1085079.194	VAST
7	2018	688917.0223	VAST
8	1982	54698.23155	VAST
8	1983	202327.9324	VAST
8	1984	195855.2478	VAST
8	1985	325142.0645	VAST
8	1986	1439972.891	VAST
8	1987	484965.298	VAST
8	1988	1057388.322	VAST
8	1989	515474.0508	VAST
8	1990	2541416.395	VAST
8	1991	668547.6528	VAST
8	1992	820652.1362	VAST
8	1993	474033.6941	VAST
8	1994	160932.1702	VAST
8	1995	371119.8218	VAST
8	1996	366011.4583	VAST
8	1997	1022104.35	VAST
8	1998	457085.9382	VAST
8	1999	641360.5356	VAST
8	2000	2369578.293	VAST
8	2001	292086.0916	VAST
8	2002	389027.3449	VAST
8	2003	1228389.113	VAST
8	2004	665713.8448	VAST
8	2005	453645.6721	VAST
8	2006	357330.1072	VAST
8	2007	810122.4429	VAST
8	2008	556969.3688	VAST
8	2009	386844.5255	VAST
8	2010	330346.5175	VAST
8	2011	145328.1199	VAST
8	2012	145790.0914	VAST
8	2013	234902.099	VAST
8	2014	728512.0307	VAST
8	2015	1393131.276	VAST
8	2016	2277469.121	VAST
8	2017	1023076.375	VAST
8	2018	525234.6575	VAST
9	1982	34433.94021	VAST
9	1983	94716.00434	VAST
9	1984	90579.98713	VAST
9	1985	87083.6256	VAST
9	1986	465415.2014	VAST
9	1987	1568119.664	VAST
9	1988	598651.7396	VAST
9	1989	652625.0365	VAST
9	1990	264916.3129	VAST
9	1991	1472439.242	VAST
9	1992	371772.3105	VAST
9	1993	622589.627	VAST
9	1994	181113.1082	VAST
9	1995	224211.0436	VAST
9	1996	90571.09125	VAST
9	1997	167655.1952	VAST
9	1998	374904.8005	VAST
9	1999	323436.8323	VAST
9	2000	931525.83	VAST
9	2001	847370.335	VAST
9	2002	528420.1312	VAST
9	2003	535674.8905	VAST
9	2004	326235.995	VAST
9	2005	344124.471	VAST
9	2006	207153.0717	VAST
9	2007	335525.7876	VAST
9	2008	351925.6064	VAST
9	2009	277789.7489	VAST
9	2010	336952.7924	VAST
9	2011	225424.745	VAST
9	2012	103041.8666	VAST
9	2013	79636.82228	VAST
9	2014	400540.1602	VAST
9	2015	350782.4173	VAST
9	2016	461772.9597	VAST
9	2017	1304755.827	VAST
9	2018	589384.2391	VAST
11	1982	13077.40799	VAST
11	1983	62233.7373	VAST
11	1984	21213.40882	VAST
11	1985	24826.99199	VAST
11	1986	34275.51757	VAST
11	1987	77917.52183	VAST
11	1988	133295.2989	VAST
11	1989	804740.0101	VAST
11	1990	76061.24471	VAST
11	1991	540147.3059	VAST
11	1992	250760.5267	VAST
11	1993	327334.1376	VAST
11	1994	203512.553	VAST
11	1995	271989.6023	VAST
11	1996	69054.42704	VAST
11	1997	61779.34278	VAST
11	1998	41911.71921	VAST
11	1999	111790.6076	VAST
11	2000	217069.8076	VAST
11	2001	236414.925	VAST
11	2002	509407.0819	VAST
11	2003	1412832.546	VAST
11	2004	207244.7703	VAST
11	2005	68438.14383	VAST
11	2006	85379.14019	VAST
11	2007	134258.1886	VAST
11	2008	114114.6429	VAST
11	2009	85679.11335	VAST
11	2010	193191.108	VAST
11	2011	187758.9988	VAST
11	2012	115591.471	VAST
11	2013	95450.24716	VAST
11	2014	56492.12343	VAST
11	2015	22589.69189	VAST
11	2016	63757.06611	VAST
11	2017	143735.5961	VAST
11	2018	174492.8225	VAST
10	1982	21406.39178	VAST
10	1983	84650.24142	VAST
10	1984	31122.19092	VAST
10	1985	71515.19019	VAST
10	1986	74359.95898	VAST
10	1987	252790.976	VAST
10	1988	1418830.219	VAST
10	1989	247766.8733	VAST
10	1990	496348.6064	VAST
10	1991	385339.7179	VAST
10	1992	700771.6293	VAST
10	1993	378143.4359	VAST
10	1994	334125.0735	VAST
10	1995	145274.7	VAST
10	1996	99479.07109	VAST
10	1997	81109.64939	VAST
10	1998	92687.78971	VAST
10	1999	302443.5787	VAST
10	2000	488688.4467	VAST
10	2001	609032.4217	VAST
10	2002	998314.3887	VAST
10	2003	700619.6234	VAST
10	2004	203826.7328	VAST
10	2005	251608.4195	VAST
10	2006	178641.2563	VAST
10	2007	151325.1288	VAST
10	2008	134658.2337	VAST
10	2009	132910.9851	VAST
10	2010	227616.1632	VAST
10	2011	221851.761	VAST
10	2012	144054.6421	VAST
10	2013	72030.85205	VAST
10	2014	143899.6977	VAST
10	2015	166133.28	VAST
10	2016	179058.7341	VAST
10	2017	375860.6928	VAST
10	2018	462132.8088	VAST
12	1982	7881.852122	VAST
12	1983	21972.29277	VAST
12	1984	7692.479878	VAST
12	1985	8264.64013	VAST
12	1986	15237.10622	VAST
12	1987	30089.82877	VAST
12	1988	78676.16509	VAST
12	1989	139354.7034	VAST
12	1990	733598.4738	VAST
12	1991	112799.6346	VAST
12	1992	318268.3802	VAST
12	1993	240507.874	VAST
12	1994	288232.1034	VAST
12	1995	112761.1517	VAST
12	1996	135173.8776	VAST
12	1997	68296.68388	VAST
12	1998	13985.90516	VAST
12	1999	49484.14464	VAST
12	2000	144048.3597	VAST
12	2001	190770.0061	VAST
12	2002	237958.5445	VAST
12	2003	637706.1725	VAST
12	2004	386618.5777	VAST
12	2005	144396.6861	VAST
12	2006	53235.19245	VAST
12	2007	117214.7011	VAST
12	2008	86907.6251	VAST
12	2009	28183.05362	VAST
12	2010	70380.33349	VAST
12	2011	145558.4545	VAST
12	2012	100837.476	VAST
12	2013	72943.47652	VAST
12	2014	78703.70407	VAST
12	2015	20804.66059	VAST
12	2016	13923.50533	VAST
12	2017	48906.18209	VAST
12	2018	27567.72076	VAST
13	1982	2726.751769	VAST
13	1983	8829.231256	VAST
13	1984	4876.924025	VAST
13	1985	9379.280894	VAST
13	1986	1458.941511	VAST
13	1987	5675.521515	VAST
13	1988	15244.64783	VAST
13	1989	121878.7815	VAST
13	1990	62503.88549	VAST
13	1991	336601.8607	VAST
13	1992	140003.3082	VAST
13	1993	193065.0028	VAST
13	1994	112121.7001	VAST
13	1995	209444.8909	VAST
13	1996	45586.2661	VAST
13	1997	117701.8629	VAST
13	1998	33592.3578	VAST
13	1999	20338.31131	VAST
13	2000	47113.81531	VAST
13	2001	75908.46079	VAST
13	2002	140698.9964	VAST
13	2003	252835.7468	VAST
13	2004	167567.0227	VAST
13	2005	238004.7325	VAST
13	2006	77015.89243	VAST
13	2007	54597.27494	VAST
13	2008	39616.33142	VAST
13	2009	29028.04387	VAST
13	2010	42175.38662	VAST
13	2011	62799.81219	VAST
13	2012	87205.6437	VAST
13	2013	68875.39328	VAST
13	2014	79945.90019	VAST
13	2015	38777.46639	VAST
13	2016	14733.61986	VAST
13	2017	7536.129341	VAST
13	2018	4672.557481	VAST
15	1982	1135.163859	VAST
15	1983	3493.98927	VAST
15	1984	3028.387998	VAST
15	1985	599.3096467	VAST
15	1986	1757.034403	VAST
15	1987	2394.386941	VAST
15	1988	10075.89306	VAST
15	1989	92903.3119	VAST
15	1990	66791.4224	VAST
15	1991	51237.61876	VAST
15	1992	88759.21523	VAST
15	1993	130351.1115	VAST
15	1994	184730.1134	VAST
15	1995	129878.7011	VAST
15	1996	120590.357	VAST
15	1997	136587.4254	VAST
15	1998	86170.93838	VAST
15	1999	109409.024	VAST
15	2000	101591.5415	VAST
15	2001	77561.65069	VAST
15	2002	53769.74068	VAST
15	2003	104754.2101	VAST
15	2004	35616.49907	VAST
15	2005	107063.2734	VAST
15	2006	105124.24	VAST
15	2007	132236.6894	VAST
15	2008	143226.5941	VAST
15	2009	65591.9794	VAST
15	2010	56273.41302	VAST
15	2011	86340.21199	VAST
15	2012	58682.90782	VAST
15	2013	54458.34644	VAST
15	2014	109249.0916	VAST
15	2015	49074.41357	VAST
15	2016	9078.290742	VAST
15	2017	14531.16602	VAST
15	2018	9381.592351	VAST
14	1982	1157.128004	VAST
14	1983	7422.28986	VAST
14	1984	5821.977779	VAST
14	1985	809.3349257	VAST
14	1986	4508.086278	VAST
14	1987	3016.62339	VAST
14	1988	21386.06529	VAST
14	1989	60009.34048	VAST
14	1990	47512.80755	VAST
14	1991	49662.3922	VAST
14	1992	108907.115	VAST
14	1993	104481.9935	VAST
14	1994	108155.5541	VAST
14	1995	84355.21218	VAST
14	1996	80871.81823	VAST
14	1997	36131.94207	VAST
14	1998	33156.72286	VAST
14	1999	30451.76198	VAST
14	2000	21521.95372	VAST
14	2001	26683.93644	VAST
14	2002	44137.59777	VAST
14	2003	110737.0614	VAST
14	2004	42942.71528	VAST
14	2005	96142.32083	VAST
14	2006	103973.703	VAST
14	2007	68126.72638	VAST
14	2008	22022.4798	VAST
14	2009	15270.30189	VAST
14	2010	24837.02771	VAST
14	2011	29680.3298	VAST
14	2012	30240.5413	VAST
14	2013	39055.93864	VAST
14	2014	38140.9641	VAST
14	2015	22958.38416	VAST
14	2016	4280.753476	VAST
14	2017	4371.288166	VAST
14	2018	707.1420992	VAST
