1113.704709	2844.276083	3486.043515	4588.0215	1549.638861	196.8071426	122.9010906	57.61865106	36.16256589	21.81417063	13.16959638	7.78481326	2.586224834	0.933120122	0.36078229	#	14,106	1982	16	1	2	1	18	33	33	33	33	33	33																										
1622.0448	691.5586777	1752.585597	3178.914156	6893.612223	2091.121261	372.3831989	195.0436755	86.46917783	75.7872345	56.7842139	19.77038725	7.509005563	6.81106938	2.179288408	#	21,162	1983	2	8	5	5	1	9	28	28	30	28	27																										
359.8117949	378.138684	533.6214445	1450.813952	1893.996594	4569.164723	883.1473814	189.9157113	87.30810489	29.65264504	20.17560262	7.482576735	4.841883304	5.42280123	2.879808914	#	11,374	1984	30	20	14	12	11	4	15	29	29	32	32																										
5802.421017	896.9038933	3937.056096	1266.840022	4154.804123	2471.668475	1604.502735	304.2294031	71.47232431	61.53791544	20.20388388	6.496240651	7.022724419	0.896562335	0.303907086	#	21,312	1985	1	4	1	16	6	7	7	25	32	31	31																										
2284.215163	414.8234464	607.887298	2154.736643	1221.930877	1916.892079	1674.952426	1532.2042	481.1523692	71.63710977	32.70841413	14.3986617	0.930079071	3.005635432	0	#	12,818	1986	5	10	16	9	23	10	8	3	10	30	30																										
345.5092919	636.3768538	1019.419824	813.9643255	5117.509123	1435.459932	1369.473693	534.2483329	1633.106813	242.7487623	67.9958306	24.34738077	4.418457248	2.069312292	1.422775738	#	13,298	1987	32	7	6	21	4	17	11	16	1	15	25																										
910.1173151	581.3701885	2190.462095	4163.414393	1707.115723	5316.214795	1535.839152	1099.155616	619.2065342	1422.565486	130.3335649	77.05552576	13.92265074	21.2718089	7.89054372	#	20,548	1988	14	6	4	3	16	3	9	5	7	1	15																										
699.4626244	352.3439803	746.0632113	2483.280609	5356.327608	1007.942758	3632.818118	547.5646469	596.4413535	233.9954562	705.5354454	118.1188171	101.0097821	51.51537678	64.5549782	#	16,808	1989	22	21	11	7	3	24	1	14	6	14	2																										
1485.359231	383.0826363	118.7031178	932.5380619	1991.455561	6591.849499	1340.192396	3237.484479	324.6181754	548.9188668	81.53612409	765.1753401	65.17745006	47.23852535	69.26131056	#	18,161	1990	7	19	31	20	14	2	13	1	21	6	23																										
2516.481769	789.2347804	279.7599022	98.57910996	700.7951915	698.8304184	2287.264528	858.1529078	1767.347607	445.8693661	571.8959252	114.4591911	339.5423638	46.13184527	35.4426673	#	11,664	1991	3	5	21	33	28	30	5	9	2	9	3																										
1206.924221	235.1833324	1675.988814	276.7527521	440.8995618	887.4435724	891.1120737	1299.864773	560.8711584	1082.189328	365.8574295	392.6766768	162.5088024	125.238756	107.8816187	#	9,962	1992	15	13	3	26	32	28	23	7	11	4	7																										
1954.152611	266.8290136	1090.350261	4454.390682	940.9022037	724.2614479	352.9089154	439.1924038	561.5346965	339.6901043	283.8616396	207.8849739	155.9575803	82.01005639	90.51141195	#	13,126	1993	4	15	8	2	26	29	29	17	5	8	5																										
1106.336353	433.8353867	502.9742632	1773.100605	4921.071998	826.9471923	209.7186546	161.4499666	166.7947185	323.9621993	172.3428726	242.5146413	86.86677482	79.9478181	121.9343725	#	11,732	1994	13	9	12	13	5	27	32	30	25	10	11																										
685.0787411	56.86088728	309.7928765	2565.86777	3093.085134	4760.101996	2039.781113	571.5129077	323.6760925	166.2502383	338.5181761	131.9407067	234.0893488	79.36586313	95.79401405	#	15,651	1995	10	25	19	8	9	5	6	18	22	19	6																										
1176.475453	312.3518218	158.1363089	377.0053583	1220.536533	1657.755884	1318.619933	408.3472157	86.81863815	87.97020974	53.96077073	99.45190797	33.20324463	56.46569929	80.45606512	#	7,993	1996	12	17	28	27	24	14	10	19	28	25	22																										
2445.032158	335.8380128	190.6858651	262.250292	3332.479092	1461.899316	855.2655552	950.7114351	143.6644402	69.84586566	49.65803559	52.00724447	85.93824291	25.1894742	90.32658822	#	11,248	1997	6	18	27	30	7	15	17	6	26	26	26																										
646.8340455	610.5335539	368.1930952	286.9587539	509.8539353	2796.202077	644.8827426	384.6502334	292.6426345	73.18120623	33.12480072	11.21675835	25.53415116	31.11350294	71.90595561	#	7,054	1998	26	11	20	31	31	6	22	20	18	27	29																										
821.0040103	932.8503506	1112.447885	1234.814427	672.9699705	1086.900264	2724.534021	710.1656063	341.7048774	309.6015282	118.6105675	45.66249749	17.56904359	23.64217154	81.24610407	#	10,275	1999	21	3	9	18	29	22	3	10	17	11	18																										
953.5596467	342.1068315	552.5632999	2115.496193	2023.357891	976.9695589	759.7000366	2417.071767	942.9575408	486.0463032	202.7266958	133.5096415	41.28427729	17.5564456	72.64883629	#	12,493	2000	18	14	15	10	12	25	20	2	3	7	10																										
2055.502781	1162.049134	546.0994634	515.7195603	1328.115172	1374.240694	588.1356891	298.0705705	871.0863715	621.2288132	239.3619314	190.7603232	74.7411922	26.48506081	73.49133665	#	9,976	2001	11	2	13	22	19	16	24	26	4	5	8																										
605.5830662	344.4958601	1223.268007	1658.322257	1359.083778	1552.72678	797.0282486	370.8860041	486.8389969	919.3591417	455.0580367	206.6676786	123.8617414	38.07377533	44.69315355	#	10,373	2002	24	16	10	15	22	13	18	22	9	2	4																										
250.102547	91.7051069	1081.913248	1745.080483	1855.999936	1795.320179	2519.834598	1543.71882	747.1464009	955.0477517	2009.827207	870.4473902	309.2608004	187.5122788	115.8796116	#	16,085	2003	27	26	7	11	10	11	4	4	8	3	1																										
308.1829735	227.3340663	174.6961814	1436.158979	1419.183446	1058.353269	613.4904718	655.894994	309.2052779	193.170977	190.29103	345.6337046	145.7896411	35.18750247	27.1154152	#	7,150	2004	33	22	29	14	20	23	25	12	20	17	12																										
290.6844694	101.6333995	282.33083	1394.472501	3193.312986	1990.762421	968.1887714	423.4407488	312.9541087	229.7977282	59.76702719	124.9987216	202.2606698	78.75663034	79.80111124	#	10,794	2005	31	27	25	17	8	8	14	15	12	12	24																										
808.3758578	44.37500052	60.94185136	394.4123123	1061.274114	1344.28671	849.3565223	402.3894056	222.4545583	184.5082963	87.6171523	53.3879292	74.98273818	103.0549383	99.60611877	#	5,934	2006	23	32	32	25	25	18	19	23	24	18	21																										
2206.193024	38.22436137	117.6348721	463.7479292	1555.856346	1823.797438	1307.287972	940.4365876	391.0025603	171.2763701	159.2932926	137.3668295	59.01570141	74.76399216	140.4173992	#	9,716	2007	8	33	30	24	17	12	12	8	15	21	14																										
462.5861419	87.84155511	77.17091751	163.200755	543.954755	1161.969712	919.611149	639.1472088	403.4336657	156.7252405	128.2810634	97.56822428	43.1176792	23.07236034	145.059298	#	5,165	2008	28	30	33	32	30	21	16	13	14	23	17																										
764.5524647	232.5405889	501.5220875	483.6368004	247.4649213	376.915679	534.4906028	423.3154997	309.1035887	146.7479988	97.68369608	32.03509392	31.60371124	16.87793574	66.54756672	#	4,448	2009	25	24	17	23	33	31	26	21	19	22	19																										
442.2661202	120.7085834	248.3010346	3122.799528	1364.048554	410.525335	339.6238499	357.1098645	378.1222901	256.0634814	220.4927897	80.3467929	47.22282764	27.90131332	59.15639419	#	7,544	2010	29	28	23	6	21	32	30	24	13	13	9																										
1018.061169	112.9284052	280.710024	385.6199779	1969.192626	945.6645436	266.6700052	145.1887342	223.9777359	220.408025	181.4915987	136.0149852	55.97264825	26.52938447	68.81488673	#	6,111	2011	20	31	24	28	13	26	31	32	23	16	13																										
1147.714729	216.9275984	416.9624908	3301.171353	828.1633742	1319.392877	424.6197036	161.5656638	109.5939751	147.4153541	119.4839531	104.4793341	86.82951345	29.19048991	53.44759324	#	8,504	2012	19	23	18	4	27	19	27	31	27	20	16																										
1095.112998	93.13160873	205.8300112	992.9117459	5164.509354	1187.762678	717.6687098	244.8533418	81.49863735	72.23311817	95.51559223	71.07870785	66.3993426	35.92678242	48.60108145	#	10,289	2012	17	29	26	19	2	20	21	27	31	29	20																										
1848.324524	629.0989337	283.3795338	369.4865566	1764.155472	6503.771687	3358.343776	682.7331258	366.8216104	128.9972328	49.31959676	67.92481939	68.33747679	32.6303341	83.23079038	#	16,288	2012	9	12	22	29	15	1	2	11	16	24	28																										
1025.629564	794.0671346	2377.330262	607.3689449	1254.46392	2318.943857	4459.171816	1285.649544	294.4798849	140.5462319	16.21016651	14.73410362	27.36910829	16.21910385	34.74357331																																								
677.9094214	429.9705523	614.8152808	3668.426916	1426.637396	906.7926258	1231.252748	1763.165977	343.3068506	132.923038	42.20294258	9.474794246	9.75301505	2.791699226	3.801969966																																								
544.5618583	280.314598	451.7676144	2461.514986	2916.545376	1252.562786	850.7856774	753.124109	882.4229773	250.9653996	86.83082147	31.0379458	3.306936585	1.217818743	4.563964236																																								
977.9839536	456.1634939	194.7154772	394.0453117	2740.999581	1487.162749	491.2583082	359.0398677	362.3059598	279.0793801	87.31183108	13.83935275	1.856981197	0	4.828847555																																								
