7
6
 2.60197 0.417 0.372 0.361 0.296 0.2733 0.125
 -0.300856 -0.741664 -1.26797 -1.78614 -2.15198 -2.39595 -2.59939
 -0.00703968 -0.956592 -1.48909 -2.09122 -2.26005 -2.31812 -2.45321
 0.372276 -1.35066 -1.76076 -2.22163 -2.31726 -2.28107 -2.34758
 0.505535 -1.19926 -1.68812 -2.39543 -2.40752 -2.5904 -2.58726
 0.368722 -1.59025 -1.79548 -2.67422 -2.61358 -2.41092 -2.70204
 0.308248 -1.78052 -2.23264 -2.85605 -3.39375 -3.05209 -2.94219
 0.180676 -1.7586 -1.80222 -3.09402 -2.2618 -3.43215 -3.06417
