#styr																																																											
1964																																																											
#styr_bts																																																											
1982																																																											
#styr_ats																																																											
1994																																																											
#endyr																																																											
2023																																																											
#recage																																																											
1																																																											
#nages																																																											
15																																																											
#p_mature																																																											
0	0.008	0.289	0.641	0.842	0.901	0.947	0.963	0.97	1	1	1	1	1	1																																													
#ew_ind																																																											
8	7	2	9	7	7	7	7	8	6	5	7	8	8	7	5	4	6	7	8	3	7	7	7	7	8	4	6	2	1	6	6	4	4	10	4	4	4	4	4	4	4	4	4	4	4	4	4	4	4	4	4	4	4	4	4	4	4	4	4
5	6	6	8	5	8	5	4	8	4	5	5	6	5	8	11	6	7	9	10	4	4	6	5	7	9	5	7	3	5	3	5	4	6	11	4	4	4	4	4	4	4	4	4	4	4	4	4	4	4	4	4	4	4	4	4	4	4	4	4
#wt_fsh																																																											
0.0066	0.17	0.303	0.447	0.589	0.722	0.84	0.942	1.029	1.102	1.163	1.212	1.253	1.286	1.312																																													
0.0066	0.17	0.303	0.447	0.589	0.722	0.84	0.942	1.029	1.102	1.163	1.212	1.253	1.286	1.312																																													
0.0066	0.17	0.303	0.447	0.589	0.722	0.84	0.942	1.029	1.102	1.163	1.212	1.253	1.286	1.312																																													
0.0066	0.17	0.303	0.447	0.589	0.722	0.84	0.942	1.029	1.102	1.163	1.212	1.253	1.286	1.312																																													
0.0066	0.17	0.303	0.447	0.589	0.722	0.84	0.942	1.029	1.102	1.163	1.212	1.253	1.286	1.312																																													
0.0066	0.17	0.303	0.447	0.589	0.722	0.84	0.942	1.029	1.102	1.163	1.212	1.253	1.286	1.312																																													
0.0066	0.17	0.303	0.447	0.589	0.722	0.84	0.942	1.029	1.102	1.163	1.212	1.253	1.286	1.312																																													
0.0066	0.17	0.303	0.447	0.589	0.722	0.84	0.942	1.029	1.102	1.163	1.212	1.253	1.286	1.312																																													
0.0066	0.17	0.303	0.447	0.589	0.722	0.84	0.942	1.029	1.102	1.163	1.212	1.253	1.286	1.312																																													
0.0066	0.17	0.303	0.447	0.589	0.722	0.84	0.942	1.029	1.102	1.163	1.212	1.253	1.286	1.312																																													
0.0066	0.17	0.303	0.447	0.589	0.722	0.84	0.942	1.029	1.102	1.163	1.212	1.253	1.286	1.312																																													
0.0066	0.17	0.303	0.447	0.589	0.722	0.84	0.942	1.029	1.102	1.163	1.212	1.253	1.286	1.312																																													
0.0066	0.17	0.303	0.447	0.589	0.722	0.84	0.942	1.029	1.102	1.163	1.212	1.253	1.286	1.312																																													
0.0066	0.17	0.303	0.447	0.589	0.722	0.84	0.942	1.029	1.102	1.163	1.212	1.253	1.286	1.312																																													
0.0066	0.17	0.303	0.447	0.589	0.722	0.84	0.942	1.029	1.102	1.163	1.212	1.253	1.286	1.312																																													
0.0066	0.17	0.303	0.447	0.589	0.722	0.84	0.942	1.029	1.102	1.163	1.212	1.253	1.286	1.312																																													
0.0066	0.17	0.303	0.447	0.589	0.722	0.84	0.942	1.029	1.102	1.163	1.212	1.253	1.286	1.312																																													
0.0066	0.17	0.303	0.447	0.589	0.722	0.84	0.942	1.029	1.102	1.163	1.212	1.253	1.286	1.312																																													
0.0066	0.17	0.303	0.447	0.589	0.722	0.84	0.942	1.029	1.102	1.163	1.212	1.253	1.286	1.312																																													
0.0066	0.17	0.303	0.447	0.589	0.722	0.84	0.942	1.029	1.102	1.163	1.212	1.253	1.286	1.312																																													
0.0066	0.17	0.303	0.447	0.589	0.722	0.84	0.942	1.029	1.102	1.163	1.212	1.253	1.286	1.312																																													
0.0066	0.17	0.303	0.447	0.589	0.722	0.84	0.942	1.029	1.102	1.163	1.212	1.253	1.286	1.312																																													
0.0066	0.17	0.303	0.447	0.589	0.722	0.84	0.942	1.029	1.102	1.163	1.212	1.253	1.286	1.312																																													
0.0066	0.17	0.303	0.447	0.589	0.722	0.84	0.942	1.029	1.102	1.163	1.212	1.253	1.286	1.312																																													
0.0066	0.17	0.303	0.447	0.589	0.722	0.84	0.942	1.029	1.102	1.163	1.212	1.253	1.286	1.312																																													
0.0066	0.17	0.303	0.447	0.589	0.722	0.84	0.942	1.029	1.102	1.163	1.212	1.253	1.286	1.312																																													
0.0066	0.17	0.303	0.447	0.589	0.722	0.84	0.942	1.029	1.102	1.163	1.212	1.253	1.286	1.312																																													
0.0066	0.149613	0.28829315	0.485167675	0.605841496	0.729371624	0.844096965	0.882693471	1.016319154	1.124358417	1.141080445	1.231533256	1.22187122	1.2947968	1.251612802																																													
0.0066	0.179094	0.39680313	0.464697432	0.651190101	0.713675625	0.818542598	0.985786535	1.030419547	1.199785801	1.236505467	1.26924022	1.193139554	1.35742978	1.4313865																																													
0.0066	0.33131	0.49472775	0.612071454	0.651817369	0.774858018	0.934475727	1.062411234	1.19773405	1.24041873	1.42333539	1.53983216	1.57572931	1.60870209	1.50768835																																													
0.0066	0.233091	0.400050503	0.651626422	0.732390096	0.745802836	0.7269725	1.07004583	1.37989415	1.32486267	1.335020116	1.40900715	1.397040133	1.27783839	1.36979349																																													
0.0066	0.15348	0.385611534	0.505264489	0.728522112	0.843244857	0.847295609	0.969591893	1.231843043	1.296301595	1.4006777	1.40195111	1.3922331	1.094947991	1.30550716																																													
0.0066	0.292889	0.335606389	0.445074427	0.684364427	0.796765028	0.94837944	0.955519142	1.02546574	1.099697907	1.418002059	1.48923278	1.52059129	1.70190128	1.60196253																																													
0.0066	0.187184	0.32671751	0.476869951	0.559045521	0.747564413	0.888807785	1.074088782	1.09517763	1.235658204	1.286725055	1.39973464	1.56127113	1.36341636	1.337754147																																													
0.0066	0.190536	0.369383672	0.589302496	0.618376139	0.621628031	0.779568341	1.040015819	1.1692864	1.27585814	1.316131244	1.4277181	1.44836347	1.43697434	1.528370777																																													
0.0066	0.187805	0.40445582	0.507015926	0.643391663	0.702294283	0.728631916	0.893662232	1.037729163	1.25272383	1.223967714	1.42241993	0.994869796	0.61644297	1.23864456																																													
0.0066	0.217708	0.352966915	0.525656627	0.62991625	0.731738432	0.779707642	0.806637556	0.967905069	1.014842882	1.25287595	1.286417827	1.10813708	1.0838821	1.35876186																																													
0.0065	0.226725	0.32898713	0.504776539	0.667911679	0.785503545	0.963814278	0.985640409	1.061105349	1.13286349	1.31951532	1.41110787	1.5682545	1.47239219	1.49492148																																													
0.0067	0.231265	0.384942633	0.509822391	0.667342923	0.798843998	0.910851775	1.025740532	1.11296386	1.10152103	1.28351659	1.44217266	1.57874939	1.289712209	1.56780282																																													
0.0065	0.27607	0.489241213	0.548784202	0.651561244	0.768839009	0.863003577	0.95278432	1.085649709	1.20152919	1.2115767	1.19445331	1.374063742	1.354663004	1.70944157																																													
0.0067	0.134785	0.408485451	0.583890898	0.641247213	0.759872306	0.887631525	0.924376611	1.035504964	1.176251988	1.126812073	1.166778953	1.309497257	1.253624205	1.184688376																																													
0.0066	0.282639	0.351069873	0.508227212	0.641091205	0.741709813	0.880134021	0.959955416	1.061691321	1.074204224	1.216280304	1.2679849	1.21748792	1.075504804	1.342282396																																													
0.0066	0.174065	0.30552192	0.448377014	0.606399375	0.755330685	0.857665365	0.958631335	1.060309814	1.11661672	1.190103027	1.218200954	1.279676942	1.384136684	1.41707779																																													
0.006633333	0.154728	0.349006047	0.507433122	0.642345264	0.782934356	0.960533573	1.100323808	1.1921783	1.26649122	1.32689268	1.487725809	1.443787904	1.72854413	1.51178103																																													
0.006611111	0.2076326	0.328222145	0.51871347	0.652689432	0.773936749	0.899905378	1.05422698	1.1165659	1.2888614	1.45242062	1.52770456	1.56042986	1.87355184	1.64468809																																													
0.006604444	0.135797	0.339606441	0.525130076	0.70476811	0.87862654	0.999417089	1.13049152	1.39828687	1.4792252	1.55788074	1.57615198	1.80693852	2.02570229	2.22207877																																													
0.0497677	0.174856	0.380772971	0.489989276	0.667530349	0.909046943	1.114264972	1.27685588	1.37360813	1.58575649	1.6790192	1.92345261	1.94790431	2.07703881	2.27116122																																													
0.030688207	0.204737208	0.290306334	0.508276718	0.66555235	0.809441376	0.971459342	1.22376812	1.3421732	1.51301507	1.58174035	1.62333791	2.07956946	1.70723085	2.24223663																																													
0.029020117	0.141972725	0.270608292	0.4094757	0.643213487	0.824137923	0.973919869	1.169735123	1.30281785	1.50945146	1.59886882	1.63667487	1.68001259	2.03115156	2.06213317																																													
0.0949551	0.1439405	0.289565055	0.442138315	0.564462021	0.780571661	1.13010764	1.28147198	1.43958081	1.68472541	1.82735188	1.78573408	1.93390415	2.15908299	2.18218255																																													
0.014342609	0.19287	0.318821317	0.454131676	0.616878649	0.751255874	0.893856306	1.1563452	1.30671643	1.386354753	1.66919794	1.77334777	1.70424223	1.62338903	2.21523384																																													
0.025182262	0.181323803	0.403995291	0.462211481	0.57057962	0.690256019	0.786073755	0.886708131	1.140720555	1.195296148	1.31540647	1.67091711	1.38920291	1.55916182	2.60007725																																													
0.025182262	0.181323803	0.408558886	0.531116861	0.557025009	0.645971991	0.731820729	0.799735963	0.940504639	1.043410635	1.177987108	0.78776004	0.91117821	1.683923327	1.42947008																																													
0.025182262	0.191119721	0.408307359	0.498515995	0.65028662	0.693721134	0.751851661	0.827407009	0.893922017	0.911154686	1.027503913	0.961318351	0.312212337	0.701147853	0.68767494																																													
0.025182262	0.186221762	0.377245193	0.466752468	0.573181866	0.73369985	0.808813471	0.853169951	0.906350768	1.038827227	0.935593796	1.110071766	0.56831773	1.454110485	1.1296406																																													
0.025182262	0.186221762	0.421911581	0.565246646	0.643225276	0.759397562	0.878483343	0.962275785	1.006798006	1.064675052	1.034985041	1.181891891	0.754172472	1.454110485	1.592853037																																													
0.025182262	0.186221762	0.387279	0.521579	0.631983	0.715572	0.799211	0.955081	1.005954	1.040258	1.189235	1.072451	1.208377	0.960739	1.56049																																													
0.025182262	0.186221762	0.393063	0.479856	0.573715	0.689782	0.756873	0.841316	1.010658	1.129811	1.159749	1.26933	1.2145	1.40474	1.56049																																													
0.025182262	0.186221762	0.440141	0.50607	0.573913	0.724034	0.837484	0.883259	0.983697	0.972326	1.271469	1.044234	1.234535	0.910308	1.56049																																													
0.025182262	0.186221762	0.393757	0.548346	0.626292	0.731937	0.841516	0.910812	0.997666	1.125908	1.141965	1.171615	1.255308	1.332588	1.472497																																													
#wt_ssb																																																											
0.084881666	0.195868126	0.313762788	0.459295544	0.588623602	0.697818331	0.796798739	0.914861263	1.056957011	1.147231476	1.290106451	1.387917889	1.43166676	1.407002719	1.522866931																																													
0.084881666	0.195868126	0.313762788	0.459295544	0.588623602	0.697818331	0.796798739	0.914861263	1.056957011	1.147231476	1.290106451	1.387917889	1.43166676	1.407002719	1.522866931																																													
0.084881666	0.195868126	0.313762788	0.459295544	0.588623602	0.697818331	0.796798739	0.914861263	1.056957011	1.147231476	1.290106451	1.387917889	1.43166676	1.407002719	1.522866931																																													
0.084881666	0.195868126	0.313762788	0.459295544	0.588623602	0.697818331	0.796798739	0.914861263	1.056957011	1.147231476	1.290106451	1.387917889	1.43166676	1.407002719	1.522866931																																													
0.084881666	0.195868126	0.313762788	0.459295544	0.588623602	0.697818331	0.796798739	0.914861263	1.056957011	1.147231476	1.290106451	1.387917889	1.43166676	1.407002719	1.522866931																																													
0.084881666	0.195868126	0.313762788	0.459295544	0.588623602	0.697818331	0.796798739	0.914861263	1.056957011	1.147231476	1.290106451	1.387917889	1.43166676	1.407002719	1.522866931																																													
0.084881666	0.195868126	0.311072	0.427458	0.55009	0.674562	0.797415	0.916081	1.028772	1.134344	1.232157	1.321963	1.403799	1.477905	1.544656																																													
0.084881666	0.195868126	0.307228	0.452313	0.576279	0.701144	0.82365	0.941422	1.052838	1.156889	1.253046	1.341142	1.421276	1.49373	1.558912																																													
0.084881666	0.195868126	0.321568	0.433307	0.585158	0.711117	0.834228	0.952199	1.063499	1.167202	1.262849	1.350331	1.429793	1.501553	1.566041																																													
0.084881666	0.195868126	0.313585	0.464989	0.584425	0.738544	0.862507	0.980459	1.091068	1.193594	1.287737	1.373516	1.451177	1.521113	1.58381																																													
0.084881666	0.195868126	0.329852	0.457189	0.6163	0.738007	0.890127	1.008925	1.119505	1.221329	1.314283	1.398545	1.47449	1.542613	1.603475																																													
0.084881666	0.195868126	0.298991	0.579313	0.720039	0.883094	1.001329	1.144476	1.250469	1.345787	1.430982	1.506773	1.573952	1.633328	1.685689																																													
0.084881666	0.195868126	0.332728	0.441983	0.729979	0.872966	1.034031	1.147123	1.28293	1.380174	1.465961	1.541319	1.607317	1.664999	1.71534																																													
0.084881666	0.195868126	0.294369	0.63373	0.759139	1.051895	1.190692	1.340931	1.438571	1.555963	1.633143	1.698221	1.752966	1.798972	1.837634																																													
0.084881666	0.195868126	0.324975	0.425699	0.772108	0.899593	1.190521	1.324595	1.468092	1.557697	1.666336	1.73448	1.790565	1.836587	1.874294																																													
0.084881666	0.195868126	0.32522	0.483367	0.592591	0.941505	1.066786	1.352017	1.477959	1.611767	1.690814	1.788555	1.845853	1.891417	1.92743																																													
0.084881666	0.195868126	0.309436	0.567516	0.738667	0.851723	1.197264	1.31383	1.586623	1.697742	1.815398	1.877776	1.958924	2.000129	2.030383																																													
0.084881666	0.195868126	0.29829	0.499527	0.767809	0.941965	1.052375	1.391079	1.497887	1.759051	1.857499	1.962077	2.011437	2.079959	2.109153																																													
0.084881666	0.195868126	0.28816	0.424556	0.632569	0.902848	1.075247	1.181115	1.513338	1.612421	1.865168	1.954929	2.05086	2.091833	2.152377																																													
0.084881666	0.195868126	0.338035	0.465312	0.611216	0.82203	1.089842	1.25587	1.352645	1.674029	1.761304	2.001863	2.079492	2.163657	2.193437																																													
0.084881666	0.195868126	0.333252	0.4394	0.572117	0.719624	0.929027	1.193194	1.354018	1.444591	1.759219	1.839519	2.073137	2.144034	2.221794																																													
0.084881666	0.195868126	0.369905	0.47498	0.588734	0.723692	0.869227	1.073532	1.330424	1.482577	1.563703	1.868579	1.939175	2.163378	2.22532																																													
0.084881666	0.195868126	0.304231	0.439473	0.548282	0.663136	0.797126	0.940158	1.140893	1.393528	1.541044	1.617383	1.917496	1.98347	2.203279																																													
0.084881666	0.195868126	0.349399	0.40203	0.542521	0.652877	0.76637	0.896842	1.034853	1.229605	1.475721	1.616508	1.68615	1.979767	2.039562																																													
0.084881666	0.195868126	0.321568	0.430801	0.487801	0.62958	0.738802	0.849367	0.97566	1.108692	1.298017	1.538533	1.673746	1.737981	2.026454																																													
0.084881666	0.195868126	0.275451	0.412535	0.52665	0.585088	0.725601	0.831551	0.937447	1.058175	1.185143	1.368209	1.602495	1.731666	1.790154																																													
0.084881666	0.195868126	0.28947	0.422648	0.567631	0.684074	0.740464	0.875682	0.974076	1.070966	1.181882	1.298723	1.47171	1.696219	1.816089																																													
0.084881666	0.195868126	0.303474	0.455308	0.597385	0.744991	0.859126	0.909551	1.036256	1.124504	1.21034	1.309847	1.415331	1.577302	1.791333																																													
0.084881666	0.195868126	0.340274	0.393124	0.549769	0.693264	0.839622	0.950532	0.996355	1.117575	1.199848	1.279516	1.372883	1.472413	1.62872																																													
0.084881666	0.195868126	0.392955	0.516439	0.578744	0.738174	0.879218	1.019239	1.121106	1.156151	1.265629	1.335782	1.403385	1.485052	1.57345																																													
0.084881666	0.195868126	0.361138	0.534251	0.665318	0.729857	0.887321	1.023282	1.156051	1.249273	1.2749	1.374656	1.435133	1.493352	1.566091																																													
0.084881666	0.195868126	0.316379	0.471433	0.650466	0.783277	0.846281	0.999777	1.130077	1.256098	1.341968	1.360007	1.45221	1.505361	1.556611																																													
0.084881666	0.195868126	0.333901	0.390836	0.549886	0.730096	0.861871	0.922196	1.071871	1.197615	1.318673	1.399421	1.41236	1.499618	1.548064																																													
0.084881666	0.195868126	0.354105	0.444891	0.507783	0.668588	0.847253	0.975036	1.029664	1.172548	1.290894	1.404315	1.477463	1.48303	1.563275																																													
0.084881666	0.195868126	0.309331	0.400946	0.494246	0.557878	0.718031	0.895011	1.020389	1.072152	1.211914	1.327037	1.437251	1.507287	1.509895																																													
0.084881666	0.195868126	0.329153	0.431508	0.529679	0.624911	0.686843	0.842601	1.01331	1.131213	1.174832	1.306188	1.412945	1.515044	1.57736																																													
0.084881666	0.195868126	0.300434	0.408751	0.515378	0.614808	0.708932	0.768001	0.919673	1.085512	1.19811	1.236252	1.362158	1.463627	1.560697																																													
0.084881666	0.195868126	0.337797	0.453002	0.569508	0.678547	0.775854	0.86449	0.915727	1.058065	1.213734	1.315836	1.34353	1.459302	1.551131																																													
0.084881666	0.195868126	0.331896	0.44944	0.570636	0.688907	0.796393	0.889684	0.972589	1.016996	1.151892	1.29988	1.394336	1.414615	1.523333																																													
0.084881666	0.195868126	0.345542	0.441977	0.565429	0.688366	0.805105	0.908631	0.996271	1.072442	1.109511	1.236834	1.377283	1.464428	1.477751																																													
0.084881666	0.195868126	0.333214	0.498176	0.602803	0.728668	0.849481	0.96073	1.056421	1.134723	1.200719	1.227287	1.344158	1.474469	1.551969																																													
0.084881666	0.195868126	0.277321	0.403093	0.571805	0.677536	0.802429	0.920728	1.02839	1.119806	1.19345	1.254639	1.276422	1.388651	1.514547																																													
0.084881666	0.195868126	0.307204	0.443658	0.578357	0.749699	0.853116	0.972025	1.081786	1.179272	1.2596	1.3218	1.371598	1.382333	1.484051																																													
0.084881666	0.195868126	0.306246	0.492451	0.638847	0.776474	0.945239	1.041992	1.151392	1.24982	1.334957	1.402541	1.452055	1.489549	1.488579																																													
0.084881666	0.195868126	0.305784	0.457111	0.651412	0.800194	0.935722	1.09906	1.188069	1.288239	1.376611	1.451368	1.50862	1.548115	1.576076																																													
0.084881666	0.195868126	0.351046	0.532902	0.696418	0.894309	1.03993	1.167289	1.318968	1.394083	1.479114	1.55186	1.611064	1.653231	1.678375																																													
0.084881666	0.195868126	0.269194	0.446664	0.633652	0.79868	0.995241	1.137422	1.259873	1.405702	1.474443	1.552896	1.619094	1.671947	1.708072																																													
0.084881666	0.195868126	0.246138	0.431514	0.617696	0.80725	0.970019	1.160741	1.29459	1.40711	1.54212	1.599693	1.66703	1.722446	1.765044																																													
0.084881666	0.195868126	0.277195	0.394309	0.587637	0.776162	0.963654	1.121093	1.30421	1.428994	1.531637	1.656452	1.703878	1.761374	1.807428																																													
0.084881666	0.195868126	0.344036	0.437337	0.563045	0.758905	0.945201	1.126933	1.276152	1.449471	1.563581	1.655206	1.769055	1.805845	1.853221																																													
0.084881666	0.195868126	0.410493	0.488791	0.58986	0.717857	0.911703	1.092792	1.267094	1.407456	1.571127	1.675277	1.756989	1.861224	1.888867																																													
0.084881666	0.195868126	0.373447	0.448184	0.528505	0.63017	0.757642	0.950132	1.129287	1.301282	1.439133	1.60021	1.701779	1.780988	1.882841																																													
0.084881666	0.195868126	0.29962	0.434905	0.512939	0.594232	0.695042	0.820304	1.009639	1.185034	1.352933	1.486555	1.643423	1.74091	1.816236																																													
0.084881666	0.195868126	0.335214	0.417055	0.558643	0.638534	0.718192	0.814778	0.934012	1.116163	1.283729	1.443549	1.569129	1.718197	1.808264																																													
0.084881666	0.195868126	0.357598	0.430726	0.517694	0.660791	0.739354	0.815576	0.907259	1.02065	1.196434	1.357429	1.510708	1.629944	1.772977																																													
0.084881666	0.195868126	0.433823	0.546216	0.629467	0.719417	0.85989	0.931668	0.998208	1.078352	1.179169	1.341976	1.490055	1.630805	1.738123																																													
0.084881666	0.195868126	0.374715	0.48507	0.600214	0.684275	0.773512	0.912141	0.981288	1.044693	1.121421	1.218713	1.37801	1.522685	1.660197																																													
0.084881666	0.195868126	0.302947	0.426239	0.539358	0.655317	0.738661	0.826045	0.962029	1.028024	1.087995	1.161178	1.254941	1.410816	1.552236																																													
0.084881666	0.195868126	0.340108	0.446412	0.577403	0.692791	0.806753	0.884937	0.964956	1.092163	1.148595	1.198696	1.262054	1.346289	1.493099																																													
0.084881666	0.195868126	0.319566	0.490613	0.604994	0.738365	0.851658	0.960207	1.030665	1.101476	1.218651	1.264729	1.304523	1.357884	1.432609																																													
#obs_catch																																																											
174.792	230.551	261.678	550.362	702.181	862.789	1256.565	1743.763	1874.534	1758.919	1588.39	1356.736	1177.822	978.37	979.431	935.714	958.28	973.502	955.964	981.45	1092.055	1139.676	1141.993	859.416	1228.721	1229.6	1455.193	1195.66393	1390.30916	1326.60896	1329.37306	1264.24689	1192.78109	1124.43305	1102.15914	989.68031	1132.70985	1387.19702	1480.77611	1490.779227	1480.551669	1483.021809	1488.031045	1354.501789	990.578068	810.784346	810.1859078	1199.040625	1205.221865	1270.770468	1297.422339	1321.583785	1352.680796	1359.182092	1379.287269	1409.337138	1367.22904	1376.257582	1105.418688	1260
#obs_effort																																																											
0.56385	0.38425	0.35362	0.67946	0.62695	0.60335	1.03848	1.55693	1.5365	1.72443	1.57266	1.49092	1.28024	1.526946667	1.521949444	1.519524352	1.48537341	1.48537341	1.48537341	1.48537341	1.48537341	1.48537341	1.48537341	1.48537341	1.48537341	1.48537341	1.48537341	1.48537341	1.48537341	1.48537341	1.48537341	1.48537341	1.48537341	1.48537341	1.48537341	1.48537341	1.48537341	1.48537341	1.48537341	1.5	1.5	1.5	1.5	1.5	1.5	1.5	1.5	1.5	1.5	1.5	1.5	1.5	1.5	1.5	1.5	1.5	1.5	1.5	1.5	1.4
#n_cpue																																																											
12																																																											
#yrs_cpue																																																											
1965	1966	1967	1968	1969	1970	1971	1972	1973	1974	1975	1976																																																
#obs_cpue																																																											
2816.437428	3473.580475	3802.169891	5257.304601	6712.468418	5679.809828	5257.331283	5726.743484	4787.923949	4740.992588	4271.57446	4318.523058																																																
#obs_cpue_std																																																											
563.2874856	694.716095	760.4339781	1051.46092	1342.493684	1135.961966	1051.466257	1145.348697	957.5847898	948.1985176	854.3148919	863.7046116																																																
#n_avo																																																											
17																																																											
#yrs_avo																																																											
2006	2007	2008	2009	2010	2011	2012	2013	2014	2015	2016	2017	2018	2019	2021	2022	2023																																											
#ob_avo																																																											
1.741476103	2.00191307	0.991543151	0.6951	1.9218	1.703822566	1.5206	2.177629578	3.0769	3.5927	2.8319	2.263	2.0841	2.8292	2.4101	2.9031	2.481
#ob_avo_std																																																											
0.407974331012764 0.795438239601419 0.292865176659236 0.390095687644021 0.579193250959401 0.447677778090839 0.371938445492411 0.390115994808685 0.5802458703618 0.40625738752985 0.379092753078342 0.317389245040044 0.25496050188299 0.63539505959713 0.529928783609978 0.454780316103912 0.335349192348874 
#wt_avo																																																											
0.019380752	0.101459822	0.244144755	0.378145671	0.526992229	0.652066615	0.763603851	0.846668019	0.933519833	0.971437494	1.001150919	1.149534691	1.211687201	1.281049807	1.179917849																																													
0.018495649	0.087193364	0.279247415	0.437187833	0.582488803	0.686632399	0.788236316	0.870999726	0.970100191	1.102708516	1.105671451	1.236948448	1.235486845	1.749460306	1.230626606																																													
0.022553568	0.083533376	0.21397106	0.406607915	0.575800608	0.689063242	0.805223493	0.981970849	0.968320224	1.262557586	1.247212431	1.246648968	1.389705798	1.638032697	1.246968301																																													
0.020319991	0.10850146	0.241958619	0.416450696	0.646619245	0.785332663	0.950143453	1.030621575	1.064024628	1.328355453	1.326541881	1.547037133	1.556585854	1.536816208	1.743715961																																													
0.031689084	0.117343148	0.221257593	0.441148338	0.565233181	0.72191307	0.936799438	1.336564857	1.574484153	1.622437222	1.692529159	1.895356839	1.926997647	1.941451524	1.96177442																																													
0.029375575	0.106631395	0.208972742	0.408413458	0.548858375	0.705860897	0.887469619	1.132474036	1.422040294	1.444774336	1.510418611	1.641548799	1.694167469	1.853097483	1.859717642																																													
0.027062065	0.095919642	0.196687891	0.375678579	0.532483569	0.689808725	0.838139801	0.928383216	1.269596435	1.267111449	1.328308063	1.387740759	1.461337291	1.764743441	1.757660864																																													
0.029375575	0.106631395	0.208972742	0.408413458	0.548858375	0.705860897	0.887469619	1.132474036	1.422040294	1.444774336	1.510418611	1.641548799	1.694167469	1.853097483	1.859717642																																													
0.025225422	0.134561038	0.22362502	0.394297251	0.547275951	0.694533734	0.762828456	0.997097865	1.142014088	1.26636429	1.444106539	1.711001125	1.903016304	1.794556846	1.776686924																																													
0.022663922	0.076370721	0.20628749	0.388882172	0.574370838	0.62703836	0.805764052	0.94094099	1.045938443	1.065510102	1.30555602	1.609914487	1.41157465	1.611457042	2.220015431																																													
0.033300215	0.109915022	0.265899823	0.480980012	0.538858085	0.63233835	0.696644128	0.785593495	0.846709044	0.960479213	1.166773547	1.369473936	1.623201894	1.684791209	1.738218																																													
0.021695848	0.098126926	0.198306373	0.398275248	0.527987789	0.595204387	0.685967599	0.736540379	0.818095286	0.819148452	0.947346988	0.815786201	1.182831599	1.319474816	1.57842663																																													
0.029279013	0.113887513	0.251122675	0.40643369	0.512022355	0.595795685	0.678600156	0.721862861	0.81782518	0.874899121	0.977607696	1.044707584	1.15193339	1.389053393	1.626173395																																													
0.029279013	0.113887513	0.251122675	0.40643369	0.512022355	0.595795685	0.678600156	0.721862861	0.81782518	0.874899121	0.977607696	1.044707584	1.15193339	1.389053393	1.626173395																																													
0.018974039	0.10028049	0.208699923	0.369561448	0.48770336	0.614282914	0.704895514	0.768740354	0.890597181	1.032089615	0.975926501	1.084419489	1.34031024	1.227980414	2.047809277																																													
0.018974039	0.10028049	0.208699923	0.369561448	0.48770336	0.614282914	0.704895514	0.768740354	0.890597181	1.032089615	0.975926501	1.084419489	1.34031024	1.227980414	2.047809277																																													
0.022340126	0.163070502	0.280874302	0.377315439	0.475392106	0.568401086	0.733280939	0.803135424	0.840264752	0.955746434	1.077189269	0.994085222	1.21649973	1.350697939	1.969390269
#ngears																																																											
3																																																											
#minind																																																											
1	1	1																																																									
#n_fsh																																																											
58																																																											
#n_bts																																																											
40																																																											
#n_ats																																																											
18																																																											
#yrs_fsh_data																																																											
1964	1965	1966	1967	1968	1969	1970	1971	1972	1973	1974	1975	1976	1977	1978	1979	1980	1981	1982	1983	1984	1985	1986	1987	1988	1989	1990	1991	1992	1993	1994	1995	1996	1997	1998	1999	2000	2001	2002	2003	2004	2005	2006	2007	2008	2009	2010	2011	2012	2013	2014	2015	2016	2017	2018	2019	2020	2021	#2022	
#yrs_bts_data																																																											
1982	1983	1984	1985	1986	1987	1988	1989	1990	1991	1992	1993	1994	1995	1996	1997	1998	1999	2000	2001	2002	2003	2004	2005	2006	2007	2008	2009	2010	2011	2012	2013	2014	2015	2016	2017	2018	2019	2021	2022																				
#yrs_ats_data																																																											
1994	1996	1997	1999	2000	2002	2004	2006	2007	2008	2009	2010	2012	2014	2016	2018	2020	2022																																										
#sam_fsh																																																											
10	10	10	10	10	10	10	10	10	10	10	10	10	10	39	39	39	39	39	39	39	39	39	39	39	39	39	259.3788487	227.2361746	343.2236586	285.3401641	256.0352721	188.4095209	317.5476673	353.3089942	474.4475646	480.7231453	327.00581	484.8374742	439.3496508	389.1322193	492.6284859	504.4149593	498.4412839	521.7925027	418.5401923	547.4567257	725.4914921	605.304496	750.599324	604.1931166	818.3217844	701.6125895	604.5679443	665.471896	698.3100371	563.238271	814.6780065	#638.960727726109	
#sam_bts																																																											
105	126	118	125	88	105	76	80	82	71	82	90	74	75	90	78	82	90	101	107	110	107	108	109	102	97	82	87	90	113	116	120	137	151	115	105	100	100	100	100																				
#sam_ats																																																											
43	32	49	67	70	72	51	47	39	35	26	34	44	79	61	50	1	52																																										
#err_fsh																																																											
1	1	1	1	1	1	1	1	1	1	1	1	1	1	1	1	1	1	1	1	1	1	1	1	1	1	1	1	1	1	1	1	1	1	1	1	1	1	1	1	1	1	1	1	1	1	1	1	1	1	1	1	1	1	1	1	1	1		
#err_bts																																																											
1	1	1	1	1	1	1	1	1	1	1	1	1	1	1	1	1	1	1	1	1	1	1	1	1	1	1	1	1	1	1	1	1	1	1	1	1	1	1	1																				
#err_ats																																																											
1	1	1	1	1	1	1	1	1	1	1	1	1	1	1	1	1	1																																										
#oac_fsh_data																																																											
0.025321	0.105571	0.165563	0.193611	0.095442	0.268407	0.120764	0.025321	0	0	0	0	0	0	0																																													
0.01417	0.015327	0.204164	0.550318	0.13476	0.033545	0.032389	0.015327	0	0	0	0	0	0	0																																													
0.028428	0.168302	0.057358	0.420126	0.264906	0.024151	0.026415	0.010314	0	0	0	0	0	0	0																																													
0.009467	0.110178	0.577515	0.087692	0.16	0.037988	0.011479	0.00568	0	0	0	0	0	0	0																																													
0.032939	0.178617	0.140218	0.468517	0.10737	0.030573	0.036579	0.005187	0	0	0	0	0	0	0																																													
0.014678	0.079766	0.459233	0.315684	0.10843	0.002305	0.012142	0.007761	0	0	0	0	0	0	0																																													
0.156762	0.238147	0.374263	0.176699	0.034247	0.011143	0.005571	0.003168	0	0	0	0	0	0	0																																													
0.165462	0.049415	0.27603	0.185287	0.274689	0.026683	0.017515	0.004919	0	0	0	0	0	0	0																																													
0.031428	0.151596	0.349715	0.280079	0.117347	0.046028	0.017471	0.006335	0	0	0	0	0	0	0																																													
0.011129	0.100338	0.121466	0.264054	0.202123	0.13807	0.076822	0.055643	0.024972	0.004498	0.000566	0.00015	0.0000325	0.000138	0																																													
0.024247	0.527279	0.194871	0.055427	0.074453	0.040192	0.025745	0.02169	0.021289	0.008954	0.003638	0.00095	0.000948	0.000169	0.000147																																													
0.008543	0.150288	0.691843	0.053185	0.014149	0.026573	0.025452	0.013869	0.008162	0.005747	0.001421	0.000562	0.0000904	0.000116	0																																													
0.0002	0.120162	0.454616	0.305986	0.030152	0.013916	0.019279	0.022363	0.017396	0.008572	0.003956	0.002706	0.000697	0	0																																													
0.037672	0.247673	0.331098	0.239905	0.086129	0.019158	0.00703	0.010141	0.008111	0.006514	0.00336	0.001667	0.001229	0.000245	0.0000678																																													
0.012042	0.186306	0.308118	0.261359	0.15068	0.040795	0.011772	0.007098	0.008047	0.006471	0.004559	0.001741	0.000722	0.000221	0.0000692																																													
0.0395	0.211525	0.280373	0.163648	0.152892	0.083939	0.021921	0.010012	0.013973	0.010706	0.006862	0.003069	0.001153	0.000206	0.000222																																													
0.004034	0.190932	0.339926	0.183116	0.104124	0.087117	0.034572	0.015525	0.008981	0.009877	0.010508	0.006561	0.003192	0.001036	0.0005																																													
0.000262	0.033202	0.465713	0.29335	0.104387	0.047308	0.023758	0.01361	0.007403	0.004299	0.003453	0.002115	0.000699	0.00029	0.000152																																													
0.00237	0.012649	0.08055	0.584991	0.210743	0.051754	0.017953	0.017973	0.010743	0.004531	0.002704	0.001587	0.000928	0.000344	0.00018																																													
0.002906	0.067965	0.090431	0.179378	0.468209	0.125093	0.023738	0.014167	0.011353	0.006362	0.004356	0.002808	0.002017	0.000997	0.000218																																													
0.001082	0.023623	0.045694	0.22207	0.253549	0.337247	0.069013	0.01834	0.012938	0.008067	0.00366	0.001299	0.00151	0.000861	0.001046																																													
0.001377	0.028742	0.198541	0.06341	0.190469	0.167426	0.23081	0.058574	0.019048	0.013449	0.012929	0.005553	0.004909	0.002088	0.002675																																													
0.001514	0.042154	0.045222	0.366847	0.104926	0.185293	0.108734	0.105004	0.029249	0.00744	0.001637	0.001264	0.000132	0.000583	0																																													
0	0.014353	0.080902	0.056279	0.299858	0.100715	0.088821	0.065742	0.179309	0.039207	0.028064	0.015557	0.020974	0.004421	0.005799																																													
0	0.004867	0.207078	0.192308	0.115004	0.248302	0.102527	0.047866	0.017872	0.044149	0.008324	0.004658	0.001715	0.002506	0.002825																																													
0	0.002671	0.030904	0.083527	0.252883	0.093473	0.320776	0.053997	0.058166	0.018176	0.07233	0.006102	0.002235	0.001436	0.003325																																													
0.000752	0.018901	0.032625	0.125708	0.114964	0.273633	0.074005	0.211015	0.037632	0.058368	0.005178	0.034402	0.004865	0.002677	0.005275																																													
961.9471041	111618.5583	43471.3991	85059.5436	156089.0744	184518.812	500529.275	76163.121	289237.822	27988.14869	139517.9403	18327.78327	93622.8509	23296.67041	53556.3612																																													
1099.85281	84584.7926	675091.478	129937.8696	79511.2663	108563.2291	133627.8931	253377.1981	102188.1272	146854.7161	57897.071	46297.90391	13422.35345	43780.92681	34448.3078																																													
66.0213882	7418.856528	260252.809	1145526.398	102874.0672	66096.3294	66302.0829	56410.9454	86091.7874	21139.14137	32649.83199	12345.75002	13456.07907	6755.058525	16098.71205																																													
747.893652	30153.40385	55091.1247	360794.589	1058595.082	175519.2141	53476.9997	19085.66176	13127.18167	20142.31027	9706.298304	9372.01436	7547.72574	3961.042313	8288.795156																																													
0	513.9179863	72826.3673	146636.3341	395071.27	760344.153	136140.4196	34543.43415	12260.48587	7493.522282	17459.87517	4998.406208	5807.455765	1655.581779	8911.197552																																													
0	21638.91335	48029.72262	71707.2187	160814.4704	361545.239	481247.199	184452.502	33603.52958	13434.92023	7939.725616	8805.008334	4330.573122	5829.131363	5298.596228																																													
1028.378637	77611.10265	40288.13023	118864.6792	454667.395	288671.073	256121.267	198356.5859	63955.62307	13321.49802	5963.874978	4641.489288	2891.303239	4776.423669	9107.841289																																													
287.809196	41976.38034	84446.9069	70424.2047	153198.9873	702101.395	199368.857	131594.4706	110635.2312	27766.08072	6138.836855	5559.045803	2551.853665	2499.155694	4480.13578																																													
232.155207	10335.74813	298418.049	224808.469	102933.6656	156862.69	469265.256	130865.9089	56445.6508	33147.4154	3956.63716	2181.584773	855.9896737	476.999823	2059.401641																																													
0	16059.72731	82361.483	428073.347	346165.684	106576.0323	168216.73	357357.421	84828.1635	29693.3882	22021.64232	5240.364884	1416.733401	608.057612	951.987114																																													
0	3210.19163	42739.3984	154340.122	580465.445	414635.215	137048.818	128873.5441	157072.027	57797.8681	33609.3016	16189.65813	5480.305732	3088.136074	1946.522431																																													
772.232829	46996.5779	107938.3769	217604.15	287265.333	605725.768	267687.161	98365.0513	85798.6659	93829.6298	34573.5914	14387.52471	11031.3517	2952.559121	1813.278131																																													
0	14520.26993	411355.623	323798.486	360044.668	301172.733	337260.16	158394.556	49369.9112	39240.1366	35673.8711	22912.76803	6612.37741	3641.336093	3181.673818																																													
0	538.0697158	89511.1924	830288.54	480166.755	236578.172	169111.339	156124.49	64895.6699	16101.51259	17042.8162	25246.42882	9437.957635	5912.191361	6865.485675																																													
0	4790.962005	52097.8694	392459.527	862931.97	484147.503	159304.5728	68014.6765	66555.6408	30070.4572	9988.07734	9133.095408	3190.543821	2480.076624	3404.127972																																													
0	9883.53031	84090.5771	295468.194	619009.898	597021.134	278308.991	107234.2268	47969.0246	38327.5975	17682.17204	8232.889598	8302.788542	5315.355405	7209.422419																																													
1657.65417	15719.0141	59123.7159	139024.8011	389022.249	511477.444	300480.922	136947.2381	47559.0764	27484.3406	21847.87224	8909.39959	6524.109195	3401.786779	10780.54722																																													
0	25164.478	58760.8484	79141.5479	146859.691	309364.398	242047.104	148584.826	84191.6632	22155.4401	17548.43217	14420.77681	8624.34136	2766.660316	12641.79656																																													
0	1314.498395	175347.643	200379.208	82471.4203	114329.8441	124190.5654	104217.1651	66572.5476	40175.6947	23511.25598	7608.213367	7458.674338	2706.747248	8720.953029																																													
1078.509421	26428.94307	31817.16944	558813.997	220263.015	54684.1674	42964.3981	57622.7634	51727.3776	31791.2675	15948.92177	8623.55096	5953.927077	4370.871062	5098.75305																																													
381.199998	10338.56984	193133.85	115252.4401	808358.777	284415.935	63501.077	37475.1594	38456.9081	41370.6248	25778.84287	12452.66697	1756.484053	3971.563872	4324.044431																																													
0	22243.43854	116627.6266	945755.457	172612.985	432128.28	141412.3792	36643.3275	17413.948	14589.02865	15902.95306	13475.81535	7399.749779	6135.508376	3327.688666																																													
1842.478587	970.4894239	63881.2174	342052.796	954909.875	194237.784	156382.9756	69902.2663	20657.132	12736.76515	12742.32294	10838.97387	7823.574912	4800.252063	5698.699853																																													
0	39180.9362	30999.53319	167608.987	398894.457	751005.356	210017.011	86143.9883	29801.57616	8956.891015	4485.674191	4520.358029	4560.283656	2761.283695	6012.500206																																													
0	15454.39927	631809.138	196205.94	228346.756	383903.099	509629.356	88726.2855	42087.6762	17634.06946	2932.701135	2051.743903	3091.325666	2654.05133	1221.509302																																													
0	496.855292	90468.3363	1388906.1	159722.942	174318.598	174612.3968	224449.675	34043.50626	13807.98838	7987.426565	484.690086	1174.228081	668.3010786	995.063356																																													
0	2173.718924	28139.10804	548520.042	898129.728	215279.243	147414.2229	122007.0972	97153.2895	21734.65421	7206.211289	5597.704543	492.993606	244.6313749	126.2198747																																													
0	1295.751859	13787.32186	114904.2087	1214886.49	506060.293	104698.8225	81901.0059	60563.1261	25866.9133	4266.288154	1096.769114	362.7143026	635.478927	495.003304																																													
693.624977	10887.45269	12297.51336	18344.93186	157441.768	915850.174	422035.3	93086.9308	52090.31	52936.3305	10048.64867	2904.074808	842.067706	0	0																																													
3728.872608	245895.183	85609.4214	99166.5509	134148.4254	548488.018	598282.245	126607.5752	53007.3379	37834.4061	27031.31923	6894.141202	1734.760787	1168.156312	0																																													
0	111342.1894	1295656.83	144027.0587	109954.8589	107116.4918	309318.572	295756.434	72064.7779	26519.3242	16136.35852	8500.63187	2049.838765	0	420.166248																																													
#ob_bts																																																											
3820.955415	8980.690093	6472.573036	7558.523915	7157.572859	7833.207662	11680.45377	9975.776513	11408.40767	7235.169043	6643.105366	7822.558111	6886.639043	6554.920526	3990.580771	4458.646423	3454.712224	5592.794625	7052.538949	6014.134676	6720.68835	11175.83254	5632.534028	6882.763183	4113.099646	6867.444708	4275.984953	2851.964316	5174.023496	4540.972719	5173.001355	6658.368526	11692.74865	10654.0134	8427.36746	8914.543873	4039.306754	9443.668508	4807.966746	6508.732518																				
#ob_bts_std																																																											
327.5836408	761.8922609	704.2114939	749.0924983	641.1199819	716.9167466	1137.238564	832.1214372	1380.242802	608.804382	601.0539738	630.448941	682.9364813	790.6788144	335.7533864	383.4303788	269.6325784	492.3604647	760.0130679	484.337769	528.5333937	1016.651414	449.9863167	623.1630561	395.2726301	792.7079238	479.4599217	430.5913729	584.5527161	358.1867847	401.8058346	539.2818359	825.816068	702.956098	779.2735998	588.7860606	447.6132067	629.430355	342.841462	505.2992351																				
#wt_bts																																																											
0.032286703	0.077214954	0.181031932	0.34010262	0.411284839	0.777489693	1.05063096	1.187602281	1.401295055	1.566716052	2.23454972	1.990128678	1.90356658	1.523858434	2.945983171																																													
0.02110875	0.100921491	0.2092313	0.342208428	0.536214376	0.773798595	1.015548417	1.452548113	1.405551166	1.667173269	1.528755165	1.577053366	2.013323555	2.126791623	1.834381147																																													
0.017048204	0.084425263	0.215269676	0.314233521	0.432480015	0.602643214	0.925661639	1.313140857	1.268111301	1.473242298	1.985148233	1.687623767	1.904738606	1.426141515	2.122131762																																													
0.030844022	0.093488997	0.228603904	0.368481131	0.480965669	0.715013866	0.909883423	1.212701019	1.723101627	1.436339374	1.532255321	1.776502202	2.037584509	1.652322718	2.634222682																																													
0.018656265	0.07345813	0.168969714	0.309572983	0.413697711	0.607613298	0.766757317	1.017531233	1.304327767	1.649841492	1.276106871	1.380890394	1.982826288	2.233433966	2.222914054																																													
0.023125667	0.122610028	0.253187488	0.331759174	0.42218243	0.546805381	0.718040744	0.848685219	1.008413862	1.261388267	1.58083564	1.612164576	2.201603997	2.044836159	2.394966792																																													
0.01891217	0.132748101	0.280945688	0.33049288	0.445718287	0.493964573	0.589816257	0.81436595	0.908014134	1.03984479	1.229934396	1.28469328	1.570747191	0.686443372	1.74033498																																													
0.022386493	0.082373277	0.168913654	0.27703804	0.370971388	0.549128174	0.661911368	0.836812096	1.027490598	1.000038881	1.115421973	1.01362491	1.260065223	1.143829707	1.102760002																																													
0.029263454	0.097315623	0.187397613	0.355865191	0.478474491	0.54480594	0.614302789	0.734885118	1.029256003	0.9793391	1.023303002	1.187875302	0.85459447	1.390104852	1.714437854																																													
0.030101684	0.144805467	0.200617157	0.333014756	0.565419119	0.650029392	0.776533186	0.855621817	1.015924976	1.10457412	1.287470965	1.370090659	1.347147814	1.732752381	1.691324457																																													
0.02967615	0.134166371	0.254852925	0.399708407	0.463904618	0.570071292	0.756097395	0.770657536	0.928946363	1.00788587	1.137849621	1.520173177	1.53897789	1.42639365	1.562767824																																													
0.015796679	0.097503762	0.249518569	0.408695574	0.464365433	0.548045788	0.661875665	0.783197558	0.986840979	0.999095887	1.148661577	1.285484262	1.508884801	1.576480218	1.908970144																																													
0.024661379	0.116858323	0.211795578	0.400950723	0.536199619	0.672016358	0.648230493	1.046299661	1.165820979	1.106630748	1.219347603	1.240531816	1.36720357	1.436163685	1.450570554																																													
0.018422328	0.105172554	0.168529995	0.362556789	0.478139928	0.648494011	0.623746168	0.785125976	0.910894122	1.280940734	1.222214956	1.254044881	1.399422362	1.421749006	1.740113739																																													
0.021485247	0.111520004	0.151066851	0.299701567	0.486575594	0.583185248	0.757789598	0.819824617	0.97935775	1.023410429	1.350087412	1.461437658	1.48748571	1.639299401	1.963852952																																													
0.017011448	0.094814577	0.188844234	0.276878306	0.38169378	0.53046664	0.673518902	0.776023231	0.996496753	0.965860409	1.211314835	1.464772406	1.089919461	1.566396192	1.951038143																																													
0.01585018	0.080853964	0.212802061	0.332301557	0.446031943	0.519240559	0.811083052	0.887032743	1.07765657	1.292644496	1.591887888	1.414569471	1.515567814	1.669169419	1.905073716																																													
0.020449711	0.096846528	0.216293028	0.350850404	0.392250309	0.526305547	0.615737943	0.881696945	1.037549389	1.008255893	1.278596059	1.132209871	1.666060137	1.759817257	2.192308274																																													
0.017420565	0.084771321	0.219144845	0.398123938	0.470043993	0.520967397	0.722163132	0.759368753	0.924925488	1.034916247	1.235952745	1.338122243	1.781745107	1.625571684	2.047886854																																													
0.021595336	0.092340419	0.201417214	0.355504785	0.616727296	0.729437205	0.749937223	1.000419082	0.98182621	1.03086099	1.277821082	1.419050428	1.473561277	1.765573578	1.539116659																																													
0.025414567	0.107211208	0.268622681	0.402463022	0.543860731	0.684979813	0.712800083	0.904262258	1.006334625	1.0534455	1.009736444	1.139010868	1.474134337	1.409576041	2.108250833																																													
0.031641526	0.109468265	0.3416501	0.418994071	0.647751011	0.709831565	0.886408711	0.868749085	1.123543497	1.239423802	1.268921352	1.284637495	1.368588846	1.747320555	1.780308386																																													
0.034893861	0.202284175	0.28382298	0.515738276	0.595007346	0.749772215	0.894926789	0.931529915	1.119220169	1.026839902	1.278626643	1.55157466	1.537060121	2.375172932	1.712005434																																													
0.033687977	0.112223371	0.23066996	0.394157556	0.539363412	0.698344075	0.858539158	0.930551575	0.992545718	1.222539252	1.383085522	1.229117395	1.400691601	1.50443394	1.681657455																																													
0.009684458	0.086595627	0.178795544	0.457327255	0.604509217	0.679087829	0.788690112	0.865782177	1.057634269	1.171101703	1.278714566	1.336332993	1.668646035	1.518886689	1.703814084																																													
0.015099107	0.099963123	0.294494915	0.492992588	0.637473975	0.809543218	0.92833197	1.059545109	1.001947951	1.314501703	1.308706011	1.268206704	1.416606464	1.367229721	1.385353482																																													
0.018576931	0.059191822	0.21983689	0.491126403	0.600913822	0.730420948	0.857303754	0.94602091	0.987454569	1.15356588	1.639521562	1.372384707	1.708225154	1.539505306	1.681942631																																													
0.019493022	0.070277159	0.241368926	0.508742323	0.688201023	0.814733834	1.009671828	1.067612671	1.120889469	1.358998635	1.449253661	1.768964691	1.76667965	2.049175751	2.485980073																																													
0.022667518	0.069353018	0.244198637	0.495735772	0.657447947	0.804058249	1.09667581	1.139771999	1.259796869	1.37646921	1.190452766	1.389302068	1.62876289	2.160626434	2.221208067																																													
0.018447313	0.081244717	0.216207593	0.510739332	0.653306399	0.785462717	0.906992798	1.06617128	1.158907827	1.245591751	1.358049866	1.419215829	1.364557266	1.496288037	2.015882598																																													
0.017112088	0.075935575	0.284869936	0.409726058	0.591670222	0.738270068	0.865179156	1.00838303	1.353602245	1.203433122	1.340426967	1.424364903	1.499627232	1.710909761	1.980927223																																													
0.020464733	0.066533424	0.22758485	0.516289407	0.577090293	0.720653888	0.973431704	1.172608503	1.265149426	1.460853394	1.513264588	1.40364226	1.717071731	1.821965585	1.965128131																																													
0.018601338	0.112635311	0.392705715	0.44526364	0.567320521	0.693242669	0.736620622	0.977807115	1.135733768	1.335616095	1.53386216	1.483801887	1.637674054	1.638323983	2.012399264																																													
0.019863994	0.090521102	0.346922816	0.4421835	0.566480773	0.675397396	0.741834701	0.864183709	1.063738008	1.270077838	1.545193956	1.454989784	1.44556212	1.481606303	1.595835914																																													
0.021832756	0.090403608	0.278174174	0.523996043	0.573843599	0.687664217	0.764497127	0.794738061	0.883473063	0.918824446	1.193459596	1.846486896	1.243564121	1.228360325	1.39272851																																													
0.026187032	0.096255671	0.241680719	0.488023818	0.621450126	0.649307802	0.739666235	0.782472709	0.888836025	0.922830766	0.997859221	1.012585791	1.323337132	1.02	1.813203635																																													
0.023780955	0.101379058	0.209517374	0.441549187	0.575455487	0.664682712	0.756219352	0.750222132	0.845314093	0.885737992	0.722257172	0.838246168	0.876	1.073925018	0.963644922																																													
0.026255386	0.111565442	0.292266668	0.505461886	0.641915113	0.714738814	0.82308407	0.898603535	0.901039701	0.989176181	0.985561591	1.042874285	1.067753096	1.12	1.389859023																																													
0.023258416	0.148368616	0.277940528	0.439964085	0.589726342	0.695618089	0.774388064	0.854262862	0.959977259	1.233140976	1.02254542	1.349963758	1.306771594	0.927339745	1.388902527																																													
0.020477267	0.104115459	0.347386212	0.452085896	0.582679606	0.668195509	0.763919301	0.852686029	0.944894156	0.97167025	1.12161811	1.473753268	1.241662666	0.895335968	1.247468824																																													
#ot_bts																																																											
14111.94035	19731.2952	10431.39111	20832.38746	12635.74355	13298.68267	20210.46699	16808.33596	18105.83269	11671.25479	9824.167442	12167.96858	11754.65808	15651.38747	7164.98529	10373.70565	6805.969018	10275.00627	12070.3436	9976.74337	10154.81855	16085.17917	7150.193965	9735.195217	5934.832056	9716.364138	5164.882363	4448.499404	7544.356494	6110.903936	8504.11978	10289.76213	16288.73573	14753.10314	11394.55092	10916.31234	7885.196238	12014.71582	12000	12000																				
#oac_bts																																																											
10938308.45	31926800.05	35358341.65	48077416.58	15706090.05	2027725.729	1279796.032	616640.4631	377636.4254	237143.2567	145328.6521	87228.38223	31987.46946	13500.92212	13806.91226																																													
43542372.31	10113297.3	29056326.42	46652774.2	94887721.07	27258759.58	4572542.547	2034643.028	933792.7113	843440.7087	609971.3266	217519.8356	81745.84621	72445.99422	34104.64884																																													
4386944.135	4185145.896	7724329.834	21517411	26201977.56	59413937.89	10404358.07	2104630.718	910610.4014	305941.0922	204414.1279	76627.10657	46356.72604	55697.81377	28661.53448																																													
46605279.35	7445397.018	30475683.06	12646623.96	45702829.97	30335520.7	20155052.14	3718874.136	885327.9344	743405.6813	257486.4062	81165.32017	85311.96684	7010.904033	6583.457456																																													
28218719.02	10806468.27	9317629.223	37892316.61	18543395.26	27977556.66	22563724.57	18470175.03	5342821.178	815508.9616	374256.4744	162313.3196	16197.96123	45358.55983	16667.78597																																													
4479476.521	6974735.245	12882185.03	10223568.31	62549075.03	15587885.68	13896384.84	5274869.139	16353637.72	2565253.319	787167.1233	302341.5029	58509.96008	29613.56908	26475.7314																																													
15094829.93	8208885.059	21360382.79	42455231.15	20885969.79	63991696.87	17978334.07	12970469.14	7227451.178	16926031.86	1590142.015	924841.2597	209090.1892	251277.5256	147568.8968																																													
10226411.44	5043492.391	7225136.054	29183433.15	68828510.29	13053011.11	44939576.2	6313127.242	7247723.407	2721824.489	8569372.245	1465397.199	1296705.197	604008.5941	958708.6216																																													
23797056.03	3002955.475	1171364.474	11661915.54	26655796.53	85663789.31	15374936.13	34403111.1	3250085.163	5589374.536	851971.085	7959423.432	689319.8407	507599.6491	679726.7141																																													
28826351.32	8112504.575	3563174.893	1392326.251	8866365.624	8018823.793	24186723.64	8650870.697	17491173.23	4369077.191	5871208.182	1194768.978	3496592.049	518151.3203	594591.7849																																													
15201406.95	5157356.343	35408016.12	4705625.848	6168529.308	9980429.885	7952061.241	10616110.89	4467886.98	8127104.733	2777594.764	3524445.047	1506891.71	1186358.489	949767.0801																																													
25302801.73	4259579.713	11626775.06	49990769.05	11126736.48	8361708.747	4258792.63	5692050.506	7176133.982	4347262.91	3722297.225	2660373.491	2078784.558	1130050.015	1365657.127																																													
14644359.65	5637764.058	4915278.782	18634688.63	52776405.65	8674777.172	2163727.172	1788277.175	2004074.064	3681591.58	2253886.117	3119726.845	1173622.86	1140381.471	1923196.878																																													
15451542.65	1914308.514	5126518.538	22859136.65	27784240.13	47506292.83	17696159.99	4040056.669	2363248.655	1522112.939	2775353.473	1101811.291	2018716.754	810317.8183	1301586.064																																													
18239189.96	4272679.287	1955490.079	4244295.745	11510227.47	14664348.66	12672835.56	4242740.514	1061038.505	1151440.413	772615.7623	1484572.214	488633.8221	863231.4987	1258738.615																																													
22540435.66	3707099.547	1852390.257	2565812.613	27973520.88	15416726.68	9536058.387	11420958.86	1910793.135	987669.0646	704923.6701	756117.8127	1275395.349	401653.957	1514333.291																																													
8917368.436	6971464.195	3966964.796	2620358.424	4973133.42	27282752.52	7304033.745	4597391.85	3533750.169	900604.5854	409985.654	140409.4111	310624.7315	332203.3839	818880.4568																																													
10078917.9	9582515	10623326.05	15287374.55	8820340.802	14514730.47	33457939.96	8127570.115	3788632.672	3489738.472	1290807.156	544497.0787	214605.0973	312638.5068	1142860.896																																													
10052605.72	3758003.266	6567564.892	19397695.51	20039028.35	10990005.27	9637830.569	30411457.42	11654355.67	6044019.395	2545932.382	1625492.397	500968.847	226408.6834	997897.5951																																													
19279475.14	12357856.2	7279771.704	6910211.262	16561234.35	16851757.5	7150428.556	3481964.352	10185735.47	7198874.32	2749033.778	2131484.161	814736.5848	295158.1168	818730.0599																																													
12739833.32	4153071.208	8197006.846	11903261.35	13482430.35	18160165.57	9334902.264	4596847.397	6098333.259	11419781.97	5605018.139	2585238.773	1505958.946	470098.5668	545632.3291																																													
5624121.3	1612097.678	10476190.49	18054023.59	22744915.47	19554044.62	24322619.98	12107253.77	4987815.572	6369865.563	12397205.89	5526028.833	2266807.02	910830.3954	984466.3668																																													
4149174.621	2743086.07	2025724.656	16863155.52	16876533.69	12322169.73	6889282.203	7305187.143	3615309.382	2260762.734	2262986.757	4125076.882	1808582.342	458060.2983	383137.7092																																													
3992691.24	1463787.465	2421613.618	11892534.41	34301691.12	21957493.92	11028948.7	5032122.453	3825771.278	2781793.045	773073.4139	1600679.419	2651100.044	1072131.529	1212862.926																																													
8095563.421	866688.7262	1289494.591	5305666.18	14285317.94	17277833.03	10269974.46	4634176.104	2550166.247	2124702.275	1012695.357	627701.198	898895.4187	1203910.779	1234705.752																																													
24647433.06	649122.3611	2264637.167	7169468.081	23065394.2	26701298.99	17477050.35	12252217.66	4797242.821	2089284.723	1961336.228	1665150.7	767432.3693	943384.894	1978619.004																																													
4812064.433	1351652.3	1484724.97	2867252.582	9047382.415	19589942.58	14114051.34	8703087.194	5091918.444	1813307.465	1490284.893	1118733.054	491665.4637	264954.247	1759014.602																																													
7908539.169	2096984.429	4482158.909	5223773.396	3515457.772	4999069.768	6635937.66	5058830.135	3616028.74	1693171.166	1087019.441	356190.6285	360630.1667	180711.6738	820683.9246																																													
4950804.623	1284717.657	3122258.297	44149977.27	19683491.74	5617869.153	4113232.568	4082930.389	4063161.956	2757029.063	2339013.415	844653.992	503938.1589	299398.0072	708097.7791																																													
12926372.93	1349908.118	2915708.81	4342058.177	22718082.69	11117162.44	3111113.782	1700605.822	2576298.425	2535383.903	2146337.675	1639011.88	707660.2971	334135.794	968332.002																																													
11762361.29	2212711.705	4484050.461	38136430.85	11385119.63	16801550.74	5025828.087	1815585.788	1191417.085	1600300.332	1282196.596	1111957.461	947963.5521	336909.3632	643044.7644																																													
12412556.15	1272488.852	2817770.457	13606263.57	69984403.34	14632417.85	8147440.471	2764327.095	923215.5919	812910.7671	1063534.243	802476.4794	755755.3109	429510.0766	603966.1942																																													
25190288.45	4668483.121	2945654.251	4651456.445	21104789.77	73931191.55	37170440.72	8026792.962	4340927.988	1587965.603	616773.5737	894785.2353	909970.3185	453280.2877	1354746.048																																													
14565831.37	8853480.266	27034527.75	7786123.023	15866077.16	28417232.86	52734566.84	15424491.76	3865207.883	1901996.72	268767.67	258422.8779	474116.4949	294713.2173	680131.7244																																													
8099978.165	4275134.267	7432448.051	43038538.77	17559844.44	11883395.75	17361288.83	26236522.18	5276008.548	2167644.629	773734.0603	176428.9886	185350.186	60307.42704	132659.0576																																													
8002884.863	3257769.116	5429413.211	27508607.43	36055508.87	16458540.52	12681631.77	11880544.63	15131590.03	4331245.917	1655891.217	558293.8584	84073.59384	48157.4871	166167.9068																																													
11067354.68	4854171.102	2588591.421	3519646.555	24697750.77	15474383.26	5415155.949	3912669.012	4020971.812	3268440.481	915941.7154	142549.4854	18280.5448	2966.303202	56609.35076																																													
26475756.99	8543176.438	5317258.225	6158316.243	18550466.71	66360843.91	26403567.27	6246289.141	4452022.053	2614670.711	1381211.571	627075.336	243482.2428	69590.86318	28750.49588																																													
9582882.264	5959562.67	11846579.79	7277983.805	7632201.646	5048415.399	13136489.08	16830940.95	3617239.831	1348237.625	878915.8457	579351.5644	115514.8292	67596.03631	39030.12896																																													
7871937.266	3905945.187	6500593.955	40228833.94	19248027.52	7732673.114	8567032.087	11257799.2	8736115.987	2632694.133	1003785.859	836735.544	332987.3923	153527.5573	20745.3829																																													
#ot_ats_std																																																											
1756.207762	886.3598381	956.9932688	2135.987298	965.496704	1466.768941	1032.597546	469.3004144	666.3782347	1459.290413	1033.585396	2461.363655	1650.099771	3236.308222	3054.031044	1500	4000	4000																																										
#oac_ats																																																											
1140.08514	4969.052256	1424.473269	1818.580926	2251.768172	389.1130852	108.5917858	95.88827757	56.20193856	67.12523969	30.32558678	51.13689729	20.63351379	17.6282389	34.35606123																																													
1800.254055	566.6651289	552.1605677	2741.05969	914.9627576	633.5314923	585.0410499	141.6902635	38.61581297	28.17004469	22.42098893	39.47190175	13.93162698	24.8151922	35.7586869																																													
13226.7894	2881.038191	440.4941061	535.641011	2330.317288	546.4443047	313.0116963	290.3623686	75.11004314	27.82913754	30.8666707	35.15096589	38.9219288	18.71473733	68.92165605																																													
607.203652	1779.994957	3717.060555	1809.674942	651.8623359	397.5206722	1548.032454	526.2522179	180.0208387	141.6458991	48.2429485	20.49954722	10.26681262	7.795366795	20.08813323																																													
460.3664031	1322.030279	1230.054859	2588.027289	1011.827791	326.6153429	308.3642221	949.5520349	277.5851716	134.0981097	60.2585889	35.59960225	6.987367648	4.555128345	10.21046558																																													
796.3968503	4943.941366	3385.10048	1294.932598	660.6184195	935.2934729	538.4420677	140.3578648	162.4464571	304.4612502	103.61153	45.37216996	20.19560776	12.17925292	7.281163232																																													
83.05449742	313.468528	1216.887645	3122.587708	1634.313419	567.1159047	287.7094789	282.7112203	120.9099574	68.49047446	58.85189206	77.0052763	37.42135277	12.53381701	10.63083513																																													
524.7109597	216.9959852	291.2456803	654.0968542	783.376093	658.556301	390.200249	144.8889546	74.79552563	58.55390358	32.82491835	21.71921316	16.49280537	19.79414097	22.04510144																																													
5775.294145	1040.587146	345.0975265	477.8034329	793.6882062	729.4436647	406.8880778	240.7900814	97.68694176	39.26161662	37.24040015	18.81644455	9.172120396	9.578372056	21.02119766																																													
70.86987403	2914.78133	1046.982702	166.0364212	160.8390551	287.569994	234.9074312	136.0885497	101.8481235	31.99584062	30.13565906	19.00020739	10.87302568	5.622851894	22.47121122																																													
5196.786272	815.828911	1734.132089	281.2670693	76.69450948	94.10466379	128.8772738	110.7631581	76.72042029	44.22591661	25.17421502	11.28920278	10.05579329	5.500105884	18.18953714																																													
2567.932041	6404.127557	983.555176	2294.894996	445.8751144	73.08294839	33.24644727	36.88729823	37.75284314	28.93219886	25.95608354	13.14394723	8.0262055	4.890586523	9.771441744																																													
177.3461428	1988.660133	1692.89158	2710.228204	279.6862537	366.6684028	113.1403549	35.68733298	24.894592	28.74222129	25.056611	17.89443123	16.16934997	5.075921785	9.905197744																																													
4750.826376	8655.126367	969.4612339	1161.049534	1118.694291	1769.616489	740.1196732	170.1462345	78.81003026	31.51996399	12.57992471	13.86996375	14.05970784	7.703570799	19.07043007																																													
173.7523144	1037.867561	4496.058693	4476.397474	715.4651492	348.0987511	392.1956995	420.2866809	95.66705009	30.74347277	17.98265111	5.843507784	3.552001306	2.24751704	3.46612378																																													
449.9560697	516.6093561	248.6421369	621.1817528	2267.541471	944.1034531	198.3784801	111.7534614	107.3072124	74.91088882	19.72410485	5.506480253	2.853834098	0	1.379630275																																													
350	1180	4550	4440	1190	490	560	650	130	60	30	10	10	0	10																																													
141.5599371	332.3180686	975.2239558	6577.728336	819.4224892	211.0354178	132.9748998	239.1224362	166.2507231	33.85915214	16.72626114	17.89777641	6.576771132	2.139021371	1.566526045
#ob_ats																																																											
3628.92930	2944.77187	3590.84054	4141.37057	3625.86364	4305.86229	4009.93704	1872.86327	2277.94400	1405.59025	1324.78137	2642.67490	2295.95185	4729.82772	4828.79348	2499.40106	3617.00000	3834.04251
#ob_ats_std																																																											
685.88780	437.87998	485.94998	846.42433	466.54349	535.67927	579.13680	293.23715	399.67315	365.98969	425.21072	661.55564	365.48014	761.94960	422.06109	460.77933	1625.43092	1228.11095
#wt_ats																																																											
0.028098302	0.088950365	0.233833851	0.387288624	0.562235162	0.63220144	0.704351579	0.848887748	0.969022356	1.138361652	1.23182106	1.445206662	1.403855796	1.356626056	1.822586605																																													
0.037773966	0.079180711	0.228031394	0.330858026	0.482485022	0.671084465	0.828614383	0.853917444	0.971967521	1.046543204	1.211815358	1.406491996	1.171310239	1.470779469	1.59589653																																													
0.033802091	0.134739627	0.257568156	0.384177333	0.479309027	0.611452193	0.785806012	0.979086727	1.045964863	1.145578791	1.239572454	1.715021861	2.033758674	1.672786046	1.423109296																																													
0.029428196	0.098627188	0.23558358	0.380245608	0.466445375	0.599929307	0.642847384	0.696932986	0.808573285	0.934792241	0.983716243	1.110090232	0.896256915	1.619041974	1.289666455																																													
0.031532787	0.113172734	0.240187623	0.392892849	0.543011597	0.639746947	0.712191862	0.745851368	0.782381229	0.901469147	1.094850025	0.92357505	1.072474776	1.892101509	1.416936706																																													
0.033327848	0.133008776	0.25604884	0.39670786	0.563822385	0.679883647	0.805020762	0.936518401	1.006467236	1.034434591	1.142940509	1.09697609	1.508178288	1.440500871	1.309022423																																													
0.023417064	0.115008316	0.276888956	0.459929374	0.569257426	0.692991123	0.76798241	0.857368045	0.913345976	0.987011448	1.022179787	1.104971366	1.048272624	1.070253326	1.349568682																																													
0.019380752	0.101459822	0.244144755	0.378145671	0.526992229	0.652066615	0.763603851	0.846668019	0.933519833	0.971437494	1.001150919	1.149534691	1.211687201	1.281049807	1.179917849																																													
0.018495649	0.087193364	0.279247415	0.437187833	0.582488803	0.686632399	0.788236316	0.870999726	0.970100191	1.102708516	1.105671451	1.236948448	1.235486845	1.749460306	1.230626606																																													
0.022553568	0.083533376	0.21397106	0.406607915	0.575800608	0.689063242	0.805223493	0.981970849	0.968320224	1.262557586	1.247212431	1.246648968	1.389705798	1.638032697	1.246968301																																													
0.020319991	0.10850146	0.241958619	0.416450696	0.646619245	0.785332663	0.950143453	1.030621575	1.064024628	1.328355453	1.326541881	1.547037133	1.556585854	1.536816208	1.743715961																																													
0.031689084	0.117343148	0.221257593	0.441148338	0.565233181	0.72191307	0.936799438	1.336564857	1.574484153	1.622437222	1.692529159	1.895356839	1.926997647	1.941451524	1.96177442																																													
0.027062065	0.095919642	0.196687891	0.375678579	0.532483569	0.689808725	0.838139801	0.928383216	1.269596435	1.267111449	1.328308063	1.387740759	1.461337291	1.764743441	1.757660864																																													
0.025225422	0.134561038	0.22362502	0.394297251	0.547275951	0.694533734	0.762828456	0.997097865	1.142014088	1.26636429	1.444106539	1.711001125	1.903016304	1.794556846	1.776686924																																													
0.033300215	0.109915022	0.265899823	0.480980012	0.538858085	0.63233835	0.696644128	0.785593495	0.846709044	0.960479213	1.166773547	1.369473936	1.623201894	1.684791209	1.738218																																													
0.029279013	0.113887513	0.251122675	0.40643369	0.512022355	0.595795685	0.678600156	0.721862861	0.81782518	0.874899121	0.977607696	1.044707584	1.15193339	1.389053393	1.626173395																																													
0.029279013	0.113887513	0.251122675	0.40643369	0.512022355	0.595795685	0.678600156	0.721862861	0.81782518	0.874899121	0.977607696	1.044707584	1.15193339	1.389053393	1.626173395																																													
0.022340126	0.163070502	0.280874302	0.377315439	0.475392106	0.568401086	0.733280939	0.803135424	0.840264752	0.955746434	1.077189269	0.994085222	1.21649973	1.350697939	1.969390269
#bottom_temp																																																											
0.801569974	1.308777926	0.887	0.963	0.660695373	1.363870605	0.937346639	1.263771226	1.036109015	1.218350075	0.770514845	1.31695717	0.565789349	0.646254864	1.447577778	1.095249208	1.475999401	0.149055698	0.870974168	1.049198637	1.431904869	1.629112326	1.467596046	1.499882273	0.651583608	0.644704453	0.407246675	0.439671593	0.439671593	0.439671593	0.439671593	0.439671593	0.439671593	0.439671593	0.4	0.4	0.4	0.4	0.4	0.4																				
#n_age_err																																																											
1																																																											
#age_err																																																											
0.994	0.00576	1.72E-14	0	0	0	0	0	0	0	0	0	0	0	0																																													
0.0176	0.965	0.0176	1.32E-10	0	0	0	0	0	0	0	0	0	0	0																																													
3.02E-08	0.0355	0.929	0.0355	3.02E-08	0	0	0	0	0	0	0	0	0	0																																													
1.38E-15	0.00000106	0.057	0.886	0.057015091	0.00000106	0	0	0	0	0	0	0	0	0																																													
4E-23	1.07E-12	0.0000125	0.08	0.84	0.080011094	0.0000125	1.07E-12	0	0	0	0	0	0	0																																													
2.6E-30	4.3E-19	1.28E-10	0.0000742	0.103	0.794	0.102942042	0.0000742	1.28E-10	0	0	0	0	0	0																																													
5.84E-37	2.15E-25	4.21E-16	4.5E-09	0.000281	0.125	0.75	0.124855101	0.000281265	4.5E-09	0	0	0	0	0																																													
4.98E-43	2.22E-31	1.21E-21	8.05E-14	6.83E-08	0.000784	0.145	0.708	0.145168358	0.000783758	6.83E-08	8.05E-14	0	0	0																																													
1.53E-48	5.72E-37	4.96E-27	1.01E-18	4.86E-12	0.000000573	0.00176	0.164	0.669	0.163535451	0.001756272	0.000000573	4.86E-12	0	0																																													
1.53E-53	3.84E-42	3.73E-32	1.42E-23	2.12E-16	1.27E-10	0.00000313	0.00336	0.18	0.634	0.179774235	0.003356355	0.00000313	1.27E-10	0																																													
4.45E-58	6.52E-47	5.64E-37	2.88E-28	8.78E-21	1.6E-14	1.78E-09	0.0000124	0.00569	0.194	0.60093454	0.193827561	0.00569276	0.0000124	1.78E-09																																													
3.32E-62	2.65E-51	1.75E-41	9.64E-33	4.43E-25	1.71E-18	5.57E-13	1.56E-08	0.0000386	0.00881	0.206	0.570831873	0.205734376	0.008811112	0.0000386																																													
5.73E-66	2.39E-55	1.1E-45	5.57E-37	3.13E-29	1.95E-22	1.36E-16	1.06E-11	0.000000095	0.0000993	0.0127	0.215603453	0.543204737	0.215603453	0.012794178																																													
2.08E-69	4.47E-59	1.34E-49	5.65E-41	3.33E-33	2.76E-26	3.22E-20	5.34E-15	1.26E-10	0.000000433	0.00022	0.017275673	0.223589352	0.517828659	0.24108567																																													
1.46E-72	1.62E-62	3.07E-53	9.94E-45	5.52E-37	5.26E-30	8.63E-24	2.44E-18	1.2E-13	1.03E-09	0.00000157	0.000433888	0.022448549	0.229871987	0.747244002																																													
#nlbins																																																											
50																																																											
#olc_fsh																																																											
356.3017	191.3244	175.9986	272.3212	300.429	379.9534	1060.6808	1871.753	3406.311	8008.779	14866.69	28191.33	47829.85	75761.34	118991.21	160278.74	187798.99	195005.81	161925.57	120952.47	81832.51	58525.5	48529.8	53112.68	63932.6	85089.87	99836.23	108665.82	106007.88	95931.45	84187.29	68509.41	54431.39	41751.01	29627.829	23569.507	16344.513	12779.3747	8947.8269	6733.8239	5031.319	3361.0409	2788.0421	1906.3801	1438.2577	870.6747	733.1553	561.2517	392.6394	298.4975										
#age_len																																																											
1	0	0	0	0	0	0	0	0	0	0	0	0	0	0	0	0	0	0	0	0	0	0	0	0																																			
0.99	0.00949	0.0000222	0.0000222	0.000000344	8.89E-09	6.42E-10	3.83E-11	1.89E-12	7.67E-14	2.55E-15	1.11E-16	0	0	0	0	0	0	0	0	0	0	0	0	0																																			
0.18	0.234	0.271	0.196	0.0746	0.0241	0.011827654	0.005148318	0.001985807	0.000678747	0.000205576	0.0000552	0.0000131	0.00000276	0.000000516	9.45E-08	5.14E-09	6.64E-11	5.32E-13	2.66E-15	0	0	0	0	0																																			
0.00166	0.00913	0.0377	0.105	0.14	0.118	0.127	0.123	0.108	0.085342971	0.061163853	0.039625368	0.023206067	0.012285068	0.005878939	0.003161575	0.000799915	0.0000779	0.0000051	0.000000224	6.61E-09	1.31E-10	1.73E-12	1.53E-14	0																																			
0.00000223	0.0000345	0.000382	0.00289	0.00901	0.0142	0.0258	0.0427	0.0641	0.0873	0.107985505	0.121217889	0.123525185	0.114269917	0.095961197	0.101110882	0.064927079	0.019725952	0.004103568	0.000584149	0.0000569	0.00000378	0.000000172	5.32E-09	1.14E-10																																			
2.71E-08	0.000000522	0.00000765	0.000082	0.000357	0.000736	0.00172	0.00373	0.00747	0.0138	0.0236	0.037274811	0.054378943	0.073305192	0.09131201	0.160683414	0.217651952	0.166756652	0.0937213	0.038633431	0.011677831	0.002587688	0.000420211	0.00005	0.00000465																																			
8.28E-10	1.75E-08	0.000000292	0.00000373	0.0000193	0.0000459	0.000123	0.00031	0.000728	0.0016	0.00327	0.00627	0.01122592	0.018785279	0.029377785	0.070216606	0.149284186	0.197599775	0.200435248	0.155803709	0.092806707	0.042358647	0.014811937	0.003967519	0.000958662																																			
5.3E-11	1.16E-09	2.06E-08	0.000000288	0.00000164	0.00000424	0.0000123	0.0000338	0.0000871	0.000212	0.000485	0.00104	0.00212	0.004052571	0.007295945	0.021165228	0.060018578	0.112301599	0.165884729	0.193449022	0.178104165	0.129456795	0.074285304	0.033649677	0.016336399																																			
1.11E-11	2.24E-10	3.81E-09	5.24E-08	0.000000299	0.000000782	0.00000232	0.00000653	0.0000174	0.000044	0.000106	0.00024	0.000517	0.001058055	0.002051498	0.006626105	0.022217206	0.051214138	0.09572002	0.145060566	0.178255928	0.177620793	0.143515469	0.094026717	0.081699131																																			
1.41E-11	2.2E-10	3.03E-09	3.49E-08	0.000000176	0.000000427	0.0000012	0.0000032	0.00000819	0.00002	0.0000467	0.000104	0.000222	0.0004529	0.00088199	0.002899936	0.010186588	0.025417434	0.052999645	0.092356586	0.134501839	0.163705067	0.16652285	0.141567555	0.208101202																																			
2.43E-11	3.02E-10	3.43E-09	3.33E-08	0.000000149	0.000000334	0.000000881	0.00000223	0.00000543	0.0000127	0.0000286	0.0000618	0.000128	0.000257	0.000493	0.001607239	0.005672796	0.014542307	0.031884034	0.059789887	0.095897088	0.131556698	0.154367141	0.154929241	0.348763235																																			
5.09E-11	5.12E-10	4.87E-09	4.03E-08	0.000000161	0.000000335	0.000000831	0.00000199	0.0000046	0.0000103	0.0000222	0.0000463	0.0000931	0.000181	0.00034	0.001083139	0.003753385	0.009593984	0.021360052	0.041422901	0.069971294	0.102954544	0.131953561	0.147315726	0.469890563																																			
1.18E-10	9.82E-10	7.95E-09	5.69E-08	0.000000204	0.000000396	0.000000928	0.00000211	0.00000464	0.0000099	0.0000205	0.0000411	0.0000798	0.00015	0.000275	0.00085008	0.002856071	0.007155724	0.01584685	0.031020046	0.053673089	0.082089791	0.110979571	0.132623461	0.562320358																																			
2.89E-10	2.01E-09	1.41E-08	8.85E-08	0.000000288	0.000000522	0.00000116	0.0000025	0.00000526	0.0000107	0.0000213	0.0000411	0.0000772	0.000141	0.00025	0.000748308	0.002422054	0.005891576	0.012820811	0.024959709	0.043471722	0.067736108	0.094423906	0.117758886	0.629215673																																			
2.36E-10	1.36E-09	8.28E-09	4.58E-08	0.000000136	0.000000234	0.000000497	0.00000103	0.00000209	0.00000415	0.00000802	0.0000152	0.000028	0.0000505	0.0000889	0.000265358	0.000866491	0.002164024	0.004921893	0.010194751	0.019230809	0.033036712	0.051686365	0.073643837	0.803790944																																			
#test																																																											
1234567																																																											
