# Number of parameters = 929 Objective function value = 29163.2208461681  Maximum gradient component = 0.000522667898177847
# log_avgrec:
9.95323146836
# log_avginit:
4.82995120166
# log_avg_F:
-1.49758670385
# natmort_phi:
0.00000000000
# log_q_bts:
0.00000000000
# log_q_std_area:
-0.124507891609
# bt_slope:
0.00000000000
# log_q_eit:
-1.40971714980
# log_Rzero:
9.91939531518
# steepness:
0.682184964131
# log_q_cpue:
-0.00686524211261
# log_q_avo:
-9.69482822551
# log_initdevs:
 3.38767807941 2.93094811061 1.35300123988 0.453128266115 1.11921573284 0.326911759316 -0.800914923436 -1.25508254556 -1.24878425680 -1.25063992187 -1.25204645364 -1.25312912616 -1.25428599409 -1.25599719981
# log_rec_devs:
 -1.08095062841 0.0408553558995 -0.259773327462 0.254409139146 0.113951829468 0.238372795324 0.0840455128731 -0.396379165552 -0.590561221607 0.220216750405 -0.0299969437682 -0.168637139943 -0.445063341260 -0.406834749335 0.204471929837 1.09522508837 0.255180798695 0.375311130300 -0.268872938144 0.902742984866 -0.461313864805 0.487654955955 -0.363795737677 -0.978332912196 -1.32300071672 -0.593542522512 0.859131399206 0.207939734243 0.0859795757204 0.822561878252 -0.300258923323 -0.667460737178 0.0815635387216 0.385502486454 -0.313587101067 -0.222206260691 0.225650571878 0.534600034573 0.121396116635 -0.369240807968 -1.16413857652 -1.49728748313 -0.563457373200 0.233557330546 -0.312490973318 1.00661926700 0.0675878167438 -0.393202694977 -0.513511922644 1.14287885172 0.527650423158 -0.168612775612 -0.0840767493076
# larv_rec_devs:
 0.00000000000 0.00000000000 0.00000000000 0.00000000000 0.00000000000 0.00000000000 0.00000000000 0.00000000000 0.00000000000 0.00000000000 0.00000000000
 0.00000000000 0.00000000000 0.00000000000 0.00000000000 0.00000000000 0.00000000000 0.00000000000 0.00000000000 0.00000000000 0.00000000000 0.00000000000
 0.00000000000 0.00000000000 0.00000000000 0.00000000000 0.00000000000 0.00000000000 0.00000000000 0.00000000000 0.00000000000 0.00000000000 0.00000000000
 0.00000000000 0.00000000000 0.00000000000 0.00000000000 0.00000000000 0.00000000000 0.00000000000 0.00000000000 0.00000000000 0.00000000000 0.00000000000
 0.00000000000 0.00000000000 0.00000000000 0.00000000000 0.00000000000 0.00000000000 0.00000000000 0.00000000000 0.00000000000 0.00000000000 0.00000000000
 0.00000000000 0.00000000000 0.00000000000 0.00000000000 0.00000000000 0.00000000000 0.00000000000 0.00000000000 0.00000000000 0.00000000000 0.00000000000
 0.00000000000 0.00000000000 0.00000000000 0.00000000000 0.00000000000 0.00000000000 0.00000000000 0.00000000000 0.00000000000 0.00000000000 0.00000000000
 0.00000000000 0.00000000000 0.00000000000 0.00000000000 0.00000000000 0.00000000000 0.00000000000 0.00000000000 0.00000000000 0.00000000000 0.00000000000
 0.00000000000 0.00000000000 0.00000000000 0.00000000000 0.00000000000 0.00000000000 0.00000000000 0.00000000000 0.00000000000 0.00000000000 0.00000000000
 0.00000000000 0.00000000000 0.00000000000 0.00000000000 0.00000000000 0.00000000000 0.00000000000 0.00000000000 0.00000000000 0.00000000000 0.00000000000
 0.00000000000 0.00000000000 0.00000000000 0.00000000000 0.00000000000 0.00000000000 0.00000000000 0.00000000000 0.00000000000 0.00000000000 0.00000000000
# repl_F:
0.292432688137
# log_F_devs:
 -0.514931564423 -0.627522713743 -0.726368486559 -0.209418574063 -0.233943993393 -0.251979953322 0.207577360127 0.603278057521 0.652626230739 0.773849133123 0.759790665331 0.633025400727 0.495997991088 0.324764536371 0.365427405073 0.458018543157 0.481553560576 0.220987565106 -0.101637765072 -0.145808511113 -0.214123637392 -0.194506006216 -0.404101849209 -0.540372149405 -0.525506380497 -0.469573418482 -0.137947020436 0.120688014114 0.394454351760 -0.112626481364 -0.257012898853 -0.203058351998 0.113229604760 0.0871811304590 -0.0669337850969 -0.503486754236 -0.359551418841 -0.179447206577 -0.0406810505528 -0.00965401559149 -0.0858262777710 -0.178994203961 0.0205127775758 0.0624249187036 0.145077225297 0.121203688980 -0.118271727091 0.189870550841 0.136198392792 0.189448283242 0.0184618980564 -0.0981946573973 -0.0641664328656
# sigr:
0.900000000000
# sel_devs_fsh:
 -0.0255287303449 0.0495227483238 0.291256423591 0.156565969774 -0.0212108947007 -0.0703235064377 -0.0880734455333 -0.0911851149164 -0.0954397907141 -0.105580821610
 0.123885617529 0.221991719322 0.114687784078 -0.0800007515170 -0.0717437443085 -0.0723249669425 -0.0658864981577 -0.0632228593457 -0.0571364786236 -0.0502495795465
 0.126872721671 0.162726640893 0.401012202557 -0.253208988157 -0.151721598762 -0.118761447589 -0.0843855120327 -0.0527841739237 -0.0278739449875 -0.00187899515459
 0.290209698822 0.133764042478 -0.150099665438 0.0742082876092 -0.0306827713982 -0.0459502013644 -0.0583593890960 -0.0657115146274 -0.0694252372901 -0.0779518286096
 0.324435561662 0.0594370612748 0.280488441747 -0.126404113407 -0.130820351550 -0.117523883690 -0.101812213429 -0.0853572068979 -0.0564489147847 -0.0459949350122
 0.513518818064 0.232043163770 -0.0591516685062 -0.348250578914 -0.219871704123 -0.198524294581 -0.0952617656805 -0.0388375802354 0.00525301021740 0.209083924213
 0.110527535113 -0.100770862132 -0.177763006801 -0.0102106172455 0.0710961379331 0.0458148165216 -0.0578121088163 -0.0149422412959 0.0122788402652 0.121782232923
 -0.438712397630 0.337090214709 0.168210907077 0.146654861320 -0.0344181505726 -0.0141470990450 -0.0110404085426 -0.0164489106619 -0.00841194992663 -0.128776073257
 -0.457556199434 0.0918556418766 -0.0143215757033 0.0657693532275 0.0912293896881 0.0986140900611 0.0971030747789 0.0729180531709 0.0114233609696 -0.0570355371184
 -0.251872583554 0.273736510756 0.238333127606 0.00532592310347 -0.0199436001994 -0.0260894292579 -0.0181568673475 -0.0176143712282 -0.0281574286700 -0.155560577292
 -0.243995260957 -0.403311175881 0.181658265239 0.130730418757 0.0921558402387 0.0737965077973 0.0614602264244 0.00344290488747 0.0183090395860 0.0857540812081
 -0.203993244430 -0.0636788339713 -0.107283500514 0.101678641065 0.0930319770112 0.0794026333485 0.0682215237735 0.0506062544419 0.0145945624876 -0.0325799106411
 -0.167564319025 0.245115794188 -0.120118050667 -0.0522872718491 0.0174917257896 0.0281966565370 0.0261879649799 0.0199483703667 0.0119350451924 -0.00890506745433
 -0.324753039280 -0.102089358672 0.0889276810906 0.0200093239212 0.0496172094408 0.0456699561650 0.0531107167777 0.0549207832598 0.0572624407513 0.0573237227009
 -0.213709716659 -0.483539474402 -0.175330297715 -0.0784982968315 0.110158168186 0.161994826573 0.154919494628 0.162352826051 0.180606282137 0.181044736195
 -0.328402128145 -0.684972658443 -0.311046742746 0.132983267943 0.133962555682 0.204376312751 0.207394450550 0.199764582024 0.184655051570 0.261284424934
 -0.216867127767 -0.353481519485 -0.279358913767 0.00997179552231 0.181308651742 0.0852631999070 0.0951945074692 0.123819264479 0.159988796720 0.194161019140
 -0.100548604314 -0.0803550329391 -0.429003734119 -0.0374205227120 0.0480981764561 0.0608734728028 0.0581425603468 0.0931490916838 0.146986485275 0.240075724772
 -0.115350198126 0.455578209188 -0.0839536899407 -0.256763943786 -0.211055366868 0.0192292681707 0.0168279913388 -0.0129094443146 0.0320254079221 0.156371964988
 -0.0863559711321 -0.442312255967 0.0775687890144 0.00334388272351 0.228227237496 0.0279913907381 0.0815048310119 0.0518686073218 0.0211419311558 0.0370195622474
 -0.101241509034 0.225862870746 0.178012741197 -0.237769753935 -0.366813667561 0.131415203285 0.0637658168076 0.0998782041254 -0.00437327668654 0.0112596114975
 -0.0968884605926 -0.0127894755256 0.0285471773664 0.356164044003 0.0141186822622 -0.0473455328344 0.0110085666626 -0.106633052224 0.0424452876896 -0.188627812417
 -0.128405968519 -0.110218133525 0.0165924346817 -0.235365110472 -0.0149163847594 -0.131842228714 -0.173518819669 0.282501120928 0.212368635801 0.282804292862
 -0.151343813235 -0.0666027967719 0.999919032704 0.169685020246 0.214526262212 -0.0883588622216 0.159242293954 -0.275107131002 -0.358496332879 -0.603463346950
 -0.160331088902 -0.0295468266860 -0.617061057941 0.221667702565 -0.0459386054080 0.145749079661 0.172393148353 0.149964601775 0.0688246178299 0.0942793335181
 -0.176521970693 0.0628446000058 -0.311311057818 0.257513989659 0.342813907378 0.0905915265635 -0.145132592112 -0.0115706866216 -0.0131723043836 -0.0960534690129
 -0.172994993791 0.0350971250010 -0.520036329197 -0.419930811403 -0.157083347896 0.00962435556861 0.259386430247 0.0545283108048 0.341677393387 0.569730464724
 -0.147149194729 0.00911763066467 0.686004021703 -0.439746628564 -0.454629377383 -0.0185959872153 -0.0271922874047 0.254989292398 0.132375576436 0.00482269153880
 -0.102061191809 -0.826333450929 0.0584886995909 0.970123801017 0.103596566171 0.00625984206050 0.106753276028 -0.0251966371737 -0.111474308463 -0.180156551073
 0.0335669567610 0.0355791043995 -0.916701840472 -0.362401072663 0.867715053371 0.267787388842 0.0240193005709 0.0141205103459 -0.00174008963181 0.0380560531188
 0.00649378697109 0.118432263079 -0.353593866718 -0.724284838169 -0.332982871811 0.479857139125 0.211317304677 0.205461255050 0.192730464545 0.196568263404
 -0.0215866804010 0.661367329346 0.338963413467 -1.04198783122 -0.894909155189 -0.362434694706 0.282774954559 0.422491726353 0.342322903501 0.272998143520
 -0.0400832724059 0.517710035153 0.0526163071759 0.867945606024 0.0805442576831 -0.475741652263 -0.431411612399 -0.424629536901 -0.0979095310508 -0.0490397996415
 -0.105137581976 -0.482016035808 0.292556828346 0.230311853728 0.201352075174 0.268507433415 -0.285149864881 -0.0711087833232 -0.0568957210900 0.00757751882553
 -0.135847208019 -0.501784277232 0.909076594569 0.518560805552 0.140363213683 -0.210801787924 0.273413196569 -0.128729356387 -0.391668190292 -0.472582513633
 -0.113786263814 -0.137765019275 -0.654784205618 0.267260056226 0.398786829724 -0.0314887222879 -0.0205086662176 0.225163791152 0.0562423002571 0.0108821994526
 -0.0646695827374 -0.393692025726 -0.422153120723 -0.314317135579 0.270298310233 0.667943640696 0.140435526799 -0.0718041093174 0.0564360327766 0.131524027198
 -0.0271852249950 0.567459436988 -0.0150490009146 -0.0735602862745 -0.312833313229 0.00129759599873 0.0170590489291 0.00736213630219 -0.0176383769587 -0.146910270320
 -0.0306783564420 -0.547321262410 0.807173617941 -0.0744770530303 0.0963968339081 -0.157682922128 0.0146049828058 0.00921459389315 -0.0392683118519 -0.0779638867369
 -0.00759279234027 -0.312586980617 -0.771495570188 0.850293475546 0.0296749605265 -0.115413302971 0.0310886336595 0.0546006212153 0.0863498517648 0.155082653993
 -0.0154387862193 0.180122714948 0.0139586115632 -0.360681131088 0.456999367236 0.269491362723 -0.124835449180 -0.185688968829 -0.123247351589 -0.110679960673
 -0.0326249187521 0.363804904495 0.697015943736 -0.134458007708 -0.365529511601 -0.148316894332 -0.104883484513 -0.0747368319136 -0.113564834198 -0.0867049837188
 -0.0325530909649 0.102368145648 -0.0522424292063 -0.0284980696819 -0.0297465879681 0.0719680101815 0.0225891262047 -0.0388019368011 -0.0188853494391 0.00380334052530
 -0.0401249157642 -0.209167237227 -0.630923845443 -0.0203647058091 0.0212153965775 0.120748907367 0.166780296735 0.177511639092 0.213415489699 0.200910272772
 -0.0183741110858 -0.423453316000 0.172607188363 0.0486918594334 -0.227220394011 -0.154199613708 0.0155124129765 0.101666959226 0.190416977026 0.294353144581
 0.0710057536649 0.188895079339 -0.583380253292 0.520199126693 0.291741570968 -0.193137895229 -0.0979843083793 -0.00471448108143 -0.0742230482700 -0.118403686475
 0.0105066192050 0.0814211171427 0.0621752293188 -1.22269418003 0.411763459995 0.430563110562 0.161177460000 0.0423730806345 0.0193284468577 0.00338526441325
 -0.00144450812154 0.420824923983 0.387766246830 0.635655682099 -1.25427429475 -0.0875195243673 -0.0262065176545 -0.00961907012773 -0.0281726103498 -0.0370107115886
 -0.0126862382424 -0.513897038695 0.0654037876984 0.0997435190360 0.579983165074 -0.711607408349 -0.185835143142 0.123841045333 0.191470502487 0.363585135680
 -0.0431205886367 0.116910479242 -0.259152221617 -0.108845110474 0.187256822765 0.374637170765 0.139739803538 -0.169660453414 -0.134397060368 -0.103366933258
 -0.00152236984975 -0.156829416248 0.956567366189 0.0805481579082 -0.218126458357 0.142801965071 -0.226148711336 -0.217662458964 -0.247309314030 -0.112322667019
 0.0161053213113 0.0101656640457 -0.188547160976 -0.150179842359 -0.195588600201 0.0133523867915 0.0863127251855 0.143714891828 0.129693026852 0.134971315108
 0.00000000000 0.00000000000 0.00000000000 0.00000000000 0.00000000000 0.00000000000 0.00000000000 0.00000000000 0.00000000000 0.00000000000
# sel_devs_bts:
 0.00000000000 0.00000000000 0.00000000000 0.00000000000 0.00000000000 0.00000000000 0.00000000000 0.00000000000
 0.00000000000 0.00000000000 0.00000000000 0.00000000000 0.00000000000 0.00000000000 0.00000000000 0.00000000000
 0.00000000000 0.00000000000 0.00000000000 0.00000000000 0.00000000000 0.00000000000 0.00000000000 0.00000000000
 0.00000000000 0.00000000000 0.00000000000 0.00000000000 0.00000000000 0.00000000000 0.00000000000 0.00000000000
 0.00000000000 0.00000000000 0.00000000000 0.00000000000 0.00000000000 0.00000000000 0.00000000000 0.00000000000
 0.00000000000 0.00000000000 0.00000000000 0.00000000000 0.00000000000 0.00000000000 0.00000000000 0.00000000000
 0.00000000000 0.00000000000 0.00000000000 0.00000000000 0.00000000000 0.00000000000 0.00000000000 0.00000000000
 0.00000000000 0.00000000000 0.00000000000 0.00000000000 0.00000000000 0.00000000000 0.00000000000 0.00000000000
 0.00000000000 0.00000000000 0.00000000000 0.00000000000 0.00000000000 0.00000000000 0.00000000000 0.00000000000
 0.00000000000 0.00000000000 0.00000000000 0.00000000000 0.00000000000 0.00000000000 0.00000000000 0.00000000000
 0.00000000000 0.00000000000 0.00000000000 0.00000000000 0.00000000000 0.00000000000 0.00000000000 0.00000000000
 0.00000000000 0.00000000000 0.00000000000 0.00000000000 0.00000000000 0.00000000000 0.00000000000 0.00000000000
 0.00000000000 0.00000000000 0.00000000000 0.00000000000 0.00000000000 0.00000000000 0.00000000000 0.00000000000
 0.00000000000 0.00000000000 0.00000000000 0.00000000000 0.00000000000 0.00000000000 0.00000000000 0.00000000000
 0.00000000000 0.00000000000 0.00000000000 0.00000000000 0.00000000000 0.00000000000 0.00000000000 0.00000000000
 0.00000000000 0.00000000000 0.00000000000 0.00000000000 0.00000000000 0.00000000000 0.00000000000 0.00000000000
 0.00000000000 0.00000000000 0.00000000000 0.00000000000 0.00000000000 0.00000000000 0.00000000000 0.00000000000
 0.00000000000 0.00000000000 0.00000000000 0.00000000000 0.00000000000 0.00000000000 0.00000000000 0.00000000000
 0.00000000000 0.00000000000 0.00000000000 0.00000000000 0.00000000000 0.00000000000 0.00000000000 0.00000000000
 0.00000000000 0.00000000000 0.00000000000 0.00000000000 0.00000000000 0.00000000000 0.00000000000 0.00000000000
 0.00000000000 0.00000000000 0.00000000000 0.00000000000 0.00000000000 0.00000000000 0.00000000000 0.00000000000
 0.00000000000 0.00000000000 0.00000000000 0.00000000000 0.00000000000 0.00000000000 0.00000000000 0.00000000000
 0.00000000000 0.00000000000 0.00000000000 0.00000000000 0.00000000000 0.00000000000 0.00000000000 0.00000000000
 0.00000000000 0.00000000000 0.00000000000 0.00000000000 0.00000000000 0.00000000000 0.00000000000 0.00000000000
 0.00000000000 0.00000000000 0.00000000000 0.00000000000 0.00000000000 0.00000000000 0.00000000000 0.00000000000
 0.00000000000 0.00000000000 0.00000000000 0.00000000000 0.00000000000 0.00000000000 0.00000000000 0.00000000000
 0.00000000000 0.00000000000 0.00000000000 0.00000000000 0.00000000000 0.00000000000 0.00000000000 0.00000000000
 0.00000000000 0.00000000000 0.00000000000 0.00000000000 0.00000000000 0.00000000000 0.00000000000 0.00000000000
 0.00000000000 0.00000000000 0.00000000000 0.00000000000 0.00000000000 0.00000000000 0.00000000000 0.00000000000
 0.00000000000 0.00000000000 0.00000000000 0.00000000000 0.00000000000 0.00000000000 0.00000000000 0.00000000000
 0.00000000000 0.00000000000 0.00000000000 0.00000000000 0.00000000000 0.00000000000 0.00000000000 0.00000000000
 0.00000000000 0.00000000000 0.00000000000 0.00000000000 0.00000000000 0.00000000000 0.00000000000 0.00000000000
 0.00000000000 0.00000000000 0.00000000000 0.00000000000 0.00000000000 0.00000000000 0.00000000000 0.00000000000
 0.00000000000 0.00000000000 0.00000000000 0.00000000000 0.00000000000 0.00000000000 0.00000000000 0.00000000000
# sel_devs_eit:
 -0.593970823111 0.812747217654 1.63307269259 1.60368440236 1.38427472939 1.34937462307 1.11973648362
# sel_coffs_fsh:
 -4.28992546032 -2.43121492232 -1.21308145848 0.241293486701 0.385661587605 0.382932769496 0.352302186162 0.311989058228 0.276061413555 0.250461743787
# sel_coffs_bts:
 -0.0100000000000 -0.0100000000000 -0.0100000000000 -0.0100000000000 -0.0100000000000 -0.0100000000000 -0.0100000000000 -0.0100000000000
# sel_coffs_eit:
 1.22315879184 0.0213998248105 -0.733713455990 -0.686642008814 -0.653294964916 -0.603865396985 -0.547056008584
# sel_slp_bts:
1.03146951923
# sel_a50_bts:
5.99999997677
# sel_age_one:
-2.98714396159
# sel_slp_bts_dev:
 -0.345993885956 -0.176505280252 -0.0948687831099 -0.260498599029 -0.208005278763 -0.195953029047 -0.166178063650 -0.0808132398914 0.0261216666292 0.0649186572105 0.0747795973245 0.0935472330509 0.0937260782129 0.0698339747494 -0.0578112562114 -0.204245344872 -0.320600680222 -0.361661666306 -0.297080535627 -0.285627736069 -0.148793777854 -0.0232907946165 -0.000448702310595 0.0457352005498 0.0529029340109 0.162826995697 0.275251963946 0.312328480057 0.434513765081 0.425598335697 0.257156117048 0.262974908586 0.294781697658 0.164948897291 0.116430150987
# sel_a50_bts_dev:
 -0.125893630497 -0.157508830430 -0.00698148731224 0.0166826950281 0.0605040119644 -0.0322140261092 -0.151602325151 -0.185029793118 -0.148889666596 -0.0470673506708 -0.0773813442889 -0.0995826633073 -0.0403306572810 0.0716394809932 0.183834364660 0.179329618638 0.255352522765 0.120956602443 0.0856463838150 0.133490450192 0.0945193935408 0.142587787996 0.0888072382775 0.00494151287410 0.121619117478 -0.0305724496917 -0.0309636828451 -0.0624165565073 -0.137281376242 -0.00926601160502 -0.0346735539069 -0.0424094076075 -0.0688452266953 -0.0522515491251 -0.0187495916788
# sel_one_bts_dev:
 -0.120141981231 -0.148935917832 0.00661940449364 -0.310508138150 -0.434957794803 -0.201529366683 -0.333541529138 -0.117457001735 0.103222197824 -0.169677107959 -0.0352090657126 0.0206738583673 -0.133020034642 -0.160753041657 -0.0403853756575 -0.0266780473803 0.0730299878896 0.0170850771439 0.141760966948 0.101213564328 0.237364350534 0.336486532248 0.0735495419402 -0.0268186453322 -0.0585255028695 -0.0501945518778 0.168610809372 0.355576214998 0.286056921482 -0.0309120585143 -0.0767567748807 0.289845167746 0.0826566278330 0.0564680019890 0.125782710917
# sel_dif1_fsh:
1.00000000000
# sel_a501_fsh:
3.00000000000
# sel_trm2_fsh:
0.900000000000
# sel_dif2_fsh:
5.00000000000
# sel_dif1_fsh_dev:
 0.00000000000 0.00000000000 0.00000000000 0.00000000000 0.00000000000 0.00000000000 0.00000000000 0.00000000000 0.00000000000 0.00000000000 0.00000000000 0.00000000000 0.00000000000 0.00000000000 0.00000000000 0.00000000000 0.00000000000 0.00000000000 0.00000000000 0.00000000000 0.00000000000 0.00000000000 0.00000000000 0.00000000000 0.00000000000 0.00000000000 0.00000000000 0.00000000000 0.00000000000 0.00000000000 0.00000000000 0.00000000000 0.00000000000 0.00000000000 0.00000000000 0.00000000000 0.00000000000 0.00000000000 0.00000000000 0.00000000000 0.00000000000 0.00000000000 0.00000000000 0.00000000000 0.00000000000 0.00000000000 0.00000000000 0.00000000000 0.00000000000 0.00000000000 0.00000000000 0.00000000000 0.00000000000
# sel_a501_fsh_dev:
 0.00000000000 0.00000000000 0.00000000000 0.00000000000 0.00000000000 0.00000000000 0.00000000000 0.00000000000 0.00000000000 0.00000000000 0.00000000000 0.00000000000 0.00000000000 0.00000000000 0.00000000000 0.00000000000 0.00000000000 0.00000000000 0.00000000000 0.00000000000 0.00000000000 0.00000000000 0.00000000000 0.00000000000 0.00000000000 0.00000000000 0.00000000000 0.00000000000 0.00000000000 0.00000000000 0.00000000000 0.00000000000 0.00000000000 0.00000000000 0.00000000000 0.00000000000 0.00000000000 0.00000000000 0.00000000000 0.00000000000 0.00000000000 0.00000000000 0.00000000000 0.00000000000 0.00000000000 0.00000000000 0.00000000000 0.00000000000 0.00000000000 0.00000000000 0.00000000000 0.00000000000 0.00000000000
# sel_trm2_fsh_dev:
 0.00000000000 0.00000000000 0.00000000000 0.00000000000 0.00000000000 0.00000000000 0.00000000000 0.00000000000 0.00000000000 0.00000000000 0.00000000000 0.00000000000 0.00000000000 0.00000000000 0.00000000000 0.00000000000 0.00000000000 0.00000000000 0.00000000000 0.00000000000 0.00000000000 0.00000000000 0.00000000000 0.00000000000 0.00000000000 0.00000000000 0.00000000000 0.00000000000 0.00000000000 0.00000000000 0.00000000000 0.00000000000 0.00000000000 0.00000000000 0.00000000000 0.00000000000 0.00000000000 0.00000000000 0.00000000000 0.00000000000 0.00000000000 0.00000000000 0.00000000000 0.00000000000 0.00000000000 0.00000000000 0.00000000000 0.00000000000 0.00000000000 0.00000000000 0.00000000000 0.00000000000 0.00000000000
# rec_dev_future:
 0.00000000000 0.00000000000 0.00000000000 0.00000000000 0.00000000000
# M_dev:
 0.00000000000 0.00000000000 0.00000000000 0.00000000000 0.00000000000 0.00000000000 0.00000000000 0.00000000000 0.00000000000 0.00000000000 0.00000000000 0.00000000000 0.00000000000 0.00000000000 0.00000000000 0.00000000000 0.00000000000 0.00000000000 0.00000000000 0.00000000000 0.00000000000 0.00000000000 0.00000000000 0.00000000000 0.00000000000 0.00000000000 0.00000000000 0.00000000000 0.00000000000 0.00000000000 0.00000000000 0.00000000000 0.00000000000 0.00000000000 0.00000000000 0.00000000000 0.00000000000 0.00000000000 0.00000000000 0.00000000000 0.00000000000 0.00000000000 0.00000000000 0.00000000000 0.00000000000 0.00000000000 0.00000000000 0.00000000000 0.00000000000 0.00000000000 0.00000000000 0.00000000000
# L1:
27.2088334558
# L2:
49.8704825828
# log_alpha:
-11.5040644174
# log_K:
-0.315962350274
# d_scale:
 0.572321578199 0.811635506052 0.791118729483 0.778241579527 0.810811529541 0.847603656838 0.877569487550 0.904179111110 0.981554905696 1.01657796700 1.07674936428 1.08963921218 1.70982593482
# coh_eff:
 0.00000000000 0.00000000000 0.00000000000 0.00000000000 0.00000000000 0.00000000000 0.00000000000 0.00000000000 0.00000000000 0.00000000000 0.00000000000 0.00000000000 0.00000000000 0.00000000000 0.00000000000 0.00000000000 0.0652120584126 -0.0712370173642 0.155712487540 -0.0830043129713 -0.00590627775055 -0.0896103775263 0.0525934690182 0.361247155383 -0.0654112073096 -0.484453569245 0.499773315887 2.11228948733 2.38931736799 2.95930993055 3.00474238749 1.98189838668 3.03025995201 3.62134282850 2.50523028826 2.09888379018 1.83849978511 4.67468546604 4.99999999901 3.85157051335 0.104447123240 0.716826191795 3.52286576397 1.91739507345 3.67783159591 2.80012393268 1.79818315372 4.26987469455 4.99999999943 4.63992098286 3.41506102289 2.60550971671 4.42030234429 2.64291517680 2.91413089185 3.97218397560 2.31426330556 2.80479282559 2.54658108357 2.45837545373 4.16349608240 3.76107554519 0.00000000000 0.00000000000
# yr_eff:
 0.00000000000 0.0632323375419 0.258513624559 0.0384236228624 0.504697029097 0.193843947843 0.119797108134 -0.153887615675 -0.0515269464622 1.70657851953 1.09650483332 -0.591903208646 0.436351560556 -0.0792114514077 -0.0891870661520 -0.169586572424 -1.32051720835 -0.518880301944 -0.679333480114 -1.01634715629 -0.246512752338 -0.364672555463 -0.00683667488312 0.178035723671 -0.512534576711 -1.56648977628 -0.647984821358 0.216382609463 -2.00973629499 -0.00263374038952 -0.554920525625 -0.512504679051 0.380534616940 -0.371092779086 -0.501762059769 -1.52938691201 -1.09419528316 0.454853832333 -0.523909723988 0.400512328382 0.0376205173965 -0.188313394103 -0.723614088118 -0.391113618979 -0.198521342151 0.0891066152405 -0.412024697851 0.00000000000 0.00000000000 0.00000000000 0.00000000000 0.00000000000
