log-posterior
-1824.75
-1824.75
-1824.75
-1824.75
-1824.75
-1824.75
-1824.75
-1824.75
-1824.75
-1824.75
-1826.23
-1829.01
-1837.72
-1840.93
-1846.78
-1853.66
-1858.72
-1865.93
-1869.73
-1873.56
-1880.5
-1886.23
-1888.59
-1891.99
-1892.52
-1894.77
-1900.16
-1902.79
-1911.67
-1917.84
-1926.59
-1927.4
-1933.99
-1937.29
-1938.37
-1941.2
-1949.04
-1949.06
-1949.82
-1953.07
-1958.01
-1972.29
-1971.74
-1971.25
-1979.7
-1984.15
-1984.62
-1987.6
-1989.23
-1993.9
-1998.65
-1999.26
-2000.73
-2001.49
-2006.96
-2007.27
-2011.83
-2010.7
-2017.05
-2019.91
-2022.4
-2027.63
-2025.71
-2028.14
-2027.99
-2027.2
-2036.73
-2034.34
-2034.58
-2032.16
-2035.87
-2037.65
-2043.05
-2042.9
-2043.67
-2045.5
-2042.82
-2041.09
-2055.04
-2052.71
-2054.3
-2054.15
-2050.22
-2057.69
-2059.44
-2060.66
-2059.05
-2059.13
-2061.47
-2068.15
-2068.36
-2066.63
-2063.7
-2062.54
-2063.65
-2070.25
-2071.7
-2073.83
-2076.66
-2076.23
-2078.28
-2084.35
-2082.04
-2082.11
-2084.27
-2085.86
-2084.2
-2089.39
-2090.05
-2093.69
-2089.68
-2093.54
-2091.79
-2089.98
-2090.99
-2090.69
-2091.76
-2099.19
-2098.17
-2095.69
-2094.54
-2097.3
-2100.65
-2100.05
-2105.49
-2100.07
-2099.54
-2103.64
-2105.5
-2105.65
-2103.65
-2104.12
-2109.74
-2109.91
-2108.52
-2116.27
-2121.19
-2114.61
-2118.99
-2114.73
-2111.65
-2109.86
-2110.64
-2109.33
-2110.7
-2110.6
-2109.13
-2108.14
-2105.53
-2103.83
-2107.33
-2109.07
-2114.34
-2114.29
-2113.97
-2112.47
-2118.05
-2120.39
-2122.54
-2125.72
-2131.88
-2132.93
-2132.67
-2133.84
-2139.29
-2141.18
-2143.04
-2143.49
-2144.15
-2144.27
-2141.74
-2144.39
-2140.12
-2143.92
-2143.25
-2144.07
-2139.94
-2140.06
-2143.4
-2144.85
-2139.9
-2140.2
-2138.17
-2136.79
-2134.08
-2136.14
-2130.82
-2123.06
-2127.1
-2132.93
-2136.18
-2136.99
-2138.35
-2134.72
-2133.14
-2135.74
-2141.37
-2143.57
-2147.02
-2146.7
-2145.63
-2150.53
-2149.28
-2147.26
-2151.36
-2149.58
-2151.1
-2155.65
-2156.45
-2155.82
-2155.39
-2156.05
-2154.73
-2154.21
-2148.68
-2143.47
-2147.55
-2145.62
-2148.29
-2146.21
-2151.19
-2156.81
-2152.49
-2150.21
-2152.18
-2153.01
-2158.86
-2165.78
-2164.67
-2167.53
-2166.19
-2160.73
-2163.25
-2161.6
-2160.5
-2156.17
-2156.87
-2158.45
-2160.03
-2163.93
-2168.91
-2162.66
-2163.93
-2166.19
-2157.93
-2154.16
-2152.41
-2152.81
-2147.6
-2143.89
-2145.51
-2142.57
-2142.67
-2142.16
-2137.97
-2137.87
-2141.18
-2139.93
-2137.81
-2139.77
-2145.9
-2145.01
-2150.6
-2151.87
-2154
-2153.74
-2162.81
-2162.2
-2166.09
-2160.71
-2158.51
-2160.63
-2166.01
-2165.57
-2163.12
-2158.06
-2158.68
-2158.32
-2163.29
-2165.65
-2167.68
-2167.47
-2170.04
-2164.83
-2159.32
-2157.27
-2158
-2153.58
-2160
-2162.27
-2162.19
-2160.29
-2157.79
-2155.2
-2157.66
-2157.42
-2150.69
-2150.3
-2141.38
-2140.38
-2146.39
-2145.05
-2149.81
-2154.11
-2152.34
-2158.51
-2161.4
-2159.64
-2159.4
-2155.46
-2159.29
-2159.98
-2160.98
-2162.26
-2159.23
-2159.68
-2161.62
-2159.91
-2155.92
-2157.74
-2148.76
-2149.75
-2150.51
-2154.7
-2156.86
-2152.32
-2156.46
-2157.35
-2157.02
-2156.97
-2154.35
-2155.01
-2155.97
-2160.46
-2160.54
-2158.41
-2155.27
-2152.66
-2158.2
-2157.94
-2154.52
-2150.4
-2153.31
-2159.49
-2161.36
-2156.84
-2152.34
-2151.48
-2154.42
-2152.45
-2155.21
-2151.14
-2155.44
-2157.68
-2162.89
-2164.59
-2164.81
-2163.24
-2163.16
-2159.19
-2158.06
-2159.95
-2161.64
-2159.38
-2158.75
-2156.3
-2151.24
-2154.72
-2154.06
-2150.66
-2150.2
-2155.07
-2155.37
-2153.56
-2155.37
-2157.75
-2160.65
-2161.29
-2153.97
-2146.27
-2147.95
-2147.97
-2150.9
-2148.24
-2149.38
-2144.04
-2147.47
-2148.74
-2144.38
-2142.2
-2140.89
-2144.54
-2147.29
-2146.35
-2144.89
-2141.05
-2143.07
-2136.49
-2142.55
-2140.71
-2143.97
-2142.65
-2144.33
-2135.38
-2133.12
-2130.86
-2129.71
-2129.04
-2133.58
-2133.11
-2129.85
-2135.23
-2133.43
-2128.9
-2131.55
-2129.68
-2132.04
-2128.33
-2127.63
-2126.14
-2129.13
-2127.41
-2128.66
-2135.31
-2134.91
-2133.14
-2131.95
-2131.57
-2131.48
-2132.18
-2130.63
-2131.81
-2140.56
-2140.04
-2145.56
-2144.96
-2148.76
-2147.21
-2147.21
-2149.11
-2146.63
-2147.9
-2143.7
-2148.3
-2148.9
-2149.91
-2150.44
-2151.75
-2151.42
-2154.31
-2158.31
-2156.3
-2161.12
-2165.85
-2161.27
-2161.6
-2162.18
-2163.29
-2159.28
-2158.41
-2158.41
-2153.12
-2153.77
-2154.67
-2164.86
-2165.99
-2172.04
-2175.15
-2170.34
-2172.88
-2174.45
-2174.55
-2174.49
-2178.74
-2179.41
-2181.02
-2182.69
-2181.55
-2180.11
-2184.92
-2185.03
-2187.57
-2187.09
-2190.2
-2186.16
-2187.69
-2189.54
-2194.01
-2194.62
-2194.35
-2189.63
-2185.64
-2182.44
-2188.47
-2188.42
-2193.63
-2194.42
-2195.51
-2188.59
-2187.01
-2188.36
-2185.23
-2189.54
-2187.78
-2187.72
-2186.67
-2186.4
-2190.33
-2189.92
-2183.85
-2189.95
-2186.95
-2188.54
-2186.45
-2190.28
-2187.02
-2197.14
-2196.01
-2197.81
-2197.62
-2194.28
-2196.11
-2191.92
-2187.76
-2183.61
-2182.87
-2181.97
-2172.03
-2166.51
-2166.07
-2167.47
-2168.82
-2165.13
-2166.86
-2170.23
-2171.82
-2171.4
-2170.26
-2174.07
-2174.02
-2171.73
-2169.47
-2163.69
-2163.99
-2170.42
-2170.78
-2168.15
-2164.47
-2168.31
-2171.04
-2177.07
-2172.81
-2173.26
-2175.65
-2170.69
-2173.92
-2174.38
-2170.77
-2169.76
-2169.18
-2165.4
-2166.54
-2170.11
-2168.11
-2159.54
-2156.26
-2156.15
-2152.1
-2144.78
-2144.55
-2148.24
-2147.73
-2149.97
-2151.92
-2146.29
-2153.29
-2154.4
-2163.01
-2164.81
-2165.32
-2166.57
-2165.79
-2163.86
-2161.93
-2158.89
-2158.97
-2162.08
-2157.63
-2157.18
-2156.51
-2152.85
-2156.24
-2157.5
-2161.82
-2157.19
-2154.17
-2155.05
-2158.88
-2159.58
-2158.05
-2151.36
-2149.44
-2152.21
-2153.64
-2154.26
-2153.43
-2146.96
-2145.2
-2137.03
-2134.46
-2137.84
-2140.26
-2140.53
-2147.02
-2147
-2145.67
-2143.55
-2143.18
-2143.5
-2137.95
-2136.42
-2136.45
-2133.59
-2136.64
-2141.18
-2145.82
-2143.05
-2140.89
-2138.02
-2142.1
-2142.9
-2141.76
-2136.62
-2140.01
-2146.9
-2154.9
-2159.58
-2154.9
-2157.94
-2157.98
-2157.53
-2158.81
-2151.49
-2148.12
-2147.9
-2149.31
-2151.38
-2150.5
-2148.21
-2141.64
-2142.92
-2142.8
-2141.32
-2146.27
-2144.35
-2142.86
-2142.31
-2140.65
-2139.15
-2141.15
-2141.41
-2147.33
-2144.58
-2145.46
-2145.22
-2144.73
-2141.25
-2140.03
-2136.12
-2142.69
-2140.69
-2139.8
-2140.58
-2142.33
-2144.38
-2141.51
-2136.62
-2138.61
-2134.71
-2133.37
-2133.97
-2131.24
-2128.62
-2126.25
-2129.31
-2129.85
-2130.59
-2131.24
-2132.2
-2134.44
-2135.38
-2133.74
-2134.06
-2134.53
-2135.98
-2138.27
-2135.4
-2137.16
-2142.24
-2138.09
-2132.3
-2134.93
-2136.35
-2132.78
-2133.21
-2136.16
-2135.36
-2137.45
-2135.13
-2137.69
-2144.13
-2149.16
-2149.09
-2147.91
-2148.93
-2153.13
-2151.77
-2150.55
-2145.73
-2143.08
-2146.16
-2151.27
-2145.56
-2142.81
-2148.41
-2149.39
-2145.51
-2147.82
-2155.49
-2153.43
-2161.29
-2160.46
-2156.31
-2153.99
-2153.69
-2152.19
-2150.95
-2147.79
-2147.18
-2150.96
-2151.69
-2153.29
-2159.48
-2157.75
-2156.23
-2159.73
-2156.58
-2156.11
-2158.7
-2159.67
-2158.24
-2158.68
-2163.85
-2160.86
-2157.88
-2155.57
-2156.49
-2158.42
-2159.71
-2164.89
-2164.88
-2164.41
-2163.68
-2167.34
-2169.85
-2174.33
-2173.3
-2173.79
-2174.82
-2178.6
-2177.45
-2177.39
-2176.02
-2175.19
-2175.7
-2173.55
-2173.13
-2170.16
-2169.67
-2163.52
-2163.5
-2158.23
-2161.09
-2159.26
-2161.13
-2160.45
-2160.05
-2161.11
-2156.23
-2152.09
-2155.09
-2155.59
-2155.36
-2153.92
-2154.92
-2158.71
-2160.25
-2165.3
-2164.26
-2167.24
-2167.26
-2164.22
-2173.25
-2170.4
-2172.78
-2171.49
-2171.92
-2173.69
-2170.97
-2168.25
-2167.3
-2163.74
-2162.23
-2160.84
-2165.3
-2167.72
-2166.8
-2176.31
-2174.18
-2171.84
-2173.54
-2169.6
-2176.36
-2176.34
-2178.89
-2180.19
-2174.53
-2163.08
-2165.41
-2169.96
-2170.06
-2171.44
-2171.19
-2171.47
-2175.65
-2183.19
-2185.3
-2174.52
-2173.06
-2181.74
-2182.88
-2181.03
-2184.39
-2174.32
-2176.24
-2175.15
-2174.79
-2170.28
-2169.64
-2163.04
-2165.56
-2159.72
-2163.31
-2162.25
-2166.03
-2157.3
-2155
-2158.14
-2155.73
-2158.97
-2160.17
-2162.03
-2160.58
-2157.77
-2154.46
-2153.26
-2160.35
-2163.42
-2165.57
-2170.84
-2170.28
-2169.81
-2160.13
-2159.11
-2159.04
-2161.98
-2156.61
-2155.87
-2161.1
-2165.86
-2171.1
-2171.71
-2177.32
-2180.61
-2179.38
-2180.66
-2184.23
-2185.35
-2181.52
-2178.31
-2179.69
-2177.52
-2178.59
-2181.29
-2181.86
-2177.25
-2176.68
-2179.8
-2180.06
-2179.41
-2182.8
-2191.76
-2190.65
-2188.42
-2184.48
-2185.17
-2181.14
-2181.92
-2181.75
-2176.98
-2175.07
-2176.13
-2173.56
-2177.71
-2176.25
-2178.38
-2182.4
-2184.82
-2184.37
-2184.26
-2185.77
-2185.69
-2181.84
-2179.23
-2178.06
-2177.34
-2172.48
-2169.81
-2164.93
-2167.81
-2166.74
-2160.77
-2159.44
-2162.28
-2164
-2158.4
-2158.59
-2157.43
-2159.97
-2161.56
-2160
-2161.92
-2164.47
-2168.56
-2165.41
-2162.76
-2161.82
-2160.58
-2161.42
-2166.78
-2173.96
-2177.3
-2172.68
-2176.62
-2177.78
-2180.02
-2176.23
-2169.99
-2172.73
-2170.85
-2166.95
-2164.94
-2164.07
-2163.62
-2169.21
-2172.71
-2174.87
-2171.06
-2164.98
-2166.65
-2169.26
-2173.37
-2170.73
-2159.72
-2160
-2158.77
-2159.54
-2167.58
-2160.55
-2165.91
-2163.14
-2165.12
-2164.49
-2169.05
-2169.01
-2170.11
-2168.34
-2169.9
-2163.83
-2166.59
-2168.02
-2166.2
-2166.77
-2166.66
-2167.57
-2166.7
-2162.28
-2160.13
-2164.11
-2163.29
-2161.27
-2157.85
-2158.94
-2161.31
-2161.15
-2162.03
-2162.04
-2161.27
-2166.78
-2172.58
-2173.94
-2173.38
-2172.22
-2170.05
-2167.63
-2166.52
-2167.75
-2163.89
-2163.64
-2166.41
-2166.46
-2173.5
-2174.42
-2174.59
-2176.41
-2171.02
-2170.25
-2172.2
-2171.45
-2177.84
-2172.27
-2172.23
-2165.24
-2160.98
-2163.91
-2166.39
-2168.16
-2171.03
-2167.41
-2166.57
-2167.63
-2167.27
-2170.33
-2173.24
-2173.56
-2177.59
-2181.26
-2179.82
-2176.58
-2171.74
-2176.87
-2181.43
-2180.58
-2180.74
-2180.3
-2177.97
-2180.33
-2184.92
-2185.59
-2187.96
-2186.12
-2185.34
-2185.22
-2187.6
-2187.46
-2193.53
-2186.4
-2186.93
-2185.02
-2185.84
-2180.27
-2179.32
-2178.98
-2190.4
-2192.43
-2196.19
-2186.63
-2191.06
-2189.34
-2189.69
-2189.48
-2186.82
-2184.86
-2184.56
-2184.59
-2183.61
-2187.49
-2193.7
-2193.04
-2196.7
-2191.89
-2197.58
-2197.42
-2191.63
-2194.4
-2188.87
-2189.57
-2187.37
-2189.05
-2190.54
-2196.59
-2193.67
-2191.55
-2182.7
-2183.47
-2184.91
-2183.68
-2183.02
-2173.89
-2171.91
-2172.26
-2173.68
-2176.06
-2178.69
-2184.26
-2182.06
-2184.38
-2185.14
-2183.97
-2190.68
-2194.58
-2192.44
-2189.08
-2192.7
-2193.81
-2185.71
-2186.85
-2185.69
-2179.01
-2176.12
-2180.87
-2181.83
-2173.58
-2174.07
-2170.54
-2169.77
-2171.75
-2170.09
-2171.19
-2172.27
-2167.89
-2163.45
-2166.1
-2165.53
-2163.31
-2163.16
-2165.12
-2164.9
-2163.37
-2163.17
-2165.65
-2169.94
-2171.44
-2162.92
-2161.33
-2162.21
-2163.29
-2159.91
-2160.47
-2158.32
-2154.7
-2156.92
-2157.6
-2157.13
-2154.59
-2157.43
-2160.19
-2160.42
-2159.58
-2157.63
-2157.13
-2155.43
-2158.43
-2163
-2167.13
-2166.66
-2164.98
-2156.97
-2154.86
-2157.14
-2155.04
-2158.07
-2155.46
-2156.37
-2153.95
-2154.57
-2159.28
-2155.87
-2154.75
-2153.74
-2162.2
-2159.81
-2161.91
-2156.84
-2154.6
-2155.07
-2153.26
-2157.63
-2157.93
-2157.92
-2161.78
-2161.15
-2162.04
-2160.34
-2158.4
-2153.24
-2158.69
-2154.56
-2153.23
-2153.54
-2154.16
-2152.37
-2158.05
-2156.07
-2150.18
-2149.74
-2150.61
-2156.5
-2155.34
-2151.77
-2150.48
-2148.63
-2146.52
-2150.01
-2149.34
-2150.84
-2154.22
-2155.81
-2160.61
-2160.34
-2163.22
-2160.8
-2156.29
-2154.65
-2154.13
-2155.59
-2152.97
-2153.85
-2153.36
-2151.89
-2146.55
-2152.14
-2153.48
-2151.93
-2157.68
-2161.17
-2158.55
-2157.56
-2156.06
-2150.5
-2151.87
-2149.9
-2145.3
-2145.32
-2144.98
-2147.11
-2150.14
-2152.43
-2153.71
-2156.56
-2162.65
-2164.6
-2158.41
-2164.26
-2163.52
-2164.03
-2163.92
-2166.29
-2165.08
-2159.09
-2160.2
-2157.43
-2152.12
-2152.67
-2155.92
-2154.39
-2161.85
-2156.9
-2159.02
-2156.63
-2155.75
-2154.69
-2149.94
-2149.76
-2147.35
-2146.99
-2140.24
-2139.54
-2143.02
-2143.15
-2141.42
-2145
-2142.15
-2142.91
-2144.33
-2141.75
-2136.78
-2138.21
-2139.85
-2136.48
-2136.59
-2133.27
-2138.23
-2140.45
-2138.82
-2140.27
-2143.15
-2139.5
-2135.95
-2136.28
-2137.94
-2134.57
-2131.25
-2134.46
-2132.19
-2128.42
-2130.33
-2124.03
-2126.03
-2126.98
-2126.15
-2126.41
-2127.72
-2129.26
-2133.5
-2137.18
-2134.9
-2137.08
-2136.37
-2136.3
-2138.71
-2140.48
-2140.59
-2138.7
-2139.24
-2144.49
-2147.24
-2150.83
-2151.81
-2147.51
-2152.13
-2149.55
-2154.15
-2152.72
-2153.95
-2152.62
-2153.26
-2161.34
-2163.93
-2169.5
-2169.29
-2171.83
-2163.84
-2160.84
-2159.64
-2154.13
-2157.83
-2155.15
-2152
-2149.02
-2146.55
-2145.27
-2144.19
-2145.16
-2149.89
-2153.75
-2156
-2155.35
-2154.88
-2152.71
-2151.76
-2147.96
-2148.99
-2147.73
-2148.25
-2155.17
-2154.28
-2160.17
-2158.75
-2156.76
-2151.17
-2149.86
-2150.32
-2148.69
-2144.71
-2141.53
-2137.89
-2141.03
-2149.27
-2153.21
-2159.38
-2162.91
-2164.57
-2159.51
-2162.06
-2164.22
-2166.73
-2173.06
-2180.47
-2176.82
-2174.11
-2174.33
-2177.47
-2175.37
-2175.34
-2170.41
-2166.69
-2166.93
-2163.94
-2156.99
-2149.75
-2151.04
-2145.35
-2143.92
-2143.57
-2142.09
-2142.14
-2143.55
-2142.71
-2146.43
-2148.89
-2147.06
-2141.69
-2141.46
-2143.07
-2143.2
-2141.65
-2139.1
-2143.25
-2147.48
-2149.75
-2143.78
-2142.74
-2142.25
-2137.4
-2141.63
-2138.71
-2140.74
-2141.29
-2142.47
-2142
-2142.89
-2148.19
-2149.52
-2151.3
-2153.73
-2158.75
-2154.16
-2155.78
-2159.75
-2158.36
-2153.78
-2151.87
-2154.58
-2152.64
-2151.1
-2154.68
-2160
-2154.95
-2148.8
-2148.71
-2152.75
-2148.91
-2155.42
-2152.03
-2151.98
-2153.81
-2152.82
-2149.25
-2149.38
-2150.09
-2151.72
-2150.11
-2149
-2148.43
-2147.83
-2146.23
-2149.08
-2148.71
-2147.09
-2150.64
-2150.26
-2149.22
-2151.66
-2149.62
-2145.49
-2150.83
-2153.21
-2155.8
-2151.8
-2151.88
-2155.87
-2156.47
-2155.09
-2149.06
-2146.85
-2145.75
-2146.69
-2148.7
-2149.53
-2150.49
-2146.25
-2144.45
-2146.25
-2143.48
-2144.43
-2142.31
-2137.3
-2133.76
-2132.75
-2136.69
-2138.02
-2139.79
-2145.5
-2147.42
-2145.57
-2145.54
-2152.86
-2155.67
-2158.73
-2152.19
-2152.38
-2151.33
-2154.12
-2153.06
-2147.29
-2148.29
-2145.74
-2140.08
-2134.17
-2134.43
-2135.86
-2138.82
-2136.35
-2140.83
-2142.08
-2144.36
-2146.53
-2146.12
-2140.95
-2139.32
-2137.47
-2133.94
-2130.54
-2132.7
-2133.51
-2133.14
-2137.56
-2129.55
-2133.44
-2132.65
-2130.14
-2129.83
-2127.24
-2126.76
-2132.02
-2135.79
-2132.15
-2134.38
-2132.12
-2131.58
-2130.56
-2129.64
-2127.23
-2121.25
-2119.13
-2116.35
-2117.12
-2122.78
-2127.85
-2126.26
-2118.13
-2117.46
-2118.45
-2118.15
-2120.47
-2123.63
-2125.96
-2125.92
-2126.57
-2126.79
-2121.5
-2123.51
-2124.46
-2121.76
-2122.99
-2123.96
-2126.12
-2126.71
-2128.49
-2134.09
-2133.8
-2137.24
-2131.43
-2128.55
-2130.51
-2132.24
-2128.6
-2131.84
-2127.67
-2126.9
-2126.97
-2128.48
-2123.86
-2122
-2118.02
-2114.94
-2114.6
-2112.94
-2116.28
-2110.35
-2111.74
-2113.38
-2116.51
-2119.17
-2113.65
-2115.91
-2116.16
-2116.91
-2118.33
-2114.74
-2113.19
-2109.79
-2109.59
-2110.33
-2113.85
-2111.66
-2113.38
-2114.04
-2111.9
-2111.57
-2109.96
-2108.99
-2110.83
-2114.84
-2114.48
-2114.28
-2117.03
-2121.77
-2125.8
-2124.43
-2126.02
-2124.13
-2114.49
-2119.51
-2119.29
-2121.66
-2119.45
-2120.61
-2124.25
-2123.97
-2125.31
-2128.18
-2132.32
-2135.49
-2134.73
-2139.57
-2139.65
-2137.91
-2141.61
-2140.09
-2138.84
-2144.48
-2137.91
-2136.3
-2132.89
-2131.72
-2129.02
-2127.26
-2128.89
-2132.91
-2132.22
-2131.43
-2132.95
-2134.34
-2135.72
-2130.77
-2129.39
-2128.77
-2134.37
-2139.32
-2143.24
-2149.3
-2150.67
-2148.96
-2152.18
-2151.38
-2153.88
-2153.77
-2158.64
-2160.9
-2156.86
-2152.86
-2154.13
-2155.5
-2159.79
-2157.04
-2155.64
-2155.27
-2153.29
-2158.47
-2161.29
-2165.11
-2161.62
-2165.19
-2163.82
-2161.06
-2159.5
-2161.06
-2163.61
-2162.24
-2159.71
-2157.8
-2163.22
-2163.09
-2163.4
-2166.8
-2160.42
-2158.69
-2162.25
-2168.82
-2170.68
-2171.56
-2174.13
-2175.97
-2170.2
-2169.23
-2172.12
-2171.35
-2171.41
-2172.33
-2174.36
-2169.65
-2164.51
-2160.79
-2161.5
-2161.82
-2157.3
-2159.62
-2164.5
-2167.22
-2165.65
-2155.58
-2156.05
-2157.39
-2160.12
-2159.17
-2159.14
-2158.55
-2152.68
-2152.19
-2152.58
-2152.26
-2149.35
-2151.23
-2150.38
-2148.5
-2152.59
-2155.51
-2151.83
-2155.17
-2156.88
-2159.62
-2159.23
-2162.95
-2163.42
-2163.92
-2162.55
-2161.42
-2162.86
-2159.95
-2162.45
-2161.12
-2161.12
-2161.11
-2159.74
-2161.18
-2158.05
-2155.32
-2155.07
-2147.84
-2154.29
-2153.3
-2152.36
-2149.25
-2157.1
-2151.02
-2153.6
-2156.98
-2160.91
-2163.55
-2160.65
-2158.77
-2152.45
-2147.58
-2154.08
-2154.25
-2153.47
-2154.67
-2153.52
-2154.62
-2151.41
-2149.95
-2146.74
-2151.38
-2148.69
-2149.46
-2146.95
-2149.58
-2150.96
-2146.94
-2148.59
-2144.58
-2149.15
-2149.29
-2155.39
-2153.38
-2150.27
-2153.24
-2148.22
-2147.32
-2144.53
-2138.67
-2142.6
-2140.78
-2145.5
-2142.46
-2145.69
-2143.75
-2138.95
-2142.15
-2139.87
-2140.2
-2141.34
-2144.74
-2146.89
-2148.61
-2152.89
-2154.77
-2150.19
-2154.68
-2157.25
-2157.78
-2161.42
-2158.34
-2158.87
-2161.67
-2157.64
-2154.81
-2151.07
-2150.46
-2151.84
-2154.65
-2155.86
-2158.83
-2160.21
-2155.74
-2154.26
-2156.27
-2154.04
-2151.16
-2155.2
-2154.08
-2153.42
-2152.21
-2148.48
-2141.15
-2143.57
-2147.12
-2147.61
-2143.29
-2139.96
-2140.2
-2138.24
-2138.16
-2134.49
-2137.4
-2135.97
-2134.74
-2137.46
-2136.35
-2136
-2140.11
-2146.34
-2150.3
-2152.67
-2158.58
-2157.88
-2148.9
-2149.29
-2147.46
-2145.66
-2149.83
-2149.38
-2148.89
-2154.63
-2157.03
-2156.91
-2162.41
-2160.21
-2160.67
-2154.6
-2156.24
-2153.98
-2151.88
-2148.85
-2151.83
-2154.49
-2156.26
-2152.9
-2157.69
-2157.06
-2157.99
-2154.35
-2154.55
-2151.24
-2155.26
-2150.86
-2147.15
-2147.02
-2146.88
-2148.14
-2150.53
-2151.22
-2153.59
-2153.76
-2150.44
-2155
-2154.61
-2150.16
-2150.37
-2147.68
-2145.87
-2146.23
-2144.07
-2142.92
-2138.74
-2140.19
-2143.19
-2140.69
-2138.3
-2143.96
-2141.9
-2141.95
-2146.95
-2146.59
-2148.1
-2147.62
-2152.51
-2156.66
-2154.15
-2149.94
-2148.67
-2155.35
-2159.82
-2160.19
-2159.85
-2163.58
-2161.05
-2167.71
-2166.67
-2163.07
-2163.56
-2159.44
-2156.35
-2156.92
-2155.43
-2158.84
-2161.7
-2164.03
-2158.58
-2158.03
-2162.3
-2163.64
-2166.71
-2161.78
-2163.65
-2164.52
-2160.22
-2159.88
-2153.01
-2155.52
-2152.79
-2154.29
-2148.92
-2150
-2151.57
-2148.07
-2149.35
-2150.32
-2144.75
-2149.58
-2148.36
-2154.04
-2158.52
-2157.76
-2156.33
-2158.89
-2157.28
-2154.08
-2154.87
-2157.55
-2156.13
-2158.36
-2158.37
-2156.43
-2159.95
-2163.06
-2162.78
-2168.77
-2169.9
-2169.15
-2169.82
-2173.4
-2169.5
-2170.47
-2177.99
-2168.7
-2166.33
-2158.77
-2155.63
-2155.87
-2159.73
-2157.94
-2157.54
-2158.13
-2160.13
-2161.87
-2159.28
-2158.59
-2159.01
-2156.44
-2162.24
-2164.65
-2160.68
-2152.65
-2156.9
-2154.49
-2159.36
-2163.28
-2160.62
-2165.54
-2160.69
-2162.62
-2163.93
-2163.17
-2158.74
-2154.33
-2153.45
-2151.44
-2151.67
-2152.25
-2149.91
-2147.26
-2149.05
-2146.17
-2147.88
-2144.37
-2149.4
-2149.58
-2159.01
-2153.14
-2160.86
-2162.07
-2165.41
-2164.64
-2166.65
-2171.68
-2171.51
-2171.37
-2172.87
-2171.26
-2169.08
-2162.72
-2161.26
-2162.96
-2161.21
-2164.26
-2162.34
-2168.02
-2164.34
-2164.6
-2163.88
-2165.36
-2162.79
-2160.04
-2157.8
-2155
-2156.24
-2160.43
-2162.52
-2160.08
-2163.84
-2166.62
-2166.88
-2171.96
-2179.13
-2176.28
-2179.9
-2177.82
-2172.71
-2171.34
-2175.51
-2174.01
-2166.22
-2165.05
-2162.23
-2157.61
-2157.24
-2159.47
-2158.04
-2156.86
-2158.63
-2161.36
-2157.18
-2159.08
-2156.8
-2154.91
-2157.01
-2158.66
-2159.62
-2159.03
-2161.18
-2162.19
-2163.31
-2160.49
-2160.09
-2164.14
-2163.38
-2163.86
-2162.35
-2164.42
-2164.05
-2163.68
-2166.21
-2161.79
-2161.93
-2168.4
-2168.76
-2170.86
-2173.7
-2169.74
-2169.85
-2169.42
-2171.1
-2176.09
-2172.36
-2177.09
-2177.55
-2171.42
-2170.69
-2171.75
-2173.34
-2173.38
-2175.23
-2172.66
-2162.66
-2164.7
-2163.54
-2162.12
-2158.43
-2160.75
-2158.01
-2160.56
-2161.14
-2161.87
-2160.61
-2159.73
-2157.36
-2158.69
-2159.66
-2157.79
-2164.19
-2166.14
-2164.46
-2161.09
-2156.65
-2154.12
-2154.74
-2158.8
-2157.85
-2157.31
-2154.49
-2154.53
-2156.46
-2160.55
-2158.14
-2160.18
-2159.58
-2159.54
-2161.5
-2162.92
-2162.42
-2162.02
-2164.71
-2168.16
-2168.35
-2170.33
-2170.66
-2164.11
-2168.62
-2168.61
-2166.28
-2169.67
-2167.28
-2169.39
-2167.74
-2168.14
-2169.12
-2170.03
-2170.68
-2170.8
-2168.83
-2160.95
-2166.98
-2162.73
-2163.95
-2166.57
-2163.85
-2159.5
-2158.5
-2155.96
-2155.12
-2154.79
-2153.17
-2151.17
-2153.21
-2150.59
-2149.97
-2153.08
-2147.28
-2144.96
-2144.7
-2148.99
-2143.03
-2144.27
-2147.2
-2145.04
-2143.48
-2142.25
-2137.1
-2136.82
-2134.4
-2132.09
-2136.68
-2138.67
-2141.83
-2138.31
-2138.16
-2136.41
-2139.73
-2138.39
-2138.85
-2147.78
-2144.21
-2143.97
-2144.08
-2140.58
-2142.11
-2145.21
-2150.68
-2148.28
-2140.98
-2144.33
-2145.46
-2141.25
-2139.15
-2137.69
-2138.83
-2139.84
-2140.14
-2141.17
-2140.42
-2143.67
-2148.28
-2147.65
-2147.13
-2147.98
-2148.29
-2149.14
-2147.82
-2151.52
-2152.89
-2154.02
-2150.27
-2153.45
-2155.25
-2156.25
-2148.51
-2149.13
-2146.77
-2145.74
-2147.52
-2147.78
-2146.89
-2149.88
-2148.02
-2144.81
-2148.47
-2144.71
-2144.63
-2148.96
-2157.15
-2157.05
-2158.07
-2154.77
-2160.82
-2160.45
-2160.08
-2160.75
-2161.81
-2162.68
-2160.56
-2163.23
-2167.67
-2165.5
-2166.74
-2175.63
-2179.64
-2179.62
-2180.14
-2179.06
-2179.39
-2178.76
-2180.26
-2182.38
-2183.38
-2183.16
-2181.16
-2174.98
-2178.73
-2181.2
-2183
-2178.83
-2181.25
-2179.54
-2181.54
-2171.16
-2177.64
-2179.23
-2182.13
-2184.77
-2182.69
-2184.47
-2183.72
-2184
-2178.57
-2177.98
-2175.71
-2164.19
-2167.53
-2167.01
-2165.43
-2169.32
-2172.13
-2172.73
-2168.34
-2170.88
-2171.1
-2169.21
-2164.73
-2170.41
-2164.15
-2162.4
-2162.5
-2160.26
-2161.31
-2158.1
-2152.25
-2153.73
-2154.25
-2150.18
-2151.74
-2146.01
-2147.38
-2144.37
-2146.75
-2149.87
-2152.66
-2148.13
-2146.07
-2152.92
-2152.31
-2148.53
-2150.01
-2154.74
-2151.97
-2154.91
-2152.69
-2159.47
-2159.23
-2156.45
-2148.64
-2153.1
-2155.76
-2148.87
-2149.88
-2152.65
-2151.12
-2151.19
-2162.54
-2159.67
-2158.3
-2157.3
-2155.26
-2157.13
-2157.58
-2155.16
-2157.46
-2161.27
-2159.8
-2159.64
-2162.59
-2155.37
-2151.37
-2152.69
-2154.62
-2157.04
-2163.38
-2166.82
-2168.04
-2169.41
-2169.85
-2170
-2168.93
-2173.03
-2173.74
-2173.36
-2171.49
-2172.74
-2169.73
-2170.34
-2169.45
-2168.07
-2169.91
-2164.62
-2169.37
-2168.85
-2168.65
-2166.82
-2168.19
-2172.5
-2173.17
-2170.73
-2167.39
-2165.12
-2169.42
-2168.3
-2167.83
-2166.89
-2166.21
-2163.41
-2161.23
-2157.57
-2159.59
-2156.42
-2156.01
-2153.99
-2158.83
-2160.39
-2156.89
-2156.9
-2157.49
-2153.08
-2158
-2156.03
-2154.04
-2153.05
-2155.38
-2153.84
-2152.28
-2152.3
-2151.8
-2153.33
-2160.99
-2162.45
-2163.69
-2159.59
-2157.56
-2158.58
-2163.97
-2156.47
-2157.86
-2158.02
-2166.18
-2168.45
-2168.22
-2164.11
-2165.12
-2159.22
-2162.26
-2169.6
-2165.15
-2164.41
-2160.05
-2166.75
-2165.78
-2168.07
-2168.21
-2172.3
-2172.31
-2169.76
-2169.35
-2166.99
-2167.05
-2171.82
-2171.63
-2175.41
-2171.28
-2169.24
-2170.58
-2167.96
-2174.21
-2174.72
-2173.19
-2172.51
-2173.78
-2175.56
-2179.75
-2173.87
-2182.92
-2175.74
-2167.08
-2168.53
-2167.95
-2163.09
-2166.99
-2163.04
-2169.48
-2168.35
-2165.81
-2172.85
-2176.51
-2177.83
-2179.02
-2180.62
-2183.34
-2180.98
-2179.72
-2178.35
-2177.66
-2174.75
-2177.42
-2183.01
-2186.43
-2186.48
-2182.75
-2179.48
-2178.94
-2173.61
-2174.45
-2174.82
-2168.05
-2168.47
-2163.11
-2159.99
-2158.46
-2161.64
-2162.6
-2160.33
-2165.41
-2164.82
-2166.58
-2169.55
-2166.81
-2168.12
-2169.68
-2167.02
-2170.24
-2163.49
-2157.48
-2157.4
-2159.8
-2163.1
-2158.12
-2156.34
-2155.99
-2156.61
-2159.79
-2156.99
-2155.94
-2150.53
-2145.82
-2150.05
-2150.46
-2149.48
-2150.47
-2156.72
-2158.11
-2162.52
-2165.49
-2167.3
-2174.05
-2173.74
-2174.68
-2172.68
-2173.75
-2173.36
-2171.4
-2172.52
-2174.81
-2177.38
-2179.87
-2184.66
-2186.29
-2190.9
-2192.25
-2191.8
-2192.74
-2187.1
-2186.51
-2184.59
-2173.2
-2173.42
-2168.17
-2164.01
-2164.42
-2169.95
-2169.01
-2172.69
-2171.43
-2168.82
-2170.67
-2171.68
-2173.36
-2174.02
-2177.91
-2178.2
-2184.05
-2175.23
-2176.83
-2176.22
-2174.95
-2167.11
-2166.89
-2170.84
-2172.95
-2174.57
-2181.66
-2181.74
-2182.91
-2178.21
-2181.64
-2179.92
-2180.47
-2174.29
-2176.95
-2178.89
-2180.99
-2179.81
-2181.14
-2181.59
-2177.06
-2180.87
-2184.29
-2186.06
-2180.47
-2180.15
-2182.55
-2186.62
-2186.46
-2182.83
-2187.05
-2190.29
-2194.89
-2191.43
-2188.79
-2180.7
-2184.6
-2188.06
-2193.43
-2193.02
-2195.43
-2198.23
-2192.65
-2191.3
-2190.46
-2187.7
-2189.23
-2188.64
-2183.28
-2182.83
-2182.68
-2182.19
-2188.17
-2181.63
-2179.41
-2181.21
-2175.61
-2178.65
-2178.85
-2177.85
-2181.86
-2183.37
-2188.79
-2189.31
-2189.82
-2190.37
-2198.06
-2194.8
-2196.63
-2193.82
-2193.9
-2191.94
-2195.35
-2194.19
-2199.72
-2199.36
-2207.04
-2212.72
-2217.29
-2218.1
-2215.84
-2220.75
-2220.65
-2220.29
-2217.64
-2217.17
-2215.5
-2219.6
-2220.03
-2219.36
-2216
-2213.89
-2217.93
-2216.51
-2212.87
-2213.55
-2210.28
-2209.93
-2208.35
-2204.76
-2206.67
-2211.64
-2211.87
-2213.66
-2211.3
-2210.48
-2214.74
-2214.96
-2218.71
-2218.61
-2220.17
-2218.26
-2212.67
-2208.03
-2205.66
-2209.2
-2209.38
-2199.33
-2199.81
-2195.78
-2192.42
-2187.58
-2191.26
-2186.39
-2178.86
-2182.63
-2177.73
-2177.51
-2176.43
-2181.45
-2182.58
-2184.56
-2179.26
-2176.88
-2174.1
-2175.98
-2171.76
-2167.93
-2168.16
-2165.66
-2167.76
-2161.62
-2157.99
-2158.65
-2157.82
-2158.48
-2166.22
-2170.16
-2167.12
-2164.56
-2166.53
-2160.85
-2166.65
-2165.54
-2171.86
-2172.1
-2173.83
-2175.27
-2179.31
-2183.74
-2183.09
-2180.89
-2180.07
-2179.62
-2178.95
-2179.28
-2180.41
-2182.19
-2185.68
-2186.53
-2184.21
-2189.74
-2190.19
-2185.4
-2180.36
-2180.11
-2182.01
-2184.21
-2179.54
-2183.81
-2188.97
-2189.64
-2190.88
-2191.62
-2185.37
-2189.7
-2187.97
-2189.06
-2188.54
-2188.1
-2189.73
-2192.75
-2191.84
-2200.03
-2203.59
-2200.36
-2192.85
-2193.68
-2191.23
-2191.25
-2189.45
-2187.65
-2187.63
-2192.03
-2191.68
-2196.54
-2192.4
-2193.09
-2189.85
-2190.96
-2192.75
-2192.06
-2188.86
-2187.76
-2194.61
-2192.5
-2196.45
-2191.31
-2195.89
-2198.49
-2195.52
-2195.89
-2201.18
-2201.16
-2195.84
-2197.32
-2195.14
-2194.51
-2198.41
-2197.68
-2200.62
-2201.8
-2199.77
-2198.81
-2195.9
-2191.7
-2193.96
-2198.45
-2203.98
-2203.95
-2199.01
-2196.86
-2195.34
-2197.79
-2194.32
-2190.93
-2193.82
-2202.31
-2204.95
-2202.49
-2205.06
-2200.33
-2198.65
-2186.18
-2187.51
-2187.93
-2185.28
-2184.8
-2185.39
-2189.04
-2188.11
-2183.7
-2185.75
-2186.79
-2184.8
-2180.34
-2182.77
-2182.49
-2181.69
-2189.26
-2187.62
-2188.1
-2195.27
-2192.93
-2187.28
-2188.26
-2186.6
-2185.87
-2185.89
-2184
-2179.64
-2188.06
-2189.75
-2191.66
-2193.74
-2193.41
-2187.28
-2184.17
-2183.6
-2185.43
-2182.93
-2186.28
-2183.55
-2180.45
-2178.72
-2171.59
-2172.6
-2170.81
-2171.92
-2174.12
-2174.72
-2176.43
-2178.48
-2179.23
-2175.16
-2171.37
-2172.38
-2171.3
-2171.2
-2165.34
-2163.4
-2166.03
-2165.43
-2162.84
-2164.1
-2163.84
-2170.4
-2170.66
-2167.53
-2166.53
-2166.21
-2166.98
-2169.73
-2170.15
-2178.21
-2175.85
-2177.31
-2175.98
-2175.11
-2174.28
-2168.93
-2168.4
-2162.87
-2166.13
-2163.66
-2167.54
-2167.14
-2169.22
-2167.56
-2170.62
-2167.27
-2171.33
-2174.25
-2178.7
-2176.74
-2182.97
-2190.8
-2190.5
-2190.38
-2192.36
-2194.06
-2196.73
-2196.48
-2194.72
-2197.22
-2188.86
-2187.61
-2185.54
-2186.92
-2183.75
-2187.76
-2186.76
-2186.52
-2184.29
-2193.09
-2195.28
-2194.51
-2196.64
-2193.58
-2193.72
-2197.65
-2203.92
-2209.84
-2210.97
-2213.87
-2213.47
-2216.17
-2213.34
-2214.91
-2215.69
-2214.48
-2214.33
-2219.68
-2219.15
-2221.45
-2222.61
-2211.79
-2213.62
-2220.83
-2217.82
-2225.04
-2228.86
-2228.47
-2230.4
-2224.56
-2224.9
-2223.87
-2224.12
-2218.65
-2221.36
-2225.98
-2220.65
-2220.78
-2217.33
-2218.81
-2209.8
-2211.53
-2207.39
-2209.14
-2204.42
-2201.65
-2199.82
-2201.63
-2200.93
-2202.05
-2205.73
-2202.84
-2200.18
-2200.26
-2198.88
-2201.54
-2195.48
-2199.49
-2202.12
-2199.46
-2194.22
-2194.11
-2193.56
-2195.25
-2197.39
-2196.46
-2194.38
-2188.87
-2189.4
-2193.86
-2194.86
-2187.66
-2188.6
-2182.7
-2189.29
-2188.82
-2187.23
-2188.99
-2185.81
-2185.6
-2187.54
-2189.52
-2187.25
-2189.51
-2184.26
-2188.9
-2185.25
-2178.35
-2176.59
-2171.28
-2174.94
-2176.06
-2169.46
-2171.17
-2172.17
-2165.48
-2156.52
-2152.83
-2152.56
-2155.75
-2154.06
-2158.13
-2162.68
-2167.74
-2168.68
-2163.65
-2165.07
-2160.42
-2161.35
-2161.61
-2158.63
-2159.51
-2162.45
-2165.03
-2159.6
-2158.14
-2151.83
-2154.97
-2156.92
-2160.24
-2158.33
-2162.39
-2160.6
-2165.07
-2165.15
-2162.08
-2162
-2159.85
-2159.47
-2161.68
-2164.44
-2166.98
-2167.45
-2165.28
-2169.5
-2161.92
-2166.96
-2168.99
-2164.38
-2168.8
-2167.59
-2170.15
-2171.35
-2169.43
-2174.17
-2174.94
-2168.81
-2168.62
-2164.95
-2164.79
-2162.39
-2162.04
-2161.33
-2165.74
-2169.83
-2164.54
-2163.55
-2166.77
-2163.76
-2160.12
-2156.18
-2154.45
-2151.67
-2155.78
-2158.92
-2158.92
-2160.64
-2161.67
-2163.52
-2164.2
-2163.13
-2164.91
-2161.55
-2154.39
-2153.75
-2151.32
-2152.47
-2150.05
-2155.36
-2150.55
-2153.82
-2152.59
-2146.55
-2146.22
-2144.47
-2150.07
-2148.55
-2150.82
-2152.78
-2154.7
-2157.57
-2161.4
-2162.92
-2158.56
-2153.11
-2150.24
-2146.81
-2142.26
-2139.91
-2140.17
-2137.72
-2135.78
-2139.2
-2144.69
-2147.27
-2142.04
-2132.58
-2131.8
-2137.67
-2140.9
-2145.81
-2149.53
-2143.57
-2148.01
-2151.04
-2151.66
-2150.47
-2151.39
-2153.07
-2156.68
-2151.09
-2152.52
-2155.07
-2152.73
-2154.61
-2162.05
-2163.25
-2162.25
-2160.69
-2156.17
-2151.92
-2153.94
-2156.39
-2155.77
-2152.13
-2159.18
-2156.86
-2162.53
-2161.37
-2156.7
-2157.41
-2165.32
-2173.08
-2173.89
-2182.44
-2185.99
-2187.56
-2187.34
-2187.9
-2189.63
-2185.89
-2184.8
-2182.62
-2185.65
-2185.39
-2182.57
-2178.55
-2179.97
-2178.97
-2178.41
-2178.47
-2175.42
-2177.88
-2178.3
-2178.97
-2176.81
-2177.88
-2180.2
-2180.43
-2184.62
-2186.95
-2185.77
-2182.54
-2185.78
-2189.01
-2186.24
-2186.1
-2184.7
-2183.32
-2182.5
-2185.73
-2186.87
-2185.33
-2179.03
-2176.97
-2175.89
-2174.19
-2176.53
-2177.69
-2178.98
-2179.47
-2183.93
-2180.95
-2180
-2181.77
-2180.31
-2182.65
-2189.43
-2190.11
-2184.75
-2182.96
-2185.28
-2190.07
-2194.92
-2197.26
-2196.73
-2196.36
-2194.1
-2195.62
-2199.21
-2201.5
-2200.09
-2201.63
-2201.6
-2194.22
-2199.23
-2196.92
-2192.47
-2193.34
-2190.04
-2187.01
-2184.01
-2176.22
-2172.28
-2169.93
-2173.13
-2169.49
-2169.42
-2164.41
-2160.85
-2158.42
-2158.98
-2161.25
-2160.19
-2162.6
-2163.33
-2163.58
-2164.02
-2166.88
-2170.57
-2172.23
-2177.2
-2178.6
-2181.29
-2182.85
-2187.54
-2187.49
-2186.43
-2187.3
-2185.73
-2185.26
-2188.1
-2188.66
-2188.62
-2193.11
-2190.03
-2188.87
-2188.52
-2191.88
-2188.31
-2185.69
-2187.17
-2181.9
-2185.23
-2186.31
-2184.4
-2179.23
-2182.16
-2178.98
-2180.67
-2184.15
-2182.91
-2176.23
-2170.14
-2167.99
-2168.57
-2168.45
-2173.78
-2175.31
-2174.52
-2174.4
-2172
-2168.5
-2168.7
-2167.58
-2172.43
-2169.32
-2167.23
-2173.43
-2171.03
-2175.71
-2176.99
-2176.87
-2178.24
-2170.58
-2170.56
-2172.67
-2172.98
-2168.92
-2166.85
-2164.92
-2170.1
-2170.8
-2174.38
-2174.97
-2176.57
-2179.83
-2181.86
-2182.56
-2178.96
-2176.97
-2174
-2171.81
-2170.7
-2171.52
-2174.55
-2169.36
-2169.49
-2170.12
-2175.86
-2175.82
-2175.45
-2179.54
-2177.43
-2176.33
-2186.72
-2177.22
-2174.26
-2169.35
-2166.63
-2171.17
-2169.81
-2170.64
-2167.93
-2163.28
-2167.03
-2164.48
-2164.19
-2166.27
-2161.21
-2161.14
-2156.92
-2162.57
-2161.81
-2165.65
-2166.41
-2168.3
-2171.73
-2165.98
-2168.51
-2170.11
-2171.4
-2172.88
-2169.03
-2168.35
-2164.45
-2166.44
-2165.24
-2166.22
-2167.72
-2169.98
-2171.11
-2169.24
-2167.64
-2167.08
-2160.22
-2162.27
-2162.61
-2170.95
-2171.2
-2170.49
-2166.2
-2164.4
-2170.34
-2172.14
-2177.24
-2178.52
-2176.92
-2176.29
-2166.76
-2161.51
-2160.7
-2158.74
-2156.03
-2155.25
-2153.21
-2155.81
-2156.42
-2158.63
-2157.61
-2159.98
-2160.87
-2161.43
-2161.53
-2168.3
-2171.74
-2173.49
-2168.41
-2167.02
-2164.41
-2162.81
-2159.05
-2160.38
-2165.89
-2167.95
-2160.94
-2159
-2162.74
-2163.11
-2166.62
-2168.56
-2169.57
-2175.14
-2175.21
-2171.08
-2176.59
-2176.59
-2180.8
-2180.88
-2179.8
-2180.05
-2170.47
-2169.36
-2169.27
-2169
-2167.73
-2167.86
-2170.5
-2172.35
-2174.19
-2179.99
-2177.41
-2181.6
-2180.58
-2179.87
-2183.91
-2177.2
-2172.9
-2171.86
-2174.68
-2177.16
-2176.27
-2178.3
-2178.71
-2179.76
-2180.8
-2180.15
-2183.8
-2182.6
-2178.52
-2179.27
-2184.28
-2189.1
-2184.66
-2187.3
-2187.58
-2189.05
-2186.44
-2191.63
-2186.18
-2186.41
-2189.84
-2189.71
-2194.48
-2192.57
-2197.85
-2195.15
-2185.64
-2186.2
-2185.69
-2181.9
-2184.7
-2187.54
-2193.61
-2195.24
-2199.88
-2193.27
-2186.82
-2181.67
-2176.19
-2178.04
-2176.21
-2173.63
-2169.86
-2164.83
-2167.18
-2165.55
-2166.57
-2163.9
-2168.3
-2172.6
-2172.49
-2176.81
-2176.13
-2175.26
-2172.65
-2176.68
-2181.29
-2182.43
-2182.64
-2178.44
-2181.14
-2177.42
-2175.9
-2170.8
-2169.69
-2166.31
-2166.55
-2164.03
-2159.76
-2166.87
-2167.75
-2169.17
-2177.84
-2176.22
-2168.86
-2180.26
-2177.34
-2173.32
-2174.09
-2176.47
-2180.39
-2183.21
-2182.03
-2173.03
-2173.19
-2172.48
-2170.69
-2170.2
-2171.33
-2174.64
-2177.22
-2173.23
-2167.25
-2168.39
-2167.63
-2164.67
-2165.18
-2164.31
-2160.31
-2163.32
-2167.69
-2165.69
-2165.23
-2167.59
-2164.36
-2166.55
-2168.51
-2160.93
-2160.3
-2162.78
-2164.37
-2165.82
-2165
-2163.91
-2165.16
-2163.24
-2159.67
-2163.52
-2165.41
-2167.35
-2167.99
-2162.62
-2163.87
-2169.57
-2173.4
-2182.09
-2175.31
-2172.84
-2170.32
-2170.16
-2171.03
-2168.62
-2168.29
-2169.14
-2168.09
-2170.04
-2170.02
-2167.93
-2170
-2169.73
-2171.99
-2174.4
-2174.85
-2173.91
-2170.37
-2173.49
-2173.42
-2172.86
-2167.9
-2172.03
-2172.6
-2170.61
-2168.51
-2171.46
-2177.57
-2177.62
-2182.64
-2183.67
-2176.82
-2175.09
-2174.77
-2175.8
-2177.37
-2176.09
-2172.32
-2172.69
-2171.33
-2172.36
-2173.14
-2172.26
-2167.62
-2169.49
-2173.34
-2173.61
-2169.13
-2170.78
-2173.7
-2170.46
-2174.43
-2179.4
-2174.7
-2178.6
-2177.11
-2176.55
-2179.45
-2179.73
-2185.68
-2187.68
-2189.78
-2184.71
-2185.03
-2184.21
-2181.01
-2191.4
-2189.24
-2181.34
-2182.6
-2177.16
-2179.94
-2189.01
-2188.64
-2191.13
-2191.99
-2185.13
-2184.06
-2188.26
-2189.58
-2192.9
-2189.88
-2184.72
-2188.16
-2183.19
-2181.14
-2178.82
-2178.73
-2179.13
-2180
-2181.13
-2183.63
-2176.55
-2176.28
-2178.54
-2184.25
-2182.4
-2177.52
-2177.34
-2178.11
-2180.98
-2180.82
-2177.56
-2174.74
-2171.28
-2171.56
-2169.92
-2171.48
-2175.12
-2185.53
-2187.06
-2184.48
-2185.2
-2181.71
-2183.31
-2180.63
-2182.31
-2184.73
-2188.75
-2188.36
-2190.84
-2193.93
-2198.01
-2199.72
-2198.34
-2195.89
-2197.93
-2193.24
-2194.75
-2198.48
-2201.86
-2205.94
-2204.1
-2203.14
-2205.77
-2200.93
-2196.37
-2194.96
-2197.68
-2196.95
-2196.27
-2196.55
-2192.76
-2195.64
-2188.28
-2190.27
-2191.39
-2183.94
-2181.57
-2181.05
-2177.55
-2175.98
-2174.57
-2166.67
-2170.06
-2169.1
-2165.59
-2170.05
-2166.3
-2165.75
-2166.93
-2170.38
-2167.76
-2174.34
-2176.79
-2174.03
-2176.42
-2176.99
-2178.23
-2172.6
-2168.94
-2171.22
-2169.91
-2165.8
-2167.78
-2161.32
-2158.67
-2161.18
-2160.03
-2162.34
-2160.48
-2159.27
-2156.89
-2158.54
-2159.01
-2162.74
-2155.73
-2154.94
-2158.51
-2159.8
-2155.87
-2157.88
-2161.16
-2158.87
-2161.71
-2156.25
-2154.31
-2154.4
-2153.13
-2145.69
-2147.45
-2150.92
-2149.42
-2154.15
-2157.39
-2155.08
-2157.8
-2158.78
-2163.28
-2160.88
-2157.47
-2163.2
-2162
-2161.27
-2160.34
-2161.7
-2160.92
-2157.62
-2154.79
-2155.13
-2152.54
-2152.98
-2156.18
-2159.63
-2161.3
-2160.79
-2154.34
-2152.16
-2155.39
-2152.09
-2154.81
-2146.79
-2148.01
-2155.04
-2157.6
-2159.84
-2160.13
-2168.49
-2174.58
-2170.68
-2163.65
-2160.09
-2153.6
-2152.2
-2155.09
-2160.68
-2161.1
-2170.42
-2163.86
-2165.81
-2164.71
-2158.89
-2153.91
-2153.99
-2152.43
-2153.98
-2154.49
-2150.64
-2159.37
-2156.43
-2163.83
-2160.87
-2159.61
-2154.32
-2159.18
-2159.98
-2160.5
-2164.3
-2164.48
-2158.96
-2159.27
-2157.71
-2161
-2162.4
-2161.34
-2166
-2164.63
-2163.61
-2169.01
-2169.87
-2168.6
-2172.68
-2175.25
-2177.37
-2176.09
-2171.22
-2167.74
-2171.31
-2164.67
-2163.91
-2160.33
-2157.09
-2155.46
-2155.8
-2151.54
-2158.37
-2157.21
-2158.2
-2161.51
-2160.23
-2157.59
-2166.43
-2170.57
-2172.91
-2176.06
-2176.22
-2179.26
-2178.92
-2178.09
-2177.74
-2177.46
-2167.59
-2175.52
-2179.01
-2171.17
-2173.04
-2174.91
-2172.52
-2173.36
-2172.88
-2169.19
-2170.65
-2169.68
-2168.4
-2161.93
-2164.18
-2167.82
-2168.56
-2170.28
-2171.32
-2162.88
-2169.19
-2165.98
-2167.17
-2170.23
-2167.11
-2167.63
-2171.15
-2173.33
-2175.87
-2175.68
-2179.67
-2178.72
-2179.27
-2180.9
-2182.05
-2180.57
-2183.31
-2181.73
-2182.03
-2184.67
-2184.53
-2185.57
-2181.06
-2181.44
-2183.09
-2183.3
-2180.96
-2181.16
-2180.18
-2179.79
-2181.69
-2179.23
-2177.83
-2173.04
-2170.92
-2170.78
-2172.73
-2170
-2176.69
-2181.58
-2178.48
-2184.1
-2185.45
-2185
-2183.33
-2178
-2181.65
-2183.91
-2180.83
-2179.35
-2173.8
-2174.17
-2176.46
-2176.37
-2176.08
-2176.69
-2180.83
-2183.14
-2187.56
-2182.49
-2186.81
-2183.09
-2189.37
-2189.93
-2189.14
-2195.19
-2193.79
-2198.49
-2199.92
-2195.96
-2191.76
-2194.7
-2195.7
-2196.16
-2191.96
-2194.33
-2192.35
-2189.47
-2188.73
-2186.13
-2182.66
-2178.79
-2177.4
-2176.22
-2174.63
-2174.91
-2175.44
-2177.22
-2179.12
-2174.79
-2176.61
-2167.27
-2167.96
-2170.52
-2167.28
-2171.93
-2173.19
-2173.33
-2177.38
-2177.09
-2172.77
-2173.32
-2169.02
-2169.9
-2163.45
-2161.86
-2159.24
-2164.3
-2160.69
-2163.33
-2162.16
-2157.2
-2152.02
-2148.87
-2149.38
-2149.1
-2152.96
-2154.96
-2153.57
-2154.99
-2153.78
-2156.83
-2157.49
-2157.36
-2158.96
-2165.35
-2170.18
-2170.03
-2172.52
-2171.7
-2173.04
-2174.2
-2174.14
-2171.47
-2173.76
-2182
-2182.33
-2181.89
-2182.39
-2186.52
-2188.04
-2186.06
-2191.32
-2197.5
-2193.83
-2184.58
-2191.38
-2197.41
-2195.64
-2194.52
-2192.59
-2186.66
-2180.47
-2177.66
-2175.27
-2171.74
-2173.59
-2176.18
-2173.2
-2175.14
-2172.64
-2169.51
-2171.76
-2166.69
-2169.16
-2166.05
-2170.06
-2171.03
-2172.07
-2176.95
-2174.62
-2177.74
-2177.3
-2176.4
-2173.84
-2172.72
-2175.48
-2181.21
-2182.88
-2180.74
-2187.1
-2192.41
-2187.36
-2183.75
-2189.2
-2192.39
-2192.32
-2187.21
-2191.07
-2191.45
-2191.25
-2190.42
-2184.67
-2185.04
-2179.81
-2182.47
-2190.04
-2194.94
-2189.43
-2187.24
-2186.06
-2187.68
-2189.03
-2190.39
-2192
-2188.89
-2190.19
-2190.11
-2188.62
-2190.15
-2193.35
-2191.81
-2185.69
-2185.02
-2191.76
-2186.42
-2183.32
-2179.74
-2175.56
-2171.4
-2170.72
-2172.15
-2173.46
-2171.27
-2171.06
-2166.4
-2167.42
-2168.3
-2171.66
-2171.28
-2169.64
-2178.9
-2172.59
-2175.62
-2179.57
-2174.92
-2177.16
-2178.62
-2177.17
-2181.42
-2177.12
-2177.94
-2177.75
-2174.75
-2168.97
-2169.01
-2167.11
-2165.5
-2166.7
-2172.47
-2176.07
-2176.17
-2172.51
-2177.77
-2174.27
-2176.5
-2180.81
-2176.69
-2180.65
-2178.42
-2178.02
-2181.91
-2175.18
-2172.22
-2172.02
-2172.42
-2169.28
-2175.56
-2168.3
-2165.31
-2167.95
-2166.76
-2164.71
-2159.3
-2164.57
-2164.47
-2163.67
-2159.76
-2163.16
-2162.92
-2165.26
-2170.12
-2172.98
-2169.63
-2173.69
-2170.85
-2170.39
-2170.77
-2174.28
-2168.13
-2162.45
-2162.98
-2160.48
-2163.11
-2158.46
-2156.5
-2157.96
-2157.09
-2163.09
-2157.8
-2157.45
-2157.1
-2166.83
-2159.41
-2156.59
-2160.41
-2152.6
-2153.93
-2155.27
-2155.46
-2154.77
-2155.03
-2151.28
-2151.64
-2155.07
-2153.22
-2153.18
-2152.93
-2153.94
-2154.68
-2162.75
-2159.63
-2162.87
-2163.56
-2166.07
-2170.7
-2172.41
-2172.4
-2169.18
-2168.35
-2166.94
-2165.59
-2165.49
-2166.79
-2170.55
-2168.83
-2166.71
-2165.87
-2167.49
-2169.65
-2167.48
-2171.23
-2170.36
-2170.13
-2170.66
-2173.02
-2179.56
-2180.4
-2181.86
-2184.84
-2184.94
-2188.14
-2193.73
-2196.31
-2197.76
-2197.33
-2185.56
-2187.61
-2186.63
-2193.29
-2191.93
-2188.03
-2182.77
-2177.84
-2170.98
-2170.37
-2169.63
-2172.12
-2174.31
-2176.09
-2171.74
-2171.94
-2173.02
-2181.97
-2180
-2179.83
-2177.39
-2177.3
-2176.93
-2175.61
-2173.91
-2175.63
-2176.71
-2174.7
-2170.28
-2173.22
-2177.9
-2170.92
-2172.95
-2170.74
-2169.27
-2173.62
-2175.68
-2181.26
-2176.42
-2178.24
-2177.71
-2180.96
-2180.63
-2179.6
-2175.51
-2169.9
-2168.45
-2170.43
-2171.7
-2172.95
-2178.86
-2181.1
-2181.06
-2183.83
-2191.2
-2184.78
-2187.21
-2186.88
-2187.18
-2187.39
-2179.99
-2178
-2175.63
-2178.28
-2177.6
-2178.06
-2173.73
-2174.65
-2172.85
-2171.95
-2170.98
-2172.26
-2174.06
-2180.54
-2185.29
-2191.34
-2190.11
-2195.4
-2196
-2194.75
-2190.14
-2189.04
-2191.24
-2191.38
-2190
-2190.84
-2185.21
-2181.92
-2181.05
-2182.53
-2182.6
-2182.95
-2181.75
-2178.46
-2178.21
-2176.04
-2179.84
-2185.96
-2184.9
-2192.81
-2192.45
-2188.73
-2191.79
-2190.7
-2188.55
-2189.33
-2193.59
-2193.98
-2190.38
-2187.98
-2184.27
-2187.96
-2186.4
-2187.57
-2185.65
-2183.95
-2189.38
-2185.93
-2190.09
-2185.35
-2183.32
-2185.14
-2185.03
-2186.06
-2183.68
-2180.29
-2182.25
-2180.24
-2181.25
-2176.69
-2172.7
-2176.67
-2178.42
-2174.04
-2174.56
-2175.46
-2177.27
-2177.74
-2174.25
-2173.19
-2171.62
-2168.71
-2166.71
-2167.93
-2166.94
-2168.66
-2162.51
-2163.98
-2162.08
-2162.23
-2162.97
-2163.28
-2161.42
-2164.6
-2161
-2153.13
-2153.83
-2156.13
-2154.69
-2148.67
-2148.52
-2151.62
-2152.46
-2147.88
-2153.08
-2151.82
-2150.15
-2153.87
-2154.18
-2150.28
-2151.3
-2150.3
-2152.19
-2151.7
-2153.84
-2153.24
-2154.07
-2164.5
-2166.21
-2163.11
-2165.17
-2163.35
-2163.04
-2164.84
-2163.25
-2164.18
-2157.24
-2157.79
-2153.58
-2154.4
-2154.25
-2151.99
-2147.44
-2143.45
-2142.13
-2143.24
-2137.82
-2142.66
-2143.59
-2144.48
-2147.76
-2145.34
-2149.37
-2150.94
-2150.65
-2157.15
-2156.7
-2148.26
-2147.87
-2149.37
-2154.17
-2149.81
-2149.15
-2150.04
-2151.09
-2145.94
-2142.37
-2143.67
-2146.16
-2150.23
-2147.39
-2150.64
-2147.88
-2146.41
-2148.92
-2149.73
-2152.86
-2155.62
-2154.12
-2158.06
-2160.42
-2164.12
-2166.11
-2165.56
-2162.1
-2163.17
-2165.54
-2157.25
-2162.03
-2159.24
-2159.24
-2157.28
-2157.26
-2153.51
-2153.84
-2157.55
-2157.05
-2161.55
-2162.44
-2157.13
-2153.08
-2154.08
-2155.87
-2156.62
-2165.33
-2157.04
-2157.54
-2159.41
-2161.48
-2161.19
-2160.9
-2154.1
-2157.27
-2162.7
-2168.13
-2164.73
-2164.62
-2163.54
-2164.4
-2161.15
-2160.68
-2160.47
-2162.71
-2161.99
-2160.62
-2161.71
-2165.11
-2165.79
-2165.27
-2160.87
-2160.28
-2160.43
-2163.38
-2167.25
-2170.59
-2171.24
-2177.82
-2176.95
-2178.84
-2180.51
-2182.2
-2186.41
-2186.29
-2179.57
-2185.17
-2181.26
-2183.93
-2186.94
-2180.52
-2176.8
-2180.71
-2182.34
-2178.85
-2176.33
-2172.01
-2169.07
-2175.93
-2182.93
-2178.8
-2181.71
-2177.55
-2178.11
-2174.6
-2170.46
-2171.31
-2173.48
-2173.43
-2174.05
-2177.13
-2185.09
-2184.44
-2185.41
-2189.46
-2184.24
-2188.62
-2183.83
-2185.65
-2185.95
-2181.18
-2175.75
-2177.26
-2180.47
-2187.46
-2185.2
-2185.37
-2178.66
-2171.44
-2174.02
-2177.79
-2180.66
-2180.33
-2178.84
-2175.28
-2177.72
-2176.11
-2173.85
-2176.89
-2174.7
-2171.59
-2172.01
-2177.96
-2175.37
-2179.84
-2176.04
-2176.99
-2176.86
-2178.99
-2183.6
-2182.11
-2186.18
-2185.34
-2174.66
-2175.66
-2175.29
-2176.95
-2175.43
-2174.5
-2174.72
-2174.85
-2177.72
-2181.64
-2181.75
-2179.32
-2180.25
-2180.07
-2177.64
-2174.19
-2174.27
-2176.53
-2178.54
-2179.49
-2181.7
-2182.93
-2187.33
-2185.32
-2180.93
-2180.93
-2182.4
-2182.64
-2179.48
-2179.21
-2178.78
-2176.85
-2172.53
-2169.04
-2165.91
-2157.77
-2154.34
-2154.94
-2159.28
-2157.13
-2161.28
-2160.09
-2160.39
-2159.22
-2155.59
-2156.16
-2165.07
-2164.74
-2160.23
-2158.31
-2159.72
-2159.46
-2163.88
-2162.08
-2168.06
-2167.84
-2169.02
-2173.2
-2170.89
-2169.72
-2168.47
-2165.01
-2167.85
-2175.18
-2172.34
-2164.44
-2165.65
-2170.12
-2165.83
-2168.81
-2168.96
-2166.76
-2167.01
-2171.84
-2175.15
-2176.87
-2170.76
-2175.82
-2178.93
-2182.71
-2184.47
-2180.95
-2177.77
-2180.66
-2175.51
-2172.94
-2168.7
-2172.84
-2173.73
-2178.66
-2186.47
-2188.5
-2189.39
-2185.1
-2189.33
-2189.6
-2189.15
-2188.14
-2184.01
-2174.37
-2171.07
-2173.84
-2176.57
-2177.13
-2179.79
-2183.3
-2178.21
-2182.79
-2181.75
-2178.56
-2180.32
-2182.35
-2179.26
-2179.12
-2174.54
-2186.55
-2184.49
-2182.3
-2184.11
-2186.7
-2187.17
-2183.94
-2183.27
-2187.64
-2185.71
-2185.65
-2187.88
-2196.49
-2198.34
-2188.35
-2187.58
-2192.42
-2187.52
-2186.99
-2186.12
-2178.64
-2174.67
-2178.14
-2172.33
-2175.98
-2180.06
-2176.8
-2179.06
-2179.72
-2179.2
-2182.24
-2181.93
-2180.06
-2180.65
-2175.16
-2176.45
-2181.36
-2191.73
-2192.78
-2192.74
-2193.93
-2196.35
-2192.41
-2191.42
-2190.78
-2190.4
-2187.92
-2193.47
-2198.33
-2199.34
-2197.69
-2196.82
-2199.34
-2200.27
-2197.1
-2195.26
-2197.26
-2197.37
-2195.2
-2194.92
-2193.23
-2186.71
-2188.99
-2187.15
-2188.28
-2189.69
-2185.85
-2187.88
-2185.36
-2189.23
-2200.32
-2199.34
-2205.18
-2207.85
-2211.35
-2213.04
-2212.32
-2210.87
-2209.53
-2208.64
-2208.64
-2211.02
-2209.72
-2208.66
-2195.7
-2196.07
-2201.12
-2198.4
-2201.73
-2200
-2204.81
-2205.28
-2209.3
-2209.32
-2207.93
-2210.66
-2212.32
-2211.53
-2211.13
-2210.09
-2212.67
-2214.7
-2212.02
-2212.65
-2208.82
-2208.14
-2206.2
-2205.7
-2203.01
-2203.72
-2202.84
-2197.49
-2197.62
-2200.8
-2197.51
-2197.25
-2193.63
-2187.52
-2183.62
-2183.85
-2188.15
-2186.26
-2178.62
-2184.4
-2181.62
-2181.39
-2178.33
-2181.87
-2183.71
-2186.24
-2187.16
-2186.09
-2181.5
-2186.71
-2187.53
-2190.36
-2190.01
-2194.1
-2196
-2195.81
-2194.12
-2196.34
-2196.46
-2195.35
-2191.98
-2195.24
-2193.85
-2189.23
-2186.18
-2188.83
-2185.84
-2184.47
-2181.45
-2175.16
-2179.41
-2178.26
-2175.85
-2171.26
-2165.12
-2164.22
-2165.87
-2167.46
-2165.7
-2162.55
-2161.65
-2164
-2165.85
-2168.27
-2168.96
-2174.09
-2176
-2177.13
