9504090.9644 11480592.5625309 10416379.5795531 12600294.2646407 11277782.7002112 8865131.84846948 10946835.2593599 12074788.625809 9849408.90011606 8535256.12803132 8205188.73720839 10024367.0693285 9364052.95874065 7542886.24229181 9936447.16138836 8921737.41712288 7810774.74860162 9358481.91052802 9255242.07734999 10450146.8173951 10079902.2231183 7083100.48942256 9718919.21559209 10844839.3018178 9506797.23334188 10677370.0763067 8806801.77570211 7872156.97402572 8392358.16427908 9169218.91293499 9318949.3301886 11432151.9294443 12928459.3248347 13318967.5378165 9186328.61556343
14668876.3757741 17719463.508 16076927.8101337 19447642.0268626 17406441.1674837 13682689.2363763 16895647.7507424 18636562.1161516 15201849.6110189 13173549.9425077 12664114.8192759 15471884.8794861 14452737.8517826 11641898.8643057 15336186.866349 13770055.833757 12055365.3805952 14444139.3421702 14284796.1334807 16129045.0972378 15557599.3690152 10932252.839931 15000448.22947 16738224.3740494 14673053.3059715 16479747.7480395 13592660.9917373 12150104.401906 12952997.2802402 14152025.6066641 14383123.6662905 17644698.8975839 19954141.0404838 20556862.1972373 14178433.1940518
12497576.4325713 15096612.9826492 13697206.859 16568985.0018368 14829924.4834424 11657365.5782622 14394739.1561244 15877961.8506857 12951658.50221 11223589.529099 10789561.4394941 13181722.9134646 12313430.9224169 9918654.78648472 13066111.0392157 11731800.0952933 10270919.6264947 12306105.1717368 12170348.0845139 13741609.6995692 13254749.8690969 9314051.18887454 12780068.7297521 14260617.7256825 12501135.0898984 14040401.0364938 11580663.3933338 10351635.2948013 11035683.2652867 12057230.3674934 12254121.089701 15032915.0954225 17000511.58735 17514017.429999 12079729.0806411
12661370.3185233 15294469.9766418 13876723.1636394 16786138.98 15024286.2441104 11810147.6171101 14583397.3552855 16086059.2435325 13121403.6113554 11370686.4765127 10930969.9922185 13354483.2587354 12474811.3877468 10048649.1913727 13237356.1692567 11885557.6767882 10405530.8326754 12467389.6253977 12329853.2987373 13921707.9501437 13428467.3094418 9436121.62760419 12947564.9744259 14447518.1224088 12664975.6157982 14224415.2618518 11732440.1693615 10487304.3647239 11180317.5034455 12215253.0550413 12414724.2372823 15229937.2615961 17223321.17536 17743557.0522584 12238046.6374922
13427701.2183107 16220169.5371249 14716613.4346423 17802121.9790661 15933632.903 12524958.1646542 15466059.1632956 17059669.8357522 13915578.0792843 12058898.5878036 11592568.2125495 14162764.8992219 13229850.7867181 10656844.8434031 14038548.6791348 12604932.4268975 11035326.7872336 13221979.8213462 13076119.0926415 14764320.9305415 14241226.8431358 10007243.9781452 13731217.8387918 15321955.8241671 13431524.7266193 15085349.6372264 12442547.4646624 11122049.6717469 11857007.5106709 12954582.6559697 13166126.854537 16151730.9720533 18265764.6772558 18817487.8906444 12978755.8226291
16768585.9048735 20255835.4444165 18378186.4516838 22231386.20987 19898006.9459937 15641235.497 19314098.3309878 21304207.9577623 17377849.1675293 15059217.7767552 14476861.8819996 17686537.4051722 16521509.2158306 13308325.477769 17531415.5177066 15741107.7882285 13780975.7762363 16511679.9117043 16329528.2448131 18437763.8305877 17784521.1050918 12497100.4038819 17147619.1020937 19134141.3017043 16773360.7227286 18838666.215773 15538320.5691336 13889275.7834555 14807095.1077081 16177752.88537 16441930.4246733 20170368.9942065 22810385.7189713 23499380.6518346 16207940.4666344
24030158.4851668 29027548.2226156 26336790.4490715 31858603.7605512 28514763.4489687 22414613.2553425 27677995.421 30529914.4799797 24903260.894867 21580554.9669454 20746012.0588472 25345625.4040239 23676086.1722496 19071445.3930207 25123328.5710373 22557734.863814 19748775.1120957 23662000.3252201 23400968.5692592 26422167.5861368 25486040.5738771 17908922.375085 24573330.5720685 27420108.6821458 24037001.0197995 26996679.2299769 22267131.4079674 19903974.0270301 21219251.5315052 23183467.4655733 23562046.0871513 28905070.8500236 32688336.8129068 33675698.3904487 23226727.6645061
18684987.8889349 22570778.6038882 20478542.0320086 24772105.676778 22172055.5870952 17428797.9611021 21521414.8317254 23738964.629 19363880.9541271 16780264.2018684 16131353.6197665 19707847.7032933 18409673.9794262 14829270.7438048 19534997.6725843 17540084.1818145 15355937.9984358 18398721.3308487 18195752.4156928 20544928.2263836 19817029.4945723 13925334.6118752 19107338.9887677 21320891.3688784 18690308.3980286 20991647.8397324 17314121.3752717 15476615.0987435 16499327.6312837 18026631.3717884 18321000.5064556 22475544.5992952 25417276.2878617 26185013.1768946 18060268.9482376
29869378.9707293 36081111.9488713 32736512.1325183 39600101.2556618 35443722.7804257 27861263.5126576 34403623.883308 37948546.4529652 30954641.341 26824532.8096459 25787199.7265243 31504498.4372553 29429268.6774869 23705720.8888297 31228184.4731769 28039163.0285919 24547638.6847391 29411760.0329516 29087298.7337468 32842635.530082 31679033.8621537 22260710.0035976 30544539.4329462 34083071.8262287 29877884.2105176 33556750.9206879 27677944.2393673 24740550.238314 26375434.2636146 28816945.8396302 29287517.3643711 35928873.1253303 40631455.7097178 41858741.7119696 28870718.0724297
18034069.2726414 21784492.8398921 19765142.3593721 23909133.4958137 21399659.9168961 16821640.5403998 20771685.1746224 22911983.4128281 18689312.1146045 16195699.394 15569394.5519023 19021296.2838649 17768346.3219328 14312671.6188508 18854467.7343302 16929049.9444276 14820991.6568462 17757775.2247322 17561877.0257143 19829215.8945128 19126674.5693067 13440225.4113306 18441707.1601817 20578147.2370402 18039204.4340946 20260373.3831056 16710958.8795334 14937464.7955771 15924549.6557578 17398647.5583278 17682761.9178271 21692576.4497852 24531828.6542006 25272820.3167202 17431113.3210811
13775259.1986131 16640006.8028513 15097533.173552 18262905.9553811 16346053.5534607 12849149.8555703 15866377.2965814 17501236.4372383 14275764.0957397 12371026.953613 11892626.244 14529349.0139443 13572287.6747883 10932682.9343728 14401917.6241217 12931194.1439937 11320961.3741068 13564212.9800674 13414576.8426424 15146475.5137965 14609841.8397132 10266268.0246957 14086631.9384617 15718544.0363973 13779181.6732901 15475813.6166394 12764606.0654852 11409928.9638081 12163910.1975746 13289894.5988233 13506914.3343573 16569796.7976006 18738549.4210249 19304553.2474993 13314693.455379
12702022.3867633 15343576.1809106 13921277.3850866 16840034.5102731 15072524.9650614 11848066.6507358 14630220.5070885 16137707.0163746 13163532.7159937 11407194.5250848 10966066.235901 13397360.716 12514864.4681842 10080912.5532657 13279857.5646643 11923718.8307228 10438940.0402763 12507418.8766616 12369440.9598735 13966406.6049788 13471582.308505 9466418.33725537 12989135.9325166 14493905.0045421 12705639.259625 14270085.8239909 11770109.706417 10520976.1239382 11216214.3312501 12254472.7673054 12454584.3949254 15278836.269624 17278620.3736399 17800526.5803555 12277339.5334834
14337704.1760035 17319419.6628974 15713966.7071804 19008581.9226391 17013464.2779154 13373781.7115523 16514202.799621 18215813.3747987 14858644.7296567 12876137.0117904 12378203.1614632 15122583.5411369 14126445.308 11379065.2867614 14989949.1170821 13459175.8750875 11783197.167444 14118040.9228229 13962295.1294765 15764907.3672428 15206362.8956684 10685440.6009631 14661790.2906859 16360333.4951431 14341786.8056474 16107692.3721829 13285785.9914949 11875797.3112233 12660563.6613977 13832522.099285 14058402.7686487 17246342.9772999 19503645.9504969 20092759.7602242 13858333.4952139
29796811.2062472 35993452.7566021 32656978.6576266 39503892.6661158 35357612.1274517 27793574.4719601 34320040.1543747 37856350.3217991 30879436.9276554 26759362.5099493 25724549.6313133 31427958.1441022 29357770.1625576 23648127.754 31152315.485801 27971041.7803755 24488000.1075724 29340304.0553376 29016631.0360354 32762844.2280113 31602069.5345531 22206627.5279516 30470331.3636737 34000266.87968 29805295.7825245 33475224.6726871 27610700.5735087 24680442.9818286 26311355.0504635 28746934.965255 29216363.2347708 35841583.7978347 40532741.4407872 41757045.7472477 28800576.5582201
6484827.67749476 7833433.48484473 7107300.0931701 8597427.91793439 7695052.33788744 6048853.34020206 7469240.40781782 8238865.11333369 6720444.87807237 5823772.66599095 5598561.2113169 6839822.26854164 6389276.99953908 5146659.22868683 6779832.7909 6087476.4299514 5329444.81088589 6385475.7640735 6315033.20095825 7130340.14185761 6877714.99323449 4832938.39130294 6631409.20690736 7399646.56544625 6486674.21787435 7285379.02815197 6009053.58747148 5371327.10723884 5726270.58253349 6256337.90862639 6358501.90911903 7800381.49077897 8821341.37510818 9087792.78822271 6268012.19431812
11562774.6509578 13967406.7890603 12672674.3471163 15329647.3764332 13720666.228203 10785410.4299761 13318032.1736461 14690311.8205784 11982891.9971169 10384080.2414777 9982516.86482119 12195747.9021714 11392402.9754263 9176752.84928591 12088783.63945 10854277.346 9502668.75661936 11385625.1809698 11260022.539906 12713755.9153814 12263312.5404817 8617372.7814749 11824136.9071165 13193942.8444524 11566067.1255392 12990198.0651981 10714445.4645408 9577347.002315 10210229.1115657 11155365.8748321 11337529.4378264 13908473.4174808 15728896.3581143 16203992.6595881 11176181.7147245
6731516.99313646 8131425.11108446 7377668.88062902 8924482.65474944 7987779.80721533 6278957.75702257 7753377.76600275 8552279.76327512 6976097.30713119 6045314.78937103 5811536.06623725 7100015.93265289 6632331.4720475 5342443.28126419 7037744.39542214 6319050.10764545 5532182.2094 6628385.6337918 6555263.36528558 7401585.39575877 7139350.13440375 5016788.1901845 6883674.63019213 7681136.50442418 6733433.77775463 7562522.11599104 6237643.98198451 5575657.75009785 5944103.62936784 6494335.24546518 6600385.66647941 8097115.786184 9156914.00326287 9433501.49400689 6506453.63263364
12240514.7817734 14786091.9567755 13415470.1058389 16228178.8735768 14524888.9519944 11417586.1573744 14098654.9168926 15551369.3223931 12685256.8736133 10992732.4130977 10567631.8125792 12910589.1083802 12060156.9458999 9714638.76891004 12797355.2455327 11490489.6367737 10059657.9015799 12052981.878 11920017.1674541 13458959.6279292 12982113.9783986 9122471.21437737 12517196.5174711 13967292.2194341 12244000.2413624 13751605.1497249 11342461.6535575 10138713.3357562 10808691.1782078 11809226.1597143 12002067.0523929 14723704.2663002 16650829.4232415 17153773.005254 11831262.0986294
15083236.0924663 18219994.8159902 16531061.5203127 19996990.1319356 17898130.3634394 14069191.5894082 17372908.2876769 19162999.2065424 15631264.5121098 13545670.3614256 13021844.947627 15908927.613444 14860992.1862169 11970753.9034782 15769396.4648411 14159026.0785083 12395899.83298 14852150.7898342 14688306.527 16584650.9927271 15997063.3267047 11241062.1224908 15424174.0363685 17211038.0873761 15087531.0106792 16945260.1317497 13976620.2680545 12493314.9988723 13318887.6283393 14551785.5590134 14789411.5710244 18143118.2890239 20517796.498241 21137543.0468077 14578939.0958623
8129974.40990828 9820710.27030119 8910362.88929334 10778523.7233691 9647222.97973203 7583397.01697813 9364124.44508797 10328996.5237697 8425365.7304638 7301215.25170905 7018869.52806361 8575028.16991536 8010183.3213455 6452323.77892682 8499819.86179286 7631818.46268338 6681480.53985906 8005417.74412462 7917104.48986765 8939248.0063 8622533.96303669 6059014.57988094 8313742.4516136 9276875.22495347 8132289.40219173 9133618.96583809 7533500.39870047 6733988.02571862 7178977.70233317 7843518.69108132 7971600.84698834 9779273.26082081 11059242.1583669 11393290.0741847 7858154.64575088
11667390.5153065 14093778.9080418 12787332.1883744 15468344.5627796 13844805.9265222 10882992.9798871 13438528.9825287 14823224.5266592 12091308.933494 10478031.6988676 10072835.1198865 12306090.6829207 11495477.3775711 9259780.83869349 12198158.6456696 10952482.9792247 9588645.51700795 11488638.2600458 11361899.2110474 12828785.4480287 12374266.622 8695339.69937846 11931117.4840157 13313316.9373069 11670712.7790245 13107728.7478996 10811385.9487347 9663999.42485713 10302607.6258884 11256295.649765 11440107.3637586 14034312.3283186 15871205.8069643 16350600.610461 11277299.8239584
55413635.8664903 66937635.4008612 60732737.8526349 73466060.1215642 65755151.7837729 51688182.4889527 63825561.563417 70402097.6421346 57427013.3078063 49764840.9382429 47840381.8526791 58447107.530065 54597143.780909 43978824.8216861 57934490.1969335 52018221.4565009 45540749.7019377 54564661.7646693 53962721.553441 60929617.8518902 58770905.439978 41298042.369 56666192.7422593 63230873.7734682 55429414.7770945 62254443.8638561 51348088.7940897 45898638.9836235 48931673.8569207 53461163.1901181 54334166.915662 66655202.1189133 75379427.6616912 77656287.1738848 53560921.3715989
8656514.32803014 10456751.1384398 9487444.87130385 11476597.6302021 10272027.8981412 8074537.70735212 9970594.41288892 10997956.6839983 8971036.74468723 7774080.36628305 7473448.44803051 9130392.11115694 8528964.93829895 6870210.21533568 9050312.91729677 8126095.18064756 7114208.37379943 8523890.71722347 8429857.83196632 9518200.74046504 9180974.62938948 6451428.2431886 8852184.155 9877694.47420236 8658979.25139405 9725160.18601309 8021409.52154696 7170116.520708 7643926.0700646 8351506.22968365 8487883.65990322 10412630.4502073 11775496.8680324 12131179.4844501 8367090.08578375
12546639.9853607 15155879.95109 13750979.9753654 16634032.2751775 14888144.4740688 11703130.5931449 14451250.676441 15940296.273976 13002504.710998 11267651.60628 10831919.5895017 13233472.3195603 12361771.5484048 9957593.89162584 13117406.5709681 11777857.3285814 10311241.668933 12354417.0379601 12218126.9894026 13795557.1346214 13306785.9677295 9350616.71377087 12830241.3036234 14316602.706 12550212.6134263 14095521.4801379 11626127.2872977 10392274.2144738 11079007.6515287 12104565.1897145 12302228.8744557 15091931.9958066 17067252.9673459 17582774.7545386 12127152.2293314
6363296.68240324 7686628.50964079 6974103.45392329 8436305.05977113 7550840.73899634 5935492.86215133 7329260.70990076 8084462.01652926 6594498.2231868 5714630.38457907 5493639.57747713 6711638.38334299 6269536.70260503 5050206.60903898 6652773.15776716 5973392.12348699 5229566.63935018 6265806.70541311 6196684.29376803 6996711.71318119 6748820.967263 4742365.15773045 6507131.15360281 7260971.11327577 6365108.6171 7148845.04345058 5896438.98946479 5270664.02708171 5618955.57022041 6139088.99940666 6239338.36264757 7654195.93708141 8656022.19491169 8917480.08977257 6150544.49939927
12272056.1421547 14824192.7608148 13450039.0912809 16269995.6474063 14562316.6880906 11447006.9951492 14134984.3330614 15591442.0932665 12717944.2454856 11021058.4876787 10594862.487867 12943857.11639 12091233.560182 9739671.45159111 12830331.4725072 11520098.3322456 10085579.6296153 12084040.003566 11950732.6695334 13493640.6771785 13015566.2917045 9145977.99961241 12549450.8313918 14003283.1401837 12275550.5830765 13787040.288 11371688.9104993 10164838.7738467 10836543.0153062 11839656.1755077 12032993.9806284 14761644.3097291 16693735.2830726 17197974.8501849 11861748.8966336
7827516.97654122 9455352.80760405 8578872.85574781 10377532.9629451 9288319.72192923 7301273.76759086 9015753.23226604 9944729.41291272 8111918.92663264 7029589.94095764 6757748.2556511 8256013.51125149 7712182.4463094 6212279.56832647 8183603.15927199 7347893.8021908 6432911.06678485 7707594.16168282 7622566.4036486 8606683.36686867 8301751.95806482 5833602.55443459 8004448.34110259 8931749.92335519 7829745.84473755 8793823.19152504 7253233.4409 6483465.12959473 6911899.96499112 7551718.1991905 7675035.34623248 9415457.36897026 10647807.8992224 10969428.3127941 7565809.65604727
5950505.71078992 7187992.18804672 6521689.07116508 7889036.75903647 7061013.05364463 5550453.78761834 6853807.05739172 7560017.99052578 6166709.06534676 5343918.79487986 5137263.79742726 6276250.27122827 5862827.99857894 4722596.5985301 6221203.66905984 5585894.50054883 4890321.433301 5859339.96860022 5794701.57033489 6542830.71873232 6311020.79804808 4434725.01160648 6085009.55133036 6789947.44892364 5952200.10416787 6685095.0662478 5513933.36368583 4928752.8082 5254450.46460471 5740842.51816155 5834588.64351788 7157663.53642752 8094500.70841161 8338997.66873772 5751554.8928202
10892465.0850004 13157697.4705837 11938022.4060762 14440967.1427208 12925260.791212 10160165.7112796 12545967.9732092 13838694.7271487 11288227.6647254 9782101.17246979 9403816.96373243 11488744.0272708 10731970.0841706 8644764.1696662 11387980.6264256 10225040.319749 8951786.29441043 10725585.2075559 10607263.9201771 11976722.4206897 11552391.8528136 8117812.11518057 11138675.8203718 12429072.2689803 10895566.6904112 12237138.8480436 10093314.680139 9022135.34197069 9618328.4259 10508674.3424467 10680277.6391961 13102180.5456544 14817071.1250658 15264625.4562736 10528283.4601617
6397153.14354073 7727525.87030207 7011209.76443204 8481191.13827034 7591015.62927642 5967073.15668246 7368256.66479274 8127476.08419595 6629584.81178355 5745035.56151599 5522868.95403167 6747348.22612353 6302894.30579659 5077076.66277512 6688169.80310908 6005174.06426104 5257390.99338049 6299144.46283741 6229654.27952296 7033938.31285595 6784728.64314331 4767597.31484588 6541752.89827609 7299603.72756152 6398974.71879013 7186881.08144655 5927811.49454513 5298707.04325839 5648851.70117129 6171752.5445 6272535.2930033 7694920.7374823 8702077.29711331 8964926.30093833 6183268.99445451
8559675.65845395 10339773.584893 9381310.75031712 11348211.2608558 10157116.8060074 7984209.49216152 9859055.39600062 10874924.7738117 8870679.5766454 7687113.30641098 7389844.4964365 9028252.26696002 8433553.13786879 6793354.5674674 8949068.9027953 8035190.20246306 7034623.16803413 8428535.68107504 8335554.7226281 9411722.55980968 9078268.92882315 6379257.42428131 8753156.56676649 9767194.71008084 8562113.00722026 9616366.79202779 7931675.64059246 7089905.88184574 7558415.01989895 8258079.6238244 8392931.4274 10296146.4658487 11643766.7735524 11995470.4407002 8273489.14648792
9611565.22985116 11610417.5249838 10534170.1971057 12742781.0501348 11405314.2459596 8965380.62945346 11070624.3816359 12211332.8826872 9960788.09362686 8631774.60478346 8297974.74227956 10137724.726723 9469943.64488372 7628182.79104209 10048810.6019178 9022626.30581777 7899100.63709058 9464309.59808272 9359902.30709336 10568319.2819962 10193887.8837466 7163197.6838906 9828822.80422434 10967475.0322906 9614302.10185311 10798112.0294509 8906390.94791889 7961176.98566795 8487260.72071373 9272906.37458912 9424329.97498569 11561429.115 13074657.0700538 13469581.2322831 9290209.55734407
15012118.805758 18134087.7475594 16453117.7531711 19902704.5507912 17813740.8822434 14002855.5110041 17290995.2225974 19072645.8831303 15557563.2776329 13481802.67966 12960447.0967325 15833917.2006008 14790922.777 11914311.934908 15695043.9397773 14092266.4315093 12337453.3061852 14782123.0677007 14619051.3287033 16506454.5518323 15921637.3549754 11188060.6423727 15351449.2311305 17129888.2384509 15016393.4734803 16865363.4228638 13910720.6623781 12434409.1606778 13256089.2245821 14483174.0555287 14719679.6635944 18057573.6925438 20421055.321 21037879.7716356 14510199.56376
13037737.8853506 15749108.1639951 14289217.893771 17285118.0103412 15470893.0421709 12161212.0288366 15016898.4409188 16564227.9428929 13511445.9706204 11708687.6165679 11255900.2703429 13751454.0639391 12845633.3675579 10347351.9029209 13630845.294629 12238863.7021759 10714842.0859219 12837990.9884377 12696366.3039367 14335539.8826646 13827637.3392514 9716616.55413458 13332439.8657822 14876980.1084049 13041450.3524601 14647245.3684645 12081194.6760542 10799046.3900365 11512659.8004694 12578359.4925633 12783760.0869946 15682657.1715172 17735295.7342252 18270995.965 12601830.6292561
11974629.4603672 14464912.2611206 13124062.7063546 15875674.5359273 14209383.0409896 11169576.2803995 13792407.5522348 15213566.468158 12409710.9786005 10753951.1001467 10338084.4257998 12630148.6043798 11798189.3111282 9503619.87816348 12519374.3784474 11240896.169125 9841144.59375881 11791170.0982122 11661093.6129926 13166607.5602046 12700119.8295236 8924315.23531143 12245301.1863933 13663898.2815853 11978039.2096973 13452896.3110632 11096083.6117791 9918482.80607807 10573907.5617395 11552709.179096 11741361.2313832 14403879.7400504 16289144.3787963 16781163.149366 11574266.459
