#styr																																																													
	1964																																																												
#styr_bts																																																													
	1982																																																												
#styr_ats																																																													
	1994																																																												
#endyr																																																													
2021																																																													
#recage																																																													
1																																																													
#nages																																																													
15																																																													
#p_mature																																																													
0	0.008	0.289	0.641	0.842	0.901	0.947	0.963	0.97	1	1	1	1	1	1																																															
#ew_ind	1965	1966	1967	1968	1969	1970	1971	1972	1973	1974	1975	1976	1977	1978	1979	1980	1981	1982	1983	1984	1985	1986	1987	1988	1989	1990	1991	1992	1993	1994	1995	1996	1997	1998	1999	2000	2001	2002	2003	2004	2005	2006	2007	2008	2009	2010	2011	2012	2013	2014	2015	2016	2017	2018	2019						
8	7	2	9	7	7	7	7	8	6	5	7	8	8	7	5	4	6	7	8	3	7	7	7	7	8	4	6	2	1	6	6	4	4	10	4	4	4	4	4	4	4	4	4	4	4	4	4	4	4	4	4	4	4	4	4	4	4				
5	6	6	8	5	8	5	4	8	4	5	5	6	5	8	11	6	7	9	10	4	4	6	5	7	9	5	7	3	5	3	5	4	6	11	4	4	4	4	4	4	4	4	4	4	4	4	4	4	4	4	4	4	4	4	4	4	4				
#wt_fsh																																																													
0.0066	0.17	0.303	0.447	0.589	0.722	0.84	0.942	1.029	1.102	1.163	1.212	1.253	1.286	1.312																																															
0.0066	0.17	0.303	0.447	0.589	0.722	0.84	0.942	1.029	1.102	1.163	1.212	1.253	1.286	1.312																																															
0.0066	0.17	0.303	0.447	0.589	0.722	0.84	0.942	1.029	1.102	1.163	1.212	1.253	1.286	1.312																																															
0.0066	0.17	0.303	0.447	0.589	0.722	0.84	0.942	1.029	1.102	1.163	1.212	1.253	1.286	1.312																																															
0.0066	0.17	0.303	0.447	0.589	0.722	0.84	0.942	1.029	1.102	1.163	1.212	1.253	1.286	1.312																																															
0.0066	0.17	0.303	0.447	0.589	0.722	0.84	0.942	1.029	1.102	1.163	1.212	1.253	1.286	1.312																																															
0.0066	0.17	0.303	0.447	0.589	0.722	0.84	0.942	1.029	1.102	1.163	1.212	1.253	1.286	1.312																																															
0.0066	0.17	0.303	0.447	0.589	0.722	0.84	0.942	1.029	1.102	1.163	1.212	1.253	1.286	1.312																																															
0.0066	0.17	0.303	0.447	0.589	0.722	0.84	0.942	1.029	1.102	1.163	1.212	1.253	1.286	1.312																																															
0.0066	0.17	0.303	0.447	0.589	0.722	0.84	0.942	1.029	1.102	1.163	1.212	1.253	1.286	1.312																																															
0.0066	0.17	0.303	0.447	0.589	0.722	0.84	0.942	1.029	1.102	1.163	1.212	1.253	1.286	1.312																																															
0.0066	0.17	0.303	0.447	0.589	0.722	0.84	0.942	1.029	1.102	1.163	1.212	1.253	1.286	1.312																																															
0.0066	0.17	0.303	0.447	0.589	0.722	0.84	0.942	1.029	1.102	1.163	1.212	1.253	1.286	1.312																																															
0.0066	0.17	0.303	0.447	0.589	0.722	0.84	0.942	1.029	1.102	1.163	1.212	1.253	1.286	1.312																																															
0.0066	0.17	0.303	0.447	0.589	0.722	0.84	0.942	1.029	1.102	1.163	1.212	1.253	1.286	1.312																																															
0.0066	0.17	0.303	0.447	0.589	0.722	0.84	0.942	1.029	1.102	1.163	1.212	1.253	1.286	1.312																																															
0.0066	0.17	0.303	0.447	0.589	0.722	0.84	0.942	1.029	1.102	1.163	1.212	1.253	1.286	1.312																																															
0.0066	0.17	0.303	0.447	0.589	0.722	0.84	0.942	1.029	1.102	1.163	1.212	1.253	1.286	1.312																																															
0.0066	0.17	0.303	0.447	0.589	0.722	0.84	0.942	1.029	1.102	1.163	1.212	1.253	1.286	1.312																																															
0.0066	0.17	0.303	0.447	0.589	0.722	0.84	0.942	1.029	1.102	1.163	1.212	1.253	1.286	1.312																																															
0.0066	0.17	0.303	0.447	0.589	0.722	0.84	0.942	1.029	1.102	1.163	1.212	1.253	1.286	1.312																																															
0.0066	0.17	0.303	0.447	0.589	0.722	0.84	0.942	1.029	1.102	1.163	1.212	1.253	1.286	1.312																																															
0.0066	0.17	0.303	0.447	0.589	0.722	0.84	0.942	1.029	1.102	1.163	1.212	1.253	1.286	1.312																																															
0.0066	0.17	0.303	0.447	0.589	0.722	0.84	0.942	1.029	1.102	1.163	1.212	1.253	1.286	1.312																																															
0.0066	0.17	0.303	0.447	0.589	0.722	0.84	0.942	1.029	1.102	1.163	1.212	1.253	1.286	1.312																																															
0.0066	0.17	0.303	0.447	0.589	0.722	0.84	0.942	1.029	1.102	1.163	1.212	1.253	1.286	1.312																																															
0.0066	0.17	0.303	0.447	0.589	0.722	0.84	0.942	1.029	1.102	1.163	1.212	1.253	1.286	1.312																																															
0.0066	0.149613	0.28829315	0.485167675	0.605841496	0.729371624	0.844096965	0.882693471	1.016319154	1.124358417	1.141080445	1.231533256	1.22187122	1.2947968	1.251612802																																															
0.0066	0.179094	0.39680313	0.464697432	0.651190101	0.713675625	0.818542598	0.985786535	1.030419547	1.199785801	1.236505467	1.26924022	1.193139554	1.35742978	1.4313865																																															
0.0066	0.33131	0.49472775	0.612071454	0.651817369	0.774858018	0.934475727	1.062411234	1.19773405	1.24041873	1.42333539	1.53983216	1.57572931	1.60870209	1.50768835																																															
0.0066	0.233091	0.400050503	0.651626422	0.732390096	0.745802836	0.7269725	1.07004583	1.37989415	1.32486267	1.335020116	1.40900715	1.397040133	1.27783839	1.36979349																																															
0.0066	0.15348	0.385611534	0.505264489	0.728522112	0.843244857	0.847295609	0.969591893	1.231843043	1.296301595	1.4006777	1.40195111	1.3922331	1.094947991	1.30550716																																															
0.0066	0.292889	0.335606389	0.445074427	0.684364427	0.796765028	0.94837944	0.955519142	1.02546574	1.099697907	1.418002059	1.48923278	1.52059129	1.70190128	1.60196253																																															
0.0066	0.187184	0.32671751	0.476869951	0.559045521	0.747564413	0.888807785	1.074088782	1.09517763	1.235658204	1.286725055	1.39973464	1.56127113	1.36341636	1.337754147																																															
0.0066	0.190536	0.369383672	0.589302496	0.618376139	0.621628031	0.779568341	1.040015819	1.1692864	1.27585814	1.316131244	1.4277181	1.44836347	1.43697434	1.528370777																																															
0.0066	0.187805	0.40445582	0.507015926	0.643391663	0.702294283	0.728631916	0.893662232	1.037729163	1.25272383	1.223967714	1.42241993	0.994869796	0.61644297	1.23864456																																															
0.0066	0.217708	0.352966915	0.525656627	0.62991625	0.731738432	0.779707642	0.806637556	0.967905069	1.014842882	1.25287595	1.286417827	1.10813708	1.0838821	1.35876186																																															
0.0065	0.226725	0.32898713	0.504776539	0.667911679	0.785503545	0.963814278	0.985640409	1.061105349	1.13286349	1.31951532	1.41110787	1.5682545	1.47239219	1.49492148																																															
0.0067	0.231265	0.384942633	0.509822391	0.667342923	0.798843998	0.910851775	1.025740532	1.11296386	1.10152103	1.28351659	1.44217266	1.57874939	1.289712209	1.56780282																																															
0.0065	0.27607	0.489241213	0.548784202	0.651561244	0.768839009	0.863003577	0.95278432	1.085649709	1.20152919	1.2115767	1.19445331	1.374063742	1.354663004	1.70944157																																															
0.0067	0.134785	0.408485451	0.583890898	0.641247213	0.759872306	0.887631525	0.924376611	1.035504964	1.176251988	1.126812073	1.166778953	1.309497257	1.253624205	1.184688376																																															
0.0066	0.282639	0.351069873	0.508227212	0.641091205	0.741709813	0.880134021	0.959955416	1.061691321	1.074204224	1.216280304	1.2679849	1.21748792	1.075504804	1.342282396																																															
0.0066	0.174065	0.30552192	0.448377014	0.606399375	0.755330685	0.857665365	0.958631335	1.060309814	1.11661672	1.190103027	1.218200954	1.279676942	1.384136684	1.41707779																																															
0.006633333	0.154728	0.349006047	0.507433122	0.642345264	0.782934356	0.960533573	1.100323808	1.1921783	1.26649122	1.32689268	1.487725809	1.443787904	1.72854413	1.51178103																																															
0.006611111	0.2076326	0.328222145	0.51871347	0.652689432	0.773936749	0.899905378	1.05422698	1.1165659	1.2888614	1.45242062	1.52770456	1.56042986	1.87355184	1.64468809																																															
0.006604444	0.135797	0.339606441	0.525130076	0.70476811	0.87862654	0.999417089	1.13049152	1.39828687	1.4792252	1.55788074	1.57615198	1.80693852	2.02570229	2.22207877																																															
0.0497677	0.174856	0.380772971	0.489989276	0.667530349	0.909046943	1.114264972	1.27685588	1.37360813	1.58575649	1.6790192	1.92345261	1.94790431	2.07703881	2.27116122																																															
0.030688207	0.204737208	0.290306334	0.508276718	0.66555235	0.809441376	0.971459342	1.22376812	1.3421732	1.51301507	1.58174035	1.62333791	2.07956946	1.70723085	2.24223663																																															
0.029020117	0.141972725	0.270608292	0.4094757	0.643213487	0.824137923	0.973919869	1.169735123	1.30281785	1.50945146	1.59886882	1.63667487	1.68001259	2.03115156	2.06213317																																															
0.0949551	0.1439405	0.289565055	0.442138315	0.564462021	0.780571661	1.13010764	1.28147198	1.43958081	1.68472541	1.82735188	1.78573408	1.93390415	2.15908299	2.18218255																																															
0.014342609	0.19287	0.318821317	0.454131676	0.616878649	0.751255874	0.893856306	1.1563452	1.30671643	1.386354753	1.66919794	1.77334777	1.70424223	1.62338903	2.21523384																																															
0.025182262	0.181323803	0.403995291	0.462211481	0.57057962	0.690256019	0.786073755	0.886708131	1.140720555	1.195296148	1.31540647	1.67091711	1.38920291	1.55916182	2.60007725																																															
0.025182262	0.181323803	0.408558886	0.531116861	0.557025009	0.645971991	0.731820729	0.799735963	0.940504639	1.043410635	1.177987108	0.78776004	0.91117821	1.683923327	1.42947008																																															
0.025182262	0.191119721	0.408307359	0.498515995	0.65028662	0.693721134	0.751851661	0.827407009	0.893922017	0.911154686	1.027503913	0.961318351	0.312212337	0.701147853	0.68767494																																															
0.025182262	0.186221762	0.377245193	0.466752468	0.573181866	0.73369985	0.808813471	0.853169951	0.906350768	1.038827227	0.935593796	1.110071766	0.56831773	1.454110485	1.1296406																																															
0.025182262	0.186221762	0.421911581	0.565246646	0.643225276	0.759397562	0.878483343	0.962275785	1.006798006	1.064675052	1.034985041	1.181891891	0.754172472	1.454110485	1.592853037																																															
0.025182262	0.186221762	0.387278533	0.521578796	0.631983426	0.715571536	0.799211203	0.955081444	1.005954392	1.040257935	1.18923468	1.072450668	1.208377146	0.96073877	1.592853037																																															
#	Projected	0.368914651	0.42895537	0.607117281	0.75661682	0.844671754	0.925681985	1.028280177	1.10771216	1.211484	1.21465319	1.31395573	1.37217561	1.34668329																																															
0.025182262	0.186221762	0.342873	0.507684	0.618064	0.765336	0.843669	0.943167	1.062072	1.060277	1.100991	1.172922	1.242882	1.405594	1.501528																																															
#wt_ssb																																																													
	0.084881666	0.195868126	0.313762788	0.459295544	0.588623602	0.697818331	0.796798739	0.914861263	1.056957011	1.147231476	1.290106451	1.387917889	1.43166676	1.407002719	1.522866931																																														
	0.084881666	0.195868126	0.313762788	0.459295544	0.588623602	0.697818331	0.796798739	0.914861263	1.056957011	1.147231476	1.290106451	1.387917889	1.43166676	1.407002719	1.522866931																																														
	0.084881666	0.195868126	0.313762788	0.459295544	0.588623602	0.697818331	0.796798739	0.914861263	1.056957011	1.147231476	1.290106451	1.387917889	1.43166676	1.407002719	1.522866931																																														
	0.084881666	0.195868126	0.313762788	0.459295544	0.588623602	0.697818331	0.796798739	0.914861263	1.056957011	1.147231476	1.290106451	1.387917889	1.43166676	1.407002719	1.522866931																																														
	0.084881666	0.195868126	0.313762788	0.459295544	0.588623602	0.697818331	0.796798739	0.914861263	1.056957011	1.147231476	1.290106451	1.387917889	1.43166676	1.407002719	1.522866931																																														
	0.084881666	0.195868126	0.313762788	0.459295544	0.588623602	0.697818331	0.796798739	0.914861263	1.056957011	1.147231476	1.290106451	1.387917889	1.43166676	1.407002719	1.522866931																																														
	0.084881666	0.195868126	0.313762788	0.459295544	0.588623602	0.697818331	0.796798739	0.914861263	1.056957011	1.147231476	1.290106451	1.387917889	1.43166676	1.407002719	1.522866931																																														
	0.084881666	0.195868126	0.313762788	0.459295544	0.588623602	0.697818331	0.796798739	0.914861263	1.056957011	1.147231476	1.290106451	1.387917889	1.43166676	1.407002719	1.522866931																																														
	0.084881666	0.195868126	0.313762788	0.459295544	0.588623602	0.697818331	0.796798739	0.914861263	1.056957011	1.147231476	1.290106451	1.387917889	1.43166676	1.407002719	1.522866931																																														
	0.084881666	0.195868126	0.313762788	0.459295544	0.588623602	0.697818331	0.796798739	0.914861263	1.056957011	1.147231476	1.290106451	1.387917889	1.43166676	1.407002719	1.522866931																																														
	0.084881666	0.195868126	0.313762788	0.459295544	0.588623602	0.697818331	0.796798739	0.914861263	1.056957011	1.147231476	1.290106451	1.387917889	1.43166676	1.407002719	1.522866931																																														
	0.084881666	0.195868126	0.313762788	0.459295544	0.588623602	0.697818331	0.796798739	0.914861263	1.056957011	1.147231476	1.290106451	1.387917889	1.43166676	1.407002719	1.522866931																																														
	0.084881666	0.195868126	0.313762788	0.459295544	0.588623602	0.697818331	0.796798739	0.914861263	1.056957011	1.147231476	1.290106451	1.387917889	1.43166676	1.407002719	1.522866931																																														
	0.084881666	0.195868126	0.313762788	0.459295544	0.588623602	0.697818331	0.796798739	0.914861263	1.056957011	1.147231476	1.290106451	1.387917889	1.43166676	1.407002719	1.522866931																																														
	0.084881666	0.195868126	0.313762788	0.459295544	0.588623602	0.697818331	0.796798739	0.914861263	1.056957011	1.147231476	1.290106451	1.387917889	1.43166676	1.407002719	1.522866931																																														
	0.084881666	0.195868126	0.313762788	0.459295544	0.588623602	0.697818331	0.796798739	0.914861263	1.056957011	1.147231476	1.290106451	1.387917889	1.43166676	1.407002719	1.522866931																																														
	0.084881666	0.195868126	0.313762788	0.459295544	0.588623602	0.697818331	0.796798739	0.914861263	1.056957011	1.147231476	1.290106451	1.387917889	1.43166676	1.407002719	1.522866931																																														
	0.084881666	0.195868126	0.313762788	0.459295544	0.588623602	0.697818331	0.796798739	0.914861263	1.056957011	1.147231476	1.290106451	1.387917889	1.43166676	1.407002719	1.522866931																																														
	0.084881666	0.195868126	0.313762788	0.459295544	0.588623602	0.697818331	0.796798739	0.914861263	1.056957011	1.147231476	1.290106451	1.387917889	1.43166676	1.407002719	1.522866931																																														
	0.084881666	0.195868126	0.313762788	0.459295544	0.588623602	0.697818331	0.796798739	0.914861263	1.056957011	1.147231476	1.290106451	1.387917889	1.43166676	1.407002719	1.522866931																																														
	0.084881666	0.195868126	0.313762788	0.459295544	0.588623602	0.697818331	0.796798739	0.914861263	1.056957011	1.147231476	1.290106451	1.387917889	1.43166676	1.407002719	1.522866931																																														
	0.084881666	0.195868126	0.313762788	0.459295544	0.588623602	0.697818331	0.796798739	0.914861263	1.056957011	1.147231476	1.290106451	1.387917889	1.43166676	1.407002719	1.522866931																																														
	0.084881666	0.195868126	0.313762788	0.459295544	0.588623602	0.697818331	0.796798739	0.914861263	1.056957011	1.147231476	1.290106451	1.387917889	1.43166676	1.407002719	1.522866931																																														
	0.084881666	0.195868126	0.313762788	0.459295544	0.588623602	0.697818331	0.796798739	0.914861263	1.056957011	1.147231476	1.290106451	1.387917889	1.43166676	1.407002719	1.522866931																																														
	0.084881666	0.195868126	0.313762788	0.459295544	0.588623602	0.697818331	0.796798739	0.914861263	1.056957011	1.147231476	1.290106451	1.387917889	1.43166676	1.407002719	1.522866931																																														
	0.084881666	0.195868126	0.313762788	0.459295544	0.588623602	0.697818331	0.796798739	0.914861263	1.056957011	1.147231476	1.290106451	1.387917889	1.43166676	1.407002719	1.522866931																																														
	0.084881666	0.195868126	0.313762788	0.459295544	0.588623602	0.697818331	0.796798739	0.914861263	1.056957011	1.147231476	1.290106451	1.387917889	1.43166676	1.407002719	1.522866931																																														
	0.084881666	0.195868126	0.313762788	0.459295544	0.588623602	0.697818331	0.796798739	0.914861263	1.056957011	1.147231476	1.290106451	1.387917889	1.43166676	1.407002719	1.522866931																																														
	0.084881666	0.195868126	0.313762788	0.459295544	0.588623602	0.697818331	0.796798739	0.914861263	1.056957011	1.147231476	1.290106451	1.387917889	1.43166676	1.407002719	1.522866931																																														
	0.084881666	0.195868126	0.313762788	0.459295544	0.588623602	0.697818331	0.796798739	0.914861263	1.056957011	1.147231476	1.290106451	1.387917889	1.43166676	1.407002719	1.522866931																																														
	0.084881666	0.195868126	0.313762788	0.459295544	0.588623602	0.697818331	0.796798739	0.914861263	1.056957011	1.147231476	1.290106451	1.387917889	1.43166676	1.407002719	1.522866931																																														
	0.084881666	0.195868126	0.313762788	0.459295544	0.588623602	0.697818331	0.796798739	0.914861263	1.056957011	1.147231476	1.290106451	1.387917889	1.43166676	1.407002719	1.522866931																																														
	0.084881666	0.195868126	0.313762788	0.459295544	0.588623602	0.697818331	0.796798739	0.914861263	1.056957011	1.147231476	1.290106451	1.387917889	1.43166676	1.407002719	1.522866931																																														
	0.084881666	0.195868126	0.313762788	0.459295544	0.588623602	0.697818331	0.796798739	0.914861263	1.056957011	1.147231476	1.290106451	1.387917889	1.43166676	1.407002719	1.522866931																																														
	0.084881666	0.195868126	0.313762788	0.459295544	0.588623602	0.697818331	0.796798739	0.914861263	1.056957011	1.147231476	1.290106451	1.387917889	1.43166676	1.407002719	1.522866931																																														
	0.084881666	0.195868126	0.313762788	0.459295544	0.588623602	0.697818331	0.796798739	0.914861263	1.056957011	1.147231476	1.290106451	1.387917889	1.43166676	1.407002719	1.522866931																																														
	0.084881666	0.195868126	0.313762788	0.459295544	0.588623602	0.697818331	0.796798739	0.914861263	1.056957011	1.147231476	1.290106451	1.387917889	1.43166676	1.407002719	1.522866931																																														
	0.084881666	0.195868126	0.313762788	0.459295544	0.588623602	0.697818331	0.796798739	0.914861263	1.056957011	1.147231476	1.290106451	1.387917889	1.43166676	1.407002719	1.522866931																																														
	0.084881666	0.195868126	0.313762788	0.459295544	0.588623602	0.697818331	0.796798739	0.914861263	1.056957011	1.147231476	1.290106451	1.387917889	1.43166676	1.407002719	1.522866931																																														
	0.084881666	0.195868126	0.313762788	0.459295544	0.588623602	0.697818331	0.796798739	0.914861263	1.056957011	1.147231476	1.290106451	1.387917889	1.43166676	1.407002719	1.522866931																																														
	0.084881666	0.195868126	0.313762788	0.459295544	0.588623602	0.697818331	0.796798739	0.914861263	1.056957011	1.147231476	1.290106451	1.387917889	1.43166676	1.407002719	1.522866931																																														
	0.084881666	0.195868126	0.313762788	0.459295544	0.588623602	0.697818331	0.796798739	0.914861263	1.056957011	1.147231476	1.290106451	1.387917889	1.43166676	1.407002719	1.522866931																																														
	0.084881666	0.195868126	0.313762788	0.459295544	0.588623602	0.697818331	0.796798739	0.914861263	1.056957011	1.147231476	1.290106451	1.387917889	1.43166676	1.407002719	1.522866931																																														
	0.084881666	0.195868126	0.313762788	0.459295544	0.588623602	0.697818331	0.796798739	0.914861263	1.056957011	1.147231476	1.290106451	1.387917889	1.43166676	1.407002719	1.522866931																																														
	0.084881666	0.195868126	0.313762788	0.459295544	0.588623602	0.697818331	0.796798739	0.914861263	1.056957011	1.147231476	1.290106451	1.387917889	1.43166676	1.407002719	1.522866931																																														
	0.084881666	0.195868126	0.313762788	0.459295544	0.588623602	0.697818331	0.796798739	0.914861263	1.056957011	1.147231476	1.290106451	1.387917889	1.43166676	1.407002719	1.522866931																																														
	0.084881666	0.195868126	0.313762788	0.459295544	0.588623602	0.697818331	0.796798739	0.914861263	1.056957011	1.147231476	1.290106451	1.387917889	1.43166676	1.407002719	1.522866931																																														
	0.084881666	0.195868126	0.313762788	0.459295544	0.588623602	0.697818331	0.796798739	0.914861263	1.056957011	1.147231476	1.290106451	1.387917889	1.43166676	1.407002719	1.522866931																																														
	0.084881666	0.195868126	0.313762788	0.459295544	0.588623602	0.697818331	0.796798739	0.914861263	1.056957011	1.147231476	1.290106451	1.387917889	1.43166676	1.407002719	1.522866931																																														
	0.084881666	0.195868126	0.313762788	0.459295544	0.588623602	0.697818331	0.796798739	0.914861263	1.056957011	1.147231476	1.290106451	1.387917889	1.43166676	1.407002719	1.522866931																																														
	0.084881666	0.195868126	0.313762788	0.459295544	0.588623602	0.697818331	0.796798739	0.914861263	1.056957011	1.147231476	1.290106451	1.387917889	1.43166676	1.407002719	1.522866931																																														
	0.084881666	0.195868126	0.313762788	0.459295544	0.588623602	0.697818331	0.796798739	0.914861263	1.056957011	1.147231476	1.290106451	1.387917889	1.43166676	1.407002719	1.522866931																																														
	0.084881666	0.195868126	0.313762788	0.459295544	0.588623602	0.697818331	0.796798739	0.914861263	1.056957011	1.147231476	1.290106451	1.387917889	1.43166676	1.407002719	1.522866931																																														
	0.084881666	0.195868126	0.313762788	0.459295544	0.588623602	0.697818331	0.796798739	0.914861263	1.056957011	1.147231476	1.290106451	1.387917889	1.43166676	1.407002719	1.522866931																																														
	0.084881666	0.195868126	0.313762788	0.459295544	0.588623602	0.697818331	0.796798739	0.914861263	1.056957011	1.147231476	1.290106451	1.387917889	1.43166676	1.407002719	1.522866931																																														
	0.084881666	0.195868126	0.313762788	0.459295544	0.588623602	0.697818331	0.796798739	0.914861263	1.056957011	1.147231476	1.290106451	1.387917889	1.43166676	1.407002719	1.522866931																																														
	0.084881666	0.195868126	0.313762788	0.459295544	0.588623602	0.697818331	0.796798739	0.914861263	1.056957011	1.147231476	1.290106451	1.387917889	1.43166676	1.407002719	1.522866931																																														
	0.084881666	0.195868126	0.313762788	0.459295544	0.588623602	0.697818331	0.796798739	0.914861263	1.056957011	1.147231476	1.290106451	1.387917889	1.43166676	1.407002719	1.522866931																																														
#obs_catch	1965	1966	1967	1968	1969	1970	1971	1972	1973	1974	1975	1976	1977	1978	1979	1980	1981	1982	1983	1984	1985	1986	1987	1988	1989	1990	1991	1992	1993	1994	1995	1996	1997	1998	1999	2000	2001	2002	2003	2004	2005	2006	2007	2008	2009	2010	2011	2012	2013	2014	2015	2016	2017	2018	2019	2020	2021				
174.792	230.551	261.678	550.362	702.181	862.789	1256.565	1743.763	1874.534	1758.919	1588.39	1356.736	1177.822	978.37	979.431	935.714	958.28	973.502	955.964	981.45	1092.055	1139.676	1141.993	859.416	1228.721	1229.6	1455.193	1195.66393	1390.30916	1326.60896	1329.37306	1264.24689	1192.78109	1124.43305	1102.15914	989.68031	1132.70985	1387.19702	1480.77611	1490.779227	1480.551669	1483.021809	1488.031045	1354.501789	990.578068	810.784346	810.1859078	1199.040625	1205.221865	1270.770468	1297.422339	1321.583785	1352.680796	1359.182092	1379.287269	1409.337138	1367.22904	1375				
#obs_effort	1000	1195.66393	1390.30916	1326.60896	1329.37306	1264.24689	1192.78109	1124.43305	1102.15914	989.68031	1132.70985	1387.19702	1480.77611	1490.779227	1480.551669	1483.021809	1488.031045	1354.501789	990.578068	810.784346	810.1859078	1199.040625	1205.221865	1270.770468	1297.422339	1321.583785	1352.680796	1359.182092	1379.287269	1409.337138	1367.22904	1375																													
0.56385	0.38425	0.35362	0.67946	0.62695	0.60335	1.03848	1.55693	1.5365	1.72443	1.57266	1.49092	1.28024	1.526946667	1.521949444	1.519524352	1.48537341	1.48537341	1.48537341	1.48537341	1.48537341	1.48537341	1.48537341	1.48537341	1.48537341	1.48537341	1.48537341	1.48537341	1.48537341	1.48537341	1.48537341	1.48537341	1.48537341	1.48537341	1.48537341	1.48537341	1.48537341	1.48537341	1.48537341	1.5	1.5	1.5	1.5	1.5	1.5	1.5	1.5	1.5	1.5	1.5	1.5	1.5	1.5	1.5	1.5	1.5	1.5	1.5				
#n_cpue																																																													
12																																																													
#yrs_cpue																																																													
1965	1966	1967	1968	1969	1970	1971	1972	1973	1974	1975	1976																																																		
#obs_cpue																																																													
2816.437428	3473.580475	3802.169891	5257.304601	6712.468418	5679.809828	5257.331283	5726.743484	4787.923949	4740.992588	4271.57446	4318.523058																																																		
#obs_cpue_std																																																													
563.2874856	694.716095	760.4339781	1051.46092	1342.493684	1135.961966	1051.466257	1145.348697	957.5847898	948.1985176	854.3148919	863.7046116																																																		
#n_avo																																																													
15																																																													
#yrs_avo																																																													
	2006	2007	2008	2009	2010	2011	2012	2013	2014	2015	2016	2017	2018	2019	2021																																														
#obs_avo																																																													
	0.555	0.638	0.316	0.285	0.679	0.543	0.661	0.694	0.897	0.953	0.776	0.73	0.672	0.68	0.9359																																														
#obs_avo_std	28%	47%	35%	65%	46%	31%	34%	21%	23%	25%	20%	18%	18%	17%	23%																																														
	0.152651606	0.297628835	0.109581256	0.184905022	0.314192114	0.16750743	0.222802313	0.145969559	0.207049616	0.234366731	0.152754075	0.134644056	0.121771812	0.116987057	0.218047651																																														
#wt_avo																																																													
0.019380752	0.101459822	0.244144755	0.378145671	0.526992229	0.652066615	0.763603851	0.846668019	0.933519833	0.971437494	1.001150919	1.149534691	1.211687201	1.281049807	1.179917849																																															
0.018495649	0.087193364	0.279247415	0.437187833	0.582488803	0.686632399	0.788236316	0.870999726	0.970100191	1.102708516	1.105671451	1.236948448	1.235486845	1.749460306	1.230626606																																															
0.022553568	0.083533376	0.21397106	0.406607915	0.575800608	0.689063242	0.805223493	0.981970849	0.968320224	1.262557586	1.247212431	1.246648968	1.389705798	1.638032697	1.246968301																																															
0.020319991	0.10850146	0.241958619	0.416450696	0.646619245	0.785332663	0.950143453	1.030621575	1.064024628	1.328355453	1.326541881	1.547037133	1.556585854	1.536816208	1.743715961																																															
0.031689084	0.117343148	0.221257593	0.441148338	0.565233181	0.72191307	0.936799438	1.336564857	1.574484153	1.622437222	1.692529159	1.895356839	1.926997647	1.941451524	1.96177442																																															
0.029375575	0.106631395	0.208972742	0.408413458	0.548858375	0.705860897	0.887469619	1.132474036	1.422040294	1.444774336	1.510418611	1.641548799	1.694167469	1.853097483	1.859717642																																															
0.027062065	0.095919642	0.196687891	0.375678579	0.532483569	0.689808725	0.838139801	0.928383216	1.269596435	1.267111449	1.328308063	1.387740759	1.461337291	1.764743441	1.757660864																																															
0.029375575	0.106631395	0.208972742	0.408413458	0.548858375	0.705860897	0.887469619	1.132474036	1.422040294	1.444774336	1.510418611	1.641548799	1.694167469	1.853097483	1.859717642																																															
0.025225422	0.134561038	0.22362502	0.394297251	0.547275951	0.694533734	0.762828456	0.997097865	1.142014088	1.26636429	1.444106539	1.711001125	1.903016304	1.794556846	1.776686924																																															
0.022663922	0.076370721	0.20628749	0.388882172	0.574370838	0.62703836	0.805764052	0.94094099	1.045938443	1.065510102	1.30555602	1.609914487	1.41157465	1.611457042	2.220015431																																															
0.033300215	0.109915022	0.265899823	0.480980012	0.538858085	0.63233835	0.696644128	0.785593495	0.846709044	0.960479213	1.166773547	1.369473936	1.623201894	1.684791209	1.738218																																															
0.021695848	0.098126926	0.198306373	0.398275248	0.527987789	0.595204387	0.685967599	0.736540379	0.818095286	0.819148452	0.947346988	0.815786201	1.182831599	1.319474816	1.57842663																																															
0.029279013	0.113887513	0.251122675	0.40643369	0.512022355	0.595795685	0.678600156	0.721862861	0.81782518	0.874899121	0.977607696	1.044707584	1.15193339	1.389053393	1.626173395																																															
0.029279013	0.113887513	0.251122675	0.40643369	0.512022355	0.595795685	0.678600156	0.721862861	0.81782518	0.874899121	0.977607696	1.044707584	1.15193339	1.389053393	1.626173395																																															
0.018974039	0.10028049	0.208699923	0.369561448	0.48770336	0.614282914	0.704895514	0.768740354	0.890597181	1.032089615	0.975926501	1.084419489	1.34031024	1.227980414	2.047809277																																															
#ngears																																																													
3																																																													
#minind																																																													
1	1	1																																																											
#n_fsh																																																													
58																																																													
#n_bts																																																													
39																																																													
#n_ats																																																													
17																																																													
#yrs_fsh_data																																																													
1964	1965	1966	1967	1968	1969	1970	1971	1972	1973	1974	1975	1976	1977	1978	1979	1980	1981	1982	1983	1984	1985	1986	1987	1988	1989	1990	1991	1992	1993	1994	1995	1996	1997	1998	1999	2000	2001	2002	2003	2004	2005	2006	2007	2008	2009	2010	2011	2012	2013	2014	2015	2016	2017	2018	2019	2020 2021
#yrs_bts_data																																																													
1982	1983	1984	1985	1986	1987	1988	1989	1990	1991	1992	1993	1994	1995	1996	1997	1998	1999	2000	2001	2002	2003	2004	2005	2006	2007	2008	2009	2010	2011	2012	2013	2014	2015	2016	2017	2018	2019	2021																							
#yrs_ats_data																																																													
	1994	1996	1997	1999	2000	2002	2004	2006	2007	2008	2009	2010	2012	2014	2016	2018	2020																																												
#sam_fsh																																																													
10	10	10	10	10	10	10	10	10	10	10	10	10	10	39	39	39	39	39	39	39	39	39	39	39	39	39	129	125	106	149	92	107	116	197	386	613	640	667	657	602	651	653	716	563	471	593	715	598	694	631	683	689	676	611	620	623 100
#sam_bts																																																													
105	126	118	125	88	105	76	80	82	71	82	90	74	75	90	78	82	90	101	107	110	107	108	109	102	97	82	87	90	113	116	120	137	151	115	105	100	100	100																							
#sam_ats																																																													
43	32	49	67	70	72	51	47	39	35	26	34	44	79	61	50	1																																													
#oac_fsh_data																																																													
0.025321	0.105571	0.165563	0.193611	0.095442	0.268407	0.120764	0.025321	0	0	0	0	0	0	0																																															
0.01417	0.015327	0.204164	0.550318	0.13476	0.033545	0.032389	0.015327	0	0	0	0	0	0	0																																															
0.028428	0.168302	0.057358	0.420126	0.264906	0.024151	0.026415	0.010314	0	0	0	0	0	0	0																																															
0.009467	0.110178	0.577515	0.087692	0.16	0.037988	0.011479	0.00568	0	0	0	0	0	0	0																																															
0.032939	0.178617	0.140218	0.468517	0.10737	0.030573	0.036579	0.005187	0	0	0	0	0	0	0																																															
0.014678	0.079766	0.459233	0.315684	0.10843	0.002305	0.012142	0.007761	0	0	0	0	0	0	0																																															
0.156762	0.238147	0.374263	0.176699	0.034247	0.011143	0.005571	0.003168	0	0	0	0	0	0	0																																															
0.165462	0.049415	0.27603	0.185287	0.274689	0.026683	0.017515	0.004919	0	0	0	0	0	0	0																																															
0.031428	0.151596	0.349715	0.280079	0.117347	0.046028	0.017471	0.006335	0	0	0	0	0	0	0																																															
0.011129	0.100338	0.121466	0.264054	0.202123	0.13807	0.076822	0.055643	0.024972	0.004498	0.000566	0.00015	0.0000325	0.000138	0																																															
0.024247	0.527279	0.194871	0.055427	0.074453	0.040192	0.025745	0.02169	0.021289	0.008954	0.003638	0.00095	0.000948	0.000169	0.000147																																															
0.008543	0.150288	0.691843	0.053185	0.014149	0.026573	0.025452	0.013869	0.008162	0.005747	0.001421	0.000562	0.0000904	0.000116	0																																															
0.0002	0.120162	0.454616	0.305986	0.030152	0.013916	0.019279	0.022363	0.017396	0.008572	0.003956	0.002706	0.000697	0	0																																															
0.037672	0.247673	0.331098	0.239905	0.086129	0.019158	0.00703	0.010141	0.008111	0.006514	0.00336	0.001667	0.001229	0.000245	0.0000678																																															
0.012042	0.186306	0.308118	0.261359	0.15068	0.040795	0.011772	0.007098	0.008047	0.006471	0.004559	0.001741	0.000722	0.000221	0.0000692																																															
0.0395	0.211525	0.280373	0.163648	0.152892	0.083939	0.021921	0.010012	0.013973	0.010706	0.006862	0.003069	0.001153	0.000206	0.000222																																															
0.004034	0.190932	0.339926	0.183116	0.104124	0.087117	0.034572	0.015525	0.008981	0.009877	0.010508	0.006561	0.003192	0.001036	0.0005																																															
0.000262	0.033202	0.465713	0.29335	0.104387	0.047308	0.023758	0.01361	0.007403	0.004299	0.003453	0.002115	0.000699	0.00029	0.000152																																															
0.00237	0.012649	0.08055	0.584991	0.210743	0.051754	0.017953	0.017973	0.010743	0.004531	0.002704	0.001587	0.000928	0.000344	0.00018																																															
0.002906	0.067965	0.090431	0.179378	0.468209	0.125093	0.023738	0.014167	0.011353	0.006362	0.004356	0.002808	0.002017	0.000997	0.000218																																															
0.001082	0.023623	0.045694	0.22207	0.253549	0.337247	0.069013	0.01834	0.012938	0.008067	0.00366	0.001299	0.00151	0.000861	0.001046																																															
0.001377	0.028742	0.198541	0.06341	0.190469	0.167426	0.23081	0.058574	0.019048	0.013449	0.012929	0.005553	0.004909	0.002088	0.002675																																															
0.001514	0.042154	0.045222	0.366847	0.104926	0.185293	0.108734	0.105004	0.029249	0.00744	0.001637	0.001264	0.000132	0.000583	0																																															
0	0.014353	0.080902	0.056279	0.299858	0.100715	0.088821	0.065742	0.179309	0.039207	0.028064	0.015557	0.020974	0.004421	0.005799																																															
0	0.004867	0.207078	0.192308	0.115004	0.248302	0.102527	0.047866	0.017872	0.044149	0.008324	0.004658	0.001715	0.002506	0.002825																																															
0	0.002671	0.030904	0.083527	0.252883	0.093473	0.320776	0.053997	0.058166	0.018176	0.07233	0.006102	0.002235	0.001436	0.003325																																															
0.000752	0.018901	0.032625	0.125708	0.114964	0.273633	0.074005	0.211015	0.037632	0.058368	0.005178	0.034402	0.004865	0.002677	0.005275																																															
961.9471041	111618.5583	43471.3991	85059.5436	156089.0744	184518.812	500529.275	76163.121	289237.822	27988.14869	139517.9403	18327.78327	93622.8509	23296.67041	53556.3612																																															
1099.85281	84584.7926	675091.478	129937.8696	79511.2663	108563.2291	133627.8931	253377.1981	102188.1272	146854.7161	57897.071	46297.90391	13422.35345	43780.92681	34448.3078																																															
66.0213882	7418.856528	260252.809	1145526.398	102874.0672	66096.3294	66302.0829	56410.9454	86091.7874	21139.14137	32649.83199	12345.75002	13456.07907	6755.058525	16098.71205																																															
747.893652	30153.40385	55091.1247	360794.589	1058595.082	175519.2141	53476.9997	19085.66176	13127.18167	20142.31027	9706.298304	9372.01436	7547.72574	3961.042313	8288.795156																																															
0	513.9179863	72826.3673	146636.3341	395071.27	760344.153	136140.4196	34543.43415	12260.48587	7493.522282	17459.87517	4998.406208	5807.455765	1655.581779	8911.197552																																															
0	21638.91335	48029.72262	71707.2187	160814.4704	361545.239	481247.199	184452.502	33603.52958	13434.92023	7939.725616	8805.008334	4330.573122	5829.131363	5298.596228																																															
1028.378637	77611.10265	40288.13023	118864.6792	454667.395	288671.073	256121.267	198356.5859	63955.62307	13321.49802	5963.874978	4641.489288	2891.303239	4776.423669	9107.841289																																															
287.809196	41976.38034	84446.9069	70424.2047	153198.9873	702101.395	199368.857	131594.4706	110635.2312	27766.08072	6138.836855	5559.045803	2551.853665	2499.155694	4480.13578																																															
232.155207	10335.74813	298418.049	224808.469	102933.6656	156862.69	469265.256	130865.9089	56445.6508	33147.4154	3956.63716	2181.584773	855.9896737	476.999823	2059.401641																																															
0	16059.72731	82361.483	428073.347	346165.684	106576.0323	168216.73	357357.421	84828.1635	29693.3882	22021.64232	5240.364884	1416.733401	608.057612	951.987114																																															
0	3210.19163	42739.3984	154340.122	580465.445	414635.215	137048.818	128873.5441	157072.027	57797.8681	33609.3016	16189.65813	5480.305732	3088.136074	1946.522431																																															
772.232829	46996.5779	107938.3769	217604.15	287265.333	605725.768	267687.161	98365.0513	85798.6659	93829.6298	34573.5914	14387.52471	11031.3517	2952.559121	1813.278131																																															
0	14520.26993	411355.623	323798.486	360044.668	301172.733	337260.16	158394.556	49369.9112	39240.1366	35673.8711	22912.76803	6612.37741	3641.336093	3181.673818																																															
0	538.0697158	89511.1924	830288.54	480166.755	236578.172	169111.339	156124.49	64895.6699	16101.51259	17042.8162	25246.42882	9437.957635	5912.191361	6865.485675																																															
0	4790.962005	52097.8694	392459.527	862931.97	484147.503	159304.5728	68014.6765	66555.6408	30070.4572	9988.07734	9133.095408	3190.543821	2480.076624	3404.127972																																															
0	9883.53031	84090.5771	295468.194	619009.898	597021.134	278308.991	107234.2268	47969.0246	38327.5975	17682.17204	8232.889598	8302.788542	5315.355405	7209.422419																																															
1657.65417	15719.0141	59123.7159	139024.8011	389022.249	511477.444	300480.922	136947.2381	47559.0764	27484.3406	21847.87224	8909.39959	6524.109195	3401.786779	10780.54722																																															
0	25164.478	58760.8484	79141.5479	146859.691	309364.398	242047.104	148584.826	84191.6632	22155.4401	17548.43217	14420.77681	8624.34136	2766.660316	12641.79656																																															
0	1314.498395	175347.643	200379.208	82471.4203	114329.8441	124190.5654	104217.1651	66572.5476	40175.6947	23511.25598	7608.213367	7458.674338	2706.747248	8720.953029																																															
1078.509421	26428.94307	31817.16944	558813.997	220263.015	54684.1674	42964.3981	57622.7634	51727.3776	31791.2675	15948.92177	8623.55096	5953.927077	4370.871062	5098.75305																																															
381.199998	10338.56984	193133.85	115252.4401	808358.777	284415.935	63501.077	37475.1594	38456.9081	41370.6248	25778.84287	12452.66697	1756.484053	3971.563872	4324.044431																																															
0	22243.43854	116627.6266	945755.457	172612.985	432128.28	141412.3792	36643.3275	17413.948	14589.02865	15902.95306	13475.81535	7399.749779	6135.508376	3327.688666																																															
1842.478587	970.4894239	63881.2174	342052.796	954909.875	194237.784	156382.9756	69902.2663	20657.132	12736.76515	12742.32294	10838.97387	7823.574912	4800.252063	5698.699853																																															
0	39180.9362	30999.53319	167608.987	398894.457	751005.356	210017.011	86143.9883	29801.57616	8956.891015	4485.674191	4520.358029	4560.283656	2761.283695	6012.500206																																															
0	15454.39927	631809.138	196205.94	228346.756	383903.099	509629.356	88726.2855	42087.6762	17634.06946	2932.701135	2051.743903	3091.325666	2654.05133	1221.509302																																															
0	496.855292	90468.3363	1388906.1	159722.942	174318.598	174612.3968	224449.675	34043.50626	13807.98838	7987.426565	484.690086	1174.228081	668.3010786	995.063356																																															
0	2173.718924	28139.10804	548520.042	898129.728	215279.243	147414.2229	122007.0972	97153.2895	21734.65421	7206.211289	5597.704543	492.993606	244.6313749	126.2198747																																															
0	1295.751859	13787.32186	114904.2087	1214886.49	506060.293	104698.8225	81901.0059	60563.1261	25866.9133	4266.288154	1096.769114	362.7143026	635.478927	495.003304																																															
693.624977	10887.45269	12297.51336	18344.93186	157441.768	915850.174	422035.3	93086.9308	52090.31	52936.3305	10048.64867	2904.074808	842.067706	0	0																																															
3728.872608	245895.183	85609.4214	99166.5509	134148.4254	548488.018	598282.245	126607.5752	53007.3379	37834.4061	27031.31923	6894.141202	1734.760787	1168.156312	0																																															
996.8603397	143014.0765	657487.8851	406320.8022	265737.3776	313704.6513	231902.9021	130950.7722	64479.75944	32164.61329	16778.71009	14030.97227	6378.674985	3684.065085	7259.96979
#obs_bts_data	1983	1984	1985	1986	1987	1988	1989	1990	1991	1992	1993	1994	1995	1996	1997	1998	1999	2000	2001	2002	2003	2004	2005	2006	2007	2008	2009	2010	2011	2012	2013	2014	2015	2016	2017	2018	2019	2021																							
#	vast	without	CPE																																																										
#	3915.904395	9619.51391	6537.907633	7929.455977	7207.34909	7933.248892	11712.36634	10116.78891	11775.79043	7445.939041	6546.82727	8330.213541	6959.987106	6657.562427	4113.466192	4414.859954	3563.405049	5488.042837	7219.948299	6191.685117	6892.098683	11613.10076	5815.078718	7036.702328	4143.654481	6793.668859	4257.538164	2842.00693	5183.430935	4653.98603	4929.875783	6742.014728	12009.91737	11418.06273	8970.639986	8971.577227	5409.05301	9387.064302	4857.441772																						
#	vast	with	CPE																																																										
3880.879391	9455.252411	6481.412169	7899.690308	7360.062937	7759.086406	11838.42404	9891.825965	11678.28818	7311.751188	6634.564186	8137.694986	7054.243688	6728.178686	4025.393284	4392.148461	3503.520778	5838.933216	7195.173222	6137.448528	6789.873584	11413.02574	5755.996482	6837.731694	4181.738405	6819.598264	4361.866417	2853.736716	5236.769749	4541.40547	5219.581451	6794.755186	11834.32116	11283.48856	8913.87471	8987.916429	5321.043635	9213.093028	4744.82686																							
#3916.243348	10303.38066	7791.917015	9070.401908	7658.723148	7967.38847	11561.51313	10450.62564	12964.38127	7772.163847	7121.306357	8319.185169	7952.393252	7885.830961	4387.399193	5108.146778	3731.14967	5532.828316	8255.554039	6282.021579	7392.514357	12305.28793	5866.822123	7608.199694	4582.651908	7653.145972	4751.729424	3617.512202	5829.749903	4533.774393	5186.867025	6668.307838	12172.91595	10589.4866	9128.035842	9011.913627	5826.208255	9732.538529	3400																							
#std_obs_bts	0.065334188	0.076827533	0.064672783	0.11																																																									
327.5836408	761.8922609	704.2114939	749.0924983	641.1199819	716.9167466	1137.238564	832.1214372	1380.242802	608.804382	601.0539738	630.448941	682.9364813	790.6788144	335.7533864	383.4303788	269.6325784	492.3604647	760.0130679	484.337769	528.5333937	1016.651414	449.9863167	623.1630561	395.2726301	792.7079238	479.4599217	430.5913729	584.5527161	358.1867847	401.8058346	539.2818359	825.816068	702.956098	779.2735998	588.7860606	447.6132067	629.430355	374																							
#wt_bts																																																													
0.026800691	0.07478644	0.186604255	0.371183345	0.561869533	0.867026113	1.144425782	1.31401265	1.457034479	1.623241531	1.78354498	1.764504097	2.086552364	1.7608847	2.531462721
0.017650275	0.092309977	0.187758427	0.345586677	0.491101128	0.689201528	0.982516321	1.272232284	1.478443401	1.517609294	1.620251638	1.611496576	1.807373317	1.520293138	1.926668372
0.016522442	0.06238006	0.197111607	0.297691523	0.465524001	0.602390175	0.948868035	1.341012336	1.511817115	1.695411444	1.947925586	1.789491842	1.858022667	1.662720258	2.043421115
0.016359534	0.070743094	0.191361336	0.343006801	0.48495891	0.758217952	0.945079169	1.226473767	1.681736897	1.628931763	1.742521267	2.032961434	2.127619681	1.823734781	2.354477537
0.013741351	0.065392225	0.15430687	0.363729646	0.442213296	0.654806895	0.826940768	1.017914166	1.264011511	1.61255467	1.671300216	1.982073926	1.937712251	2.188739318	2.055408702
0.027037943	0.103086882	0.247387283	0.296325169	0.420699233	0.553492763	0.701173951	0.854845322	0.988101541	1.211222847	1.512254241	1.516944506	1.905510268	2.167352137	2.124532595
0.017808979	0.078641294	0.244960084	0.329358583	0.444043037	0.52714879	0.66164169	0.885356774	0.907539904	1.098908785	1.374379237	1.405582868	1.900295374	1.171070985	1.699203562
0.021712426	0.084340309	0.172853946	0.302203945	0.386546979	0.51910093	0.71250757	0.812567333	1.084771659	1.065106217	1.208584487	1.274476687	1.333477235	1.291795873	1.37169868
0.018004362	0.102253826	0.148268749	0.349661397	0.447685868	0.537022906	0.633008837	0.739743138	0.907136978	1.113147056	1.289058497	1.304090112	1.413498025	1.502873681	1.649699568
0.022957415	0.108614253	0.20211556	0.354709722	0.561498451	0.639819033	0.715786444	0.814360689	0.98737145	1.112882528	1.370067342	1.393936379	1.548452081	1.824377454	1.822916773
0.017676127	0.09605755	0.271702201	0.379763374	0.509388129	0.575525547	0.773926682	0.919978877	0.965872048	1.079676924	1.253812798	1.438736792	1.609970334	1.647056358	1.646139634
0.014754844	0.087001249	0.275331319	0.467244809	0.519282435	0.640022401	0.751781778	0.893431505	1.09681961	1.114419311	1.326313584	1.408513769	1.566052619	1.661904697	1.746320768
0.018846378	0.081975989	0.219529767	0.386183527	0.558437329	0.676753104	0.727419408	1.059185756	1.239292796	1.197636792	1.334104093	1.414339279	1.542210577	1.671797982	1.729009858
0.016171502	0.057683034	0.150856534	0.347597932	0.488956233	0.655912563	0.693889633	0.91746989	1.083585766	1.304520726	1.324750255	1.388106792	1.505277137	1.473245802	1.714591642
0.02085679	0.076501709	0.146201517	0.308511895	0.495940148	0.633161934	0.803242787	0.910581403	1.051422894	1.177538656	1.39039135	1.498044261	1.680414113	1.664692454	1.749595872
0.017462467	0.078832064	0.212612391	0.308975029	0.391147414	0.623224967	0.745275435	0.889388978	1.115290131	1.194126134	1.353567658	1.510503027	1.577052099	1.626323524	1.724630075
0.018155413	0.069620062	0.194457575	0.32127404	0.466398217	0.525737036	0.803241429	0.893799171	1.008859918	1.071578131	1.268749406	1.35695706	1.479586176	1.866384917	1.824306263
0.015178565	0.077997062	0.217243587	0.347654807	0.408830769	0.56109395	0.698949927	0.896499678	1.079269552	1.154641503	1.298709572	1.324208005	1.734066817	1.729668695	1.93439487
0.013827078	0.078864706	0.245129519	0.4012868	0.484397817	0.572394654	0.702530396	0.785105023	0.941652489	1.159507996	1.370012309	1.487071474	1.748589287	1.73121646	1.922144194
0.017081125	0.077522244	0.185104895	0.36857814	0.536032364	0.670235217	0.798722503	0.883207015	0.992472249	1.117394545	1.333794811	1.487533922	1.571786285	1.756247213	1.80703908
0.016871432	0.093264597	0.24798608	0.392031538	0.519176053	0.678331127	0.765054239	0.943162598	1.026974613	1.115122413	1.119264783	1.382683027	1.56009365	1.714647392	1.855332468
0.026494628	0.113387735	0.285144508	0.463409313	0.618609077	0.732706953	0.814164959	0.968127308	1.043212225	1.198809818	1.243872084	1.35486059	1.539366025	1.517788512	1.633099256
0.02272119	0.107495583	0.289502577	0.428674069	0.568902743	0.689055525	0.819708546	0.927673978	1.039186158	1.143860361	1.20343086	1.289637644	1.445946221	1.726021105	1.661203264
0.021661876	0.088754925	0.232799966	0.399025947	0.51449681	0.630027699	0.808817321	0.939640879	1.0162654	1.093764425	1.354523045	1.289520069	1.292921469	1.461787071	1.566665518
0.010637072	0.086766207	0.177328418	0.442916152	0.599906484	0.698364137	0.815622875	0.891435088	1.041386871	1.160056451	1.282803737	1.396503199	1.474493111	1.420018038	1.489440211
0.013689034	0.101821939	0.269510575	0.499229265	0.630564006	0.796626631	0.901470274	1.039687657	1.145864841	1.415442696	1.369469649	1.427999604	1.719025484	1.637080883	1.663221825
0.014014494	0.055183084	0.227090147	0.457375381	0.592647047	0.724397815	0.848068199	1.010582872	1.0546185	1.203569595	1.544931797	1.513264095	1.736836685	1.838808427	1.90761999
0.011640574	0.074261512	0.22828105	0.492272512	0.676725308	0.78719782	1.001550533	1.14249112	1.168937432	1.458442591	1.573296371	1.749717221	2.064025557	2.255913803	2.284239987
0.019296272	0.077637515	0.267434903	0.511394672	0.675030235	0.874108897	1.089811477	1.185555168	1.244477391	1.354711201	1.468314501	1.663746158	1.871914306	2.190202662	2.350641343
0.016420792	0.085834205	0.219851311	0.497420684	0.66179622	0.773175945	0.93616366	1.116192778	1.246728949	1.292901667	1.441410948	1.524043211	1.632663752	1.707802801	1.964501987
0.014731531	0.075666541	0.20737665	0.421111066	0.606922924	0.785056626	0.933539432	1.128250323	1.334109626	1.401427052	1.437239857	1.523595596	1.565198049	1.834406201	1.960339759
0.01761474	0.078531104	0.217365082	0.506204475	0.586059	0.750187572	0.992841031	1.154016546	1.35056632	1.376602778	1.526999421	1.572889014	1.705487662	1.837146904	1.895087707
0.018815273	0.109866061	0.26919641	0.458085347	0.572699081	0.716706292	0.789968182	1.105577296	1.226711566	1.377227328	1.640801779	1.593962372	1.672640561	1.828626228	1.863522111
0.01941156	0.090078433	0.323233132	0.447131171	0.590537326	0.685960594	0.783971642	0.904983009	1.165670656	1.20269804	1.494151963	1.552866044	1.45672293	1.465827579	1.692859195
0.023070634	0.079869389	0.306571342	0.530769131	0.600449016	0.695805156	0.775930784	0.825756811	0.903339861	1.003498669	1.126921385	1.613794694	1.349187238	1.524060396	1.4103968
0.02007768	0.09189635	0.263182955	0.474500279	0.624495756	0.673006981	0.755920164	0.811442654	0.887269826	0.909799185	1.044376933	0.996212071	1.262111007	1.090444161	1.45855792
0.022195657	0.092064162	0.24673011	0.432670378	0.592923823	0.686829752	0.781042545	0.819757644	0.893827598	0.929798774	1.045823993	0.963029467	1.444190315	1.212336103	1.549559143
0.020222288	0.10707947	0.299186551	0.498949239	0.633578811	0.731975236	0.821172144	0.924198832	0.929556824	1.01281128	0.950351688	1.061371941	1.054971089	1.00685944	1.68530878
0.018974039	0.10028049	0.208699923	0.369561448	0.48770336	0.614282914	0.704895514	0.768740354	0.890597181	1.032089615	0.975926501	1.084419489	1.34031024	1.227980414	2.047809277
#std_ot_bts																																																													
14111.94035	19731.2952	10431.39111	20832.38746	12635.74355	13298.68267	20210.46699	16808.33596	18105.83269	11671.25479	9824.167442	12167.96858	11754.65808	15651.38747	7164.98529	10373.70565	6805.969018	10275.00627	12070.3436	9976.74337	10154.81855	16085.17917	7150.193965	9735.195217	5934.832056	9716.364138	5164.882363	4448.499404	7544.356494	6110.903936	8504.11978	10289.76213	16288.73573	14753.10314	11394.55092	10916.31234	7885.196238	12014.71582	12000																							
#oac_bts_data	Design	based,	EBS	only																																																									
1287.179377	3059.482063	3361.976665	4377.350945	1505.298114	206.1120322	142.9390177	68.18815194	43.05683142	26.99169036	16.63489566	10.31370032	3.610550548	1.417718135	1.388596131	#	14111.94035																																													
4798.353237	733.7994006	1656.17031	2979.679255	6689.815899	2042.077903	371.2878062	197.7511018	89.21013185	77.3730235	57.53272675	20.42124119	8.034629049	6.819764258	2.968768755	#	19731.2952																																													
435.4302778	362.7889847	537.9387353	1534.673979	1904.875122	4451.302448	853.2546634	189.4165494	88.1745973	31.23406709	20.83423636	8.05601798	4.787891501	5.74E+00	2.89E+00	#	10431.39111																																													
6077.901579	996.6346943	3844.57299	1222.103694	4030.958364	2454.5218	1678.980085	330.8878816	84.43184076	69.65727243	23.94221588	7.770850989	8.609056752	1.02E+00	3.96E-01	#	20832.38746																																													
2773.961342	677.9339896	533.311892	1875.263268	1135.284237	1889.483516	1653.246247	1500.679794	470.5498035	71.73952968	33.14598117	14.76189526	1.314165886	3.717155157	1.350736556	#	12635.74355																																													
439.9815596	793.3216294	1082.502603	816.5631698	4955.816999	1371.36375	1313.000274	518.6266102	1640.405088	253.4887927	74.45734242	29.23634469	5.331364926	2.503123118	2.084016401	#	13298.68267																																													
1634.786712	837.675957	1952.165949	3692.281036	1605.530709	5209.065777	1543.983999	1169.239304	673.6943373	1596.168413	150.8032001	89.68353013	18.41369397	24.26601765	12.70835086	#	20210.46699																																													
1050.927539	346.5615359	672.2263793	2218.374347	4980.91378	988.9569468	3761.180535	571.3287579	687.3289851	266.5544048	837.2887643	145.3018906	127.6878531	64.1519923	89.5522479	#	16808.33596																																													
2370.575098	402.5288733	144.6447249	924.5095606	1846.792962	6192.843042	1243.099663	3057.932034	309.9251057	549.4954186	84.57804113	789.5943484	68.96966921	51.14988576	69.19426721	#	18105.83269																																													
3184.240781	913.3598365	333.2288633	105.6740869	642.8320523	600.3980073	1985.914401	746.6477867	1606.437936	420.2712178	567.9482613	117.3081063	352.700205	49.71550866	44.57773623	#	11671.25479																																													
1619.344745	453.8963736	2361.955528	397.6695588	444.5286202	744.784673	654.9587786	938.9482187	418.4629685	798.0002525	280.3346384	349.292801	149.5275538	118.4492167	94.01351566	#	9824.167442																																													
2612.752322	402.0679034	910.0307371	3843.929126	833.4254368	667.1171639	345.403649	474.145839	643.0100976	395.9263156	347.2933481	252.8652563	198.8571711	109.6233837	131.5208349	#	12167.96858																																													
1693.854325	754.886883	585.3813478	1630.65305	4412.936395	773.6203823	201.5801688	174.7100218	196.0759767	368.8232335	224.7119236	314.4394104	118.9529466	114.3246902	189.7073261	#	11754.65808																																													
2239.26417	217.9640774	427.1972048	1995.038421	2654.434122	4322.552068	1834.701033	483.2589987	295.9280599	185.3167087	349.355974	139.5787596	258.1175608	102.0201304	146.6601812	#	15651.38747																																													
1584.609943	378.01639	174.8456828	348.0120034	963.9848152	1363.325386	1244.40216	423.7100635	105.572478	113.130394	76.46077467	143.8809958	47.02365916	84.88455074	113.1259934	#	7164.98529																																													
2535.752586	393.0834661	201.9169495	258.6674977	3109.299144	1382.644542	828.2929264	997.1039124	168.6521009	84.79034301	64.16279402	69.86876094	114.5564545	36.88704794	128.0271223	#	10373.70565																																													
737.1578724	643.0379964	335.7339906	239.8076725	468.3552043	2673.681935	680.2195824	429.1398613	331.9162745	82.87299951	37.07195732	12.69449616	28.73381596	31.47112053	74.07423948	#	6805.969018																																													
1137.359638	1043.180977	968.0172926	1049.901396	598.741599	1069.230855	2690.721692	725.3427348	350.1183042	326.2707982	119.2788885	50.36528607	19.93573548	28.68347271	97.85759816	#	10275.00627																																													
1142.120793	427.0301238	534.7525109	1824.705399	1813.690221	932.1675946	783.1510896	2564.040645	999.4558186	523.4750463	221.4007186	150.0210656	46.050169	20.29007516	87.99232544	#	12070.3436																																													
1831.625053	1056.815098	571.7682147	546.261625	1381.135327	1444.338546	620.9826401	308.115124	917.9698962	658.9631855	251.8153131	201.396302	79.79252192	28.51808466	77.24643995	#	9976.74337																																													
816.5426209	415.9618928	854.9278959	1230.938704	1280.872605	1661.917606	862.9983086	417.5204066	565.0279561	1060.939648	528.8654643	233.9637106	137.6748963	41.59715018	45.069686	#	10154.81855																																													
558.5149797	170.8892585	1045.00656	1752.216252	2078.339063	1907.633788	2554.928399	1444.554587	660.1715923	860.5405659	1751.993843	758.2174626	285.6386113	148.2067698	108.3274369	#	16085.17917																																													
406.0642243	286.7263847	181.8604922	1371.640305	1337.769913	1017.779404	598.4715124	648.2359469	320.5761112	200.4675111	199.8304598	360.7522154	153.5509762	37.29047923	29.17802987	#	7150.193965																																													
397.4523817	151.9613319	246.9451669	1073.371694	3007.82879	2022.714937	1055.119	479.4596306	364.4583851	267.8817195	72.06188687	152.1351913	248.2127085	96.44002305	99.15236997	#	9735.195217																																													
877.9560741	80.79597122	124.8469998	408.0025052	1022.535041	1298.638789	831.1509006	399.7610907	228.317492	196.5853436	94.61031391	58.81189558	85.1020188	114.3862567	113.3313635	#	5934.832056																																													
2358.682954	66.90133044	170.0191916	482.8471828	1510.876924	1767.939212	1275.008934	920.0017131	388.3695159	173.9632701	161.2449303	140.2762503	64.44360316	80.33311938	155.4560066	#	9716.364138																																													
528.9317953	129.3402773	108.3898714	199.4424842	564.0048818	1134.199636	889.0542916	618.1848496	392.2708317	153.7080994	128.1746339	97.85645307	44.43623247	24.34237296	152.545652	#	5164.882363																																													
799.6471403	221.284521	462.5183764	499.5038307	289.7288807	420.0368677	568.7837289	445.7211198	323.3558795	156.955144	103.4995298	33.98044525	34.16627622	17.80506489	71.5125986	#	4448.499404																																													
510.7802992	144.5749424	278.2459453	2984.534197	1336.890367	416.822411	358.8276018	379.5062733	399.1060232	271.7260906	234.3016025	85.13022222	51.02036896	29.46657835	63.42357081	#	7544.356494																																													
1159.985103	124.8530914	272.095484	371.865579	1859.248303	909.6884975	266.6802532	151.4241305	236.8746162	235.6441301	197.4954394	150.9361552	63.74632926	30.08008671	80.28673718	#	6110.903936																																													
1186.917897	242.0419641	455.0052525	3255.914195	760.9696271	1228.42519	420.5736657	168.222479	127.4639699	176.0471075	144.3909653	127.2618451	105.9685087	37.65190995	67.26520237	#	8504.11978																																													
1234.375171	133.090367	256.4348821	1008.441436	5011.430692	1162.344726	724.5345944	254.1544204	86.03892325	77.74160064	102.1543989	76.85190735	71.21826559	38.94212125	52.00862072	#	10289.76213																																													
2261.029765	612.9690548	281.3459589	368.5238025	1705.43356	6257.103614	3254.733197	693.3474867	381.3652096	138.8780832	53.13100114	74.939015	76.19032751	35.60143854	94.14421232	#	16288.73573																																													
1204.731645	827.8155517	2331.810946	586.4093306	1221.545356	2275.809206	4433.83945	1292.931262	306.2829949	146.7273973	19.0310568	17.86830272	30.76576743	18.31109193	39.22378334	#	14753.10314																																													
769.0774304	483.3981959	695.0913162	3329.750762	1365.025566	922.0213835	1301.392917	1919.105692	376.8480575	147.8505789	49.31214508	11.62588384	11.94442431	4.141078685	7.965486904	#	11394.55092																																													
615.738356	331.6921365	510.8096563	2373.550475	2869.22799	1250.104165	861.7342774	775.2728381	920.103864	263.7520481	95.23178558	33.99721771	5.00660729	2.52E+00	7.574858911	#	10916.31234																																													
1086.71414	481.2030841	193.2961939	369.4173917	2622.017523	1482.262876	502.7508335	368.3598366	374.9314955	288.6548127	92.04383506	14.81513312	2.35871094	3.05E-01	6.065861991	#	7885.196238																																													
1570.528363	583.9288946	398.3228729	432.1875384	1284.387161	4722.102832	1910.138642	446.4085138	315.8995524	181.1050723	103.2720667	45.01649432	17.14558144	3.317624897	0.954612989	#	12014.71582																																													
820.5287384	568.8377042	1253.222877	677.877797	611.2102516	382.9677978	990.9034861	1269.072225	261.1160463	90.61361088	62.62599105	38.49158763	7.665239439	4.657915287	2.276067931	#	6221.538597																																													
#std_ot_ats	1476.3805	486.4067474	685.8553716	1333.950526	1853.381107	1786.9939	1173.349101	702.1557805	428.99	303.4980182	204.3063032	138.2602158	80.89265921	42.18346034	#	10696.60369	0	#std_ot_ats	&	1,476	&	486	&	686	&	1,334	&	1,853	&	1,787	&	1,173	&	702	&	429	&	303	&	204	&	138	&	81	&	42	&	65	&	10,697	\\										
1756.207762	886.3598381	956.9932688	2135.987298	965.496704	1466.768941	1032.597546	469.3004144	666.3782347	1459.290413	1033.585396	2461.363655	1650.099771	3236.308222	3054.031044	1500	4000																																													
#oac_ats_data																																																													
1140.08514	4969.052256	1424.473269	1818.580926	2251.768172	389.1130852	108.5917858	95.88827757	56.20193856	67.12523969	30.32558678	51.13689729	20.63351379	17.6282389	34.35606123																																															
1800.254055	566.6651289	552.1605677	2741.05969	914.9627576	633.5314923	585.0410499	141.6902635	38.61581297	28.17004469	22.42098893	39.47190175	13.93162698	24.8151922	35.7586869																																															
13226.7894	2881.038191	440.4941061	535.641011	2330.317288	546.4443047	313.0116963	290.3623686	75.11004314	27.82913754	30.8666707	35.15096589	38.9219288	18.71473733	68.92165605																																															
607.203652	1779.994957	3717.060555	1809.674942	651.8623359	397.5206722	1548.032454	526.2522179	180.0208387	141.6458991	48.2429485	20.49954722	10.26681262	7.795366795	20.08813323																																															
460.3664031	1322.030279	1230.054859	2588.027289	1011.827791	326.6153429	308.3642221	949.5520349	277.5851716	134.0981097	60.2585889	35.59960225	6.987367648	4.555128345	10.21046558																																															
796.3968503	4943.941366	3385.10048	1294.932598	660.6184195	935.2934729	538.4420677	140.3578648	162.4464571	304.4612502	103.61153	45.37216996	20.19560776	12.17925292	7.281163232																																															
83.05449742	313.468528	1216.887645	3122.587708	1634.313419	567.1159047	287.7094789	282.7112203	120.9099574	68.49047446	58.85189206	77.0052763	37.42135277	12.53381701	10.63083513																																															
524.7109597	216.9959852	291.2456803	654.0968542	783.376093	658.556301	390.200249	144.8889546	74.79552563	58.55390358	32.82491835	21.71921316	16.49280537	19.79414097	22.04510144																																															
5775.294145	1040.587146	345.0975265	477.8034329	793.6882062	729.4436647	406.8880778	240.7900814	97.68694176	39.26161662	37.24040015	18.81644455	9.172120396	9.578372056	21.02119766																																															
70.86987403	2914.78133	1046.982702	166.0364212	160.8390551	287.569994	234.9074312	136.0885497	101.8481235	31.99584062	30.13565906	19.00020739	10.87302568	5.622851894	22.47121122																																															
5196.786272	815.828911	1734.132089	281.2670693	76.69450948	94.10466379	128.8772738	110.7631581	76.72042029	44.22591661	25.17421502	11.28920278	10.05579329	5.500105884	18.18953714																																															
2567.932041	6404.127557	983.555176	2294.894996	445.8751144	73.08294839	33.24644727	36.88729823	37.75284314	28.93219886	25.95608354	13.14394723	8.0262055	4.890586523	9.771441744																																															
177.3461428	1988.660133	1692.89158	2710.228204	279.6862537	366.6684028	113.1403549	35.68733298	24.894592	28.74222129	25.056611	17.89443123	16.16934997	5.075921785	9.905197744																																															
4750.826376	8655.126367	969.4612339	1161.049534	1118.694291	1769.616489	740.1196732	170.1462345	78.81003026	31.51996399	12.57992471	13.86996375	14.05970784	7.703570799	19.07043007																																															
173.7523144	1037.867561	4496.058693	4476.397474	715.4651492	348.0987511	392.1956995	420.2866809	95.66705009	30.74347277	17.98265111	5.843507784	3.552001306	2.24751704	3.46612378																																															
449.9560697	516.6093561	248.6421369	621.1817528	2267.541471	944.1034531	198.3784801	111.7534614	107.3072124	74.91088882	19.72410485	5.506480253	2.853834098	0	1.379630275																																															
350	1180	4550	4440	1190	490	560	650	130	60	30	10	10	0	10	#Filler	data...																																													
#ob_ats_data																																																													
3629	2945	3591	4141	3626	4306	4010	1873	2278	1406	1325	2642	2296	4730	4829	2499	3605.1	#	3160.7
#	17%	15%	23%	15%	14%	16%	17%	20%	30%	36%	28%	18%	18%	10%	21%	51%	#	12775	22%	0.914149977																																									
765.2586491	496.8171334	549.0029654	960.5482702	535.2382208	612.9133443	655.3410214	325.846458	456.3505766	415.0827018	481.9769357	752.1212521	411.5400329	847.815486	483.6955519	513.7976936	1843.643819																																													
#wt_ats																																																													
0.028098302	0.088950365	0.233833851	0.387288624	0.562235162	0.63220144	0.704351579	0.848887748	0.969022356	1.138361652	1.23182106	1.445206662	1.403855796	1.356626056	1.822586605																																															
0.037773966	0.079180711	0.228031394	0.330858026	0.482485022	0.671084465	0.828614383	0.853917444	0.971967521	1.046543204	1.211815358	1.406491996	1.171310239	1.470779469	1.59589653																																															
0.033802091	0.134739627	0.257568156	0.384177333	0.479309027	0.611452193	0.785806012	0.979086727	1.045964863	1.145578791	1.239572454	1.715021861	2.033758674	1.672786046	1.423109296																																															
0.029428196	0.098627188	0.23558358	0.380245608	0.466445375	0.599929307	0.642847384	0.696932986	0.808573285	0.934792241	0.983716243	1.110090232	0.896256915	1.619041974	1.289666455																																															
0.031532787	0.113172734	0.240187623	0.392892849	0.543011597	0.639746947	0.712191862	0.745851368	0.782381229	0.901469147	1.094850025	0.92357505	1.072474776	1.892101509	1.416936706																																															
0.033327848	0.133008776	0.25604884	0.39670786	0.563822385	0.679883647	0.805020762	0.936518401	1.006467236	1.034434591	1.142940509	1.09697609	1.508178288	1.440500871	1.309022423																																															
0.023417064	0.115008316	0.276888956	0.459929374	0.569257426	0.692991123	0.76798241	0.857368045	0.913345976	0.987011448	1.022179787	1.104971366	1.048272624	1.070253326	1.349568682																																															
0.019380752	0.101459822	0.244144755	0.378145671	0.526992229	0.652066615	0.763603851	0.846668019	0.933519833	0.971437494	1.001150919	1.149534691	1.211687201	1.281049807	1.179917849																																															
0.018495649	0.087193364	0.279247415	0.437187833	0.582488803	0.686632399	0.788236316	0.870999726	0.970100191	1.102708516	1.105671451	1.236948448	1.235486845	1.749460306	1.230626606																																															
0.022553568	0.083533376	0.21397106	0.406607915	0.575800608	0.689063242	0.805223493	0.981970849	0.968320224	1.262557586	1.247212431	1.246648968	1.389705798	1.638032697	1.246968301																																															
0.020319991	0.10850146	0.241958619	0.416450696	0.646619245	0.785332663	0.950143453	1.030621575	1.064024628	1.328355453	1.326541881	1.547037133	1.556585854	1.536816208	1.743715961																																															
0.031689084	0.117343148	0.221257593	0.441148338	0.565233181	0.72191307	0.936799438	1.336564857	1.574484153	1.622437222	1.692529159	1.895356839	1.926997647	1.941451524	1.96177442																																															
0.027062065	0.095919642	0.196687891	0.375678579	0.532483569	0.689808725	0.838139801	0.928383216	1.269596435	1.267111449	1.328308063	1.387740759	1.461337291	1.764743441	1.757660864																																															
0.025225422	0.134561038	0.22362502	0.394297251	0.547275951	0.694533734	0.762828456	0.997097865	1.142014088	1.26636429	1.444106539	1.711001125	1.903016304	1.794556846	1.776686924																																															
0.033300215	0.109915022	0.265899823	0.480980012	0.538858085	0.63233835	0.696644128	0.785593495	0.846709044	0.960479213	1.166773547	1.369473936	1.623201894	1.684791209	1.738218																																															
0.029279013	0.113887513	0.251122675	0.40643369	0.512022355	0.595795685	0.678600156	0.721862861	0.81782518	0.874899121	0.977607696	1.044707584	1.15193339	1.389053393	1.626173395																																															
0.029279013	0.113887513	0.251122675	0.40643369	0.512022355	0.595795685	0.678600156	0.721862861	0.81782518	0.874899121	0.977607696	1.044707584	1.15193339	1.389053393	1.626173395																																															
#bottom_temp																																																													
0.801569974	1.308777926	8.87E-01	9.63E-01	0.660695373	1.363870605	0.937346639	1.263771226	1.036109015	1.218350075	0.770514845	1.31695717	0.565789349	0.646254864	1.447577778	1.095249208	1.475999401	0.149055698	0.870974168	1.049198637	1.431904869	1.629112326	1.467596046	1.499882273	0.651583608	0.644704453	0.407246675	0.439671593	0.439671593	0.439671593	0.439671593	0.439671593	0.439671593	0.439671593	0.4	0.4	0.4	0.4	0.4																							
#age_err																																																													
9.94E-01	5.76E-03	1.72E-14	0.00E+00	0.00E+00	0.00E+00	0	0	0	0	0	0	0	0	0																																															
1.76E-02	9.65E-01	1.76E-02	1.32E-10	0.00E+00	0.00E+00	0.00E+00	0.00E+00	0	0	0	0	0	0	0																																															
3.02E-08	3.55E-02	9.29E-01	3.55E-02	3.02E-08	0.00E+00	0.00E+00	0.00E+00	0.00E+00	0	0	0	0	0	0																																															
1.38E-15	1.06E-06	5.70E-02	8.86E-01	0.057015091	1.06E-06	0.00E+00	0.00E+00	0.00E+00	0.00E+00	0	0	0	0	0																																															
4.00E-23	1.07E-12	1.25E-05	8.00E-02	8.40E-01	0.080011094	1.25E-05	1.07E-12	0.00E+00	0.00E+00	0.00E+00	0.00E+00	0	0	0																																															
2.60E-30	4.30E-19	1.28E-10	7.42E-05	1.03E-01	7.94E-01	0.102942042	7.42E-05	1.28E-10	0.00E+00	0.00E+00	0.00E+00	0.00E+00	0	0																																															
5.84E-37	2.15E-25	4.21E-16	4.50E-09	2.81E-04	1.25E-01	7.50E-01	0.124855101	0.000281265	4.50E-09	0.00E+00	0.00E+00	0.00E+00	0.00E+00	0																																															
4.98E-43	2.22E-31	1.21E-21	8.05E-14	6.83E-08	7.84E-04	1.45E-01	7.08E-01	0.145168358	0.000783758	6.83E-08	8.05E-14	0.00E+00	0.00E+00	0.00E+00																																															
1.53E-48	5.72E-37	4.96E-27	1.01E-18	4.86E-12	5.73E-07	1.76E-03	1.64E-01	6.69E-01	0.163535451	0.001756272	5.73E-07	4.86E-12	0.00E+00	0.00E+00																																															
1.53E-53	3.84E-42	3.73E-32	1.42E-23	2.12E-16	1.27E-10	3.13E-06	3.36E-03	1.80E-01	6.34E-01	0.179774235	0.003356355	3.13E-06	1.27E-10	0.00E+00																																															
4.45E-58	6.52E-47	5.64E-37	2.88E-28	8.78E-21	1.60E-14	1.78E-09	1.24E-05	5.69E-03	1.94E-01	0.60093454	0.193827561	0.00569276	1.24E-05	1.78E-09																																															
3.32E-62	2.65E-51	1.75E-41	9.64E-33	4.43E-25	1.71E-18	5.57E-13	1.56E-08	3.86E-05	8.81E-03	2.06E-01	0.570831873	0.205734376	0.008811112	3.86E-05																																															
5.73E-66	2.39E-55	1.10E-45	5.57E-37	3.13E-29	1.95E-22	1.36E-16	1.06E-11	9.50E-08	9.93E-05	1.27E-02	0.215603453	0.543204737	0.215603453	0.012794178																																															
2.08E-69	4.47E-59	1.34E-49	5.65E-41	3.33E-33	2.76E-26	3.22E-20	5.34E-15	1.26E-10	4.33E-07	2.20E-04	0.017275673	0.223589352	0.517828659	0.24108567																																															
1.46E-72	1.62E-62	3.07E-53	9.94E-45	5.52E-37	5.26E-30	8.63E-24	2.44E-18	1.20E-13	1.03E-09	1.57E-06	0.000433888	0.022448549	0.229871987	0.747244002																																															
#nlbins																																																													
50																																																													
#olc_fsh																																																													
356.3017	191.3244	175.9986	272.3212	300.429	379.9534	1060.6808	1871.753	3406.311	8008.779	14866.69	28191.33	47829.85	75761.34	118991.21	160278.74	187798.99	195005.81	161925.57	120952.47	81832.51	58525.5	48529.8	53112.68	63932.6	85089.87	99836.23	108665.82	106007.88	95931.45	84187.29	68509.41	54431.39	41751.01	29627.829	23569.507	16344.513	12779.3747	8947.8269	6733.8239	5031.319	3361.0409	2788.0421	1906.3801	1438.2577	870.6747	733.1553	561.2517	392.6394	298.4975
#2932.4338	11415.09	43058.02	123591.19	279269.95	187798.99	195005.81	161925.57	120952.47	81832.51	58525.5	48529.8	53112.68	63932.6	85089.87	99836.23	214673.7	180118.74	122940.8	71378.839	39914.02	21727.2016	11765.1429	3361.0409	9582.8129
#age_len																																																													
1	0	0.00E+00	0.00E+00	0.00E+00	0.00E+00	0.00E+00	0.00E+00	0.00E+00	0.00E+00	0.00E+00	0.00E+00	0.00E+00	0.00E+00	0.00E+00	0.00E+00	0.00E+00	0.00E+00	0.00E+00	0.00E+00	0.00E+00	0.00E+00	0.00E+00	0.00E+00	0																																					
9.90E-01	9.49E-03	2.22E-05	2.22E-05	3.44E-07	8.89E-09	6.42E-10	3.83E-11	1.89E-12	7.67E-14	2.55E-15	1.11E-16	0.00E+00	0.00E+00	0.00E+00	0.00E+00	0.00E+00	0.00E+00	0.00E+00	0.00E+00	0.00E+00	0.00E+00	0.00E+00	0.00E+00	0.00E+00																																					
1.80E-01	2.34E-01	2.71E-01	1.96E-01	0.074602984	0.024079201	0.011827654	0.005148318	0.001985807	0.000678747	0.000205576	5.52E-05	1.31E-05	2.76E-06	5.16E-07	9.45E-08	5.14E-09	6.64E-11	5.32E-13	2.66E-15	0.00E+00	0.00E+00	0.00E+00	0.00E+00	0.00E+00																																					
1.66E-03	9.13E-03	3.77E-02	1.05E-01	1.40E-01	1.18E-01	0.126504391	0.122736137	0.10764487	0.085342971	0.061163853	0.039625368	0.023206067	0.012285068	0.005878939	0.003161575	0.000799915	7.79E-05	5.10E-06	2.24E-07	6.61E-09	1.31E-10	1.73E-12	1.53E-14	0.00E+00																																					
2.23E-06	3.45E-05	3.82E-04	2.89E-03	9.01E-03	1.42E-02	2.58E-02	4.27E-02	6.41E-02	0.087327567	0.107985505	0.121217889	0.123525185	0.114269917	0.095961197	0.101110882	0.064927079	0.019725952	0.004103568	0.000584149	5.69E-05	3.78E-06	1.72E-07	5.32E-09	1.14E-10																																					
2.71E-08	5.22E-07	7.65E-06	8.20E-05	3.57E-04	7.36E-04	1.72E-03	3.73E-03	7.47E-03	1.38E-02	0.023609572	0.037274811	0.054378943	0.073305192	0.09131201	0.160683414	0.217651952	0.166756652	0.0937213	0.038633431	0.011677831	0.002587688	0.000420211	5.00E-05	4.65E-06																																					
8.28E-10	1.75E-08	2.92E-07	3.73E-06	1.93E-05	4.59E-05	1.23E-04	3.10E-04	7.28E-04	1.60E-03	3.27E-03	0.006269476	0.01122592	0.018785279	0.029377785	0.070216606	0.149284186	0.197599775	0.200435248	0.155803709	0.092806707	0.042358647	0.014811937	0.003967519	0.000958662																																					
5.30E-11	1.16E-09	2.06E-08	2.88E-07	1.64E-06	4.24E-06	1.23E-05	3.38E-05	8.71E-05	2.12E-04	4.85E-04	1.04E-03	0.00211994	0.004052571	0.007295945	0.021165228	0.060018578	0.112301599	0.165884729	0.193449022	0.178104165	0.129456795	0.074285304	0.033649677	0.016336399																																					
1.11E-11	2.24E-10	3.81E-09	5.24E-08	2.99E-07	7.82E-07	2.32E-06	6.53E-06	1.74E-05	4.40E-05	1.06E-04	2.40E-04	5.17E-04	0.001058055	0.002051498	0.006626105	0.022217206	0.051214138	0.09572002	0.145060566	0.178255928	0.177620793	0.143515469	0.094026717	0.081699131																																					
1.41E-11	2.20E-10	3.03E-09	3.49E-08	1.76E-07	4.27E-07	1.20E-06	3.20E-06	8.19E-06	2.00E-05	4.67E-05	1.04E-04	2.22E-04	0.0004529	0.00088199	0.002899936	0.010186588	0.025417434	0.052999645	0.092356586	0.134501839	0.163705067	0.16652285	0.141567555	0.208101202																																					
2.43E-11	3.02E-10	3.43E-09	3.33E-08	1.49E-07	3.34E-07	8.81E-07	2.23E-06	5.43E-06	1.27E-05	2.86E-05	6.18E-05	1.28E-04	0.000256678	0.000493078	0.001607239	0.005672796	0.014542307	0.031884034	0.059789887	0.095897088	0.131556698	0.154367141	0.154929241	0.348763235																																					
5.09E-11	5.12E-10	4.87E-09	4.03E-08	1.61E-07	3.35E-07	8.31E-07	1.99E-06	4.60E-06	1.03E-05	2.22E-05	4.63E-05	9.31E-05	1.81E-04	3.40E-04	0.001083139	0.003753385	0.009593984	0.021360052	0.041422901	0.069971294	0.102954544	0.131953561	0.147315726	0.469890563																																					
1.18E-10	9.82E-10	7.95E-09	5.69E-08	2.04E-07	3.96E-07	9.28E-07	2.11E-06	4.64E-06	9.90E-06	2.05E-05	4.11E-05	7.98E-05	1.50E-04	2.75E-04	0.00085008	0.002856071	0.007155724	0.01584685	0.031020046	0.053673089	0.082089791	0.110979571	0.132623461	0.562320358																																					
2.89E-10	2.01E-09	1.41E-08	8.85E-08	2.88E-07	5.22E-07	1.16E-06	2.50E-06	5.26E-06	1.07E-05	2.13E-05	4.11E-05	7.72E-05	1.41E-04	2.50E-04	0.000748308	0.002422054	0.005891576	0.012820811	0.024959709	0.043471722	0.067736108	0.094423906	0.117758886	0.629215673																																					
2.36E-10	1.36E-09	8.28E-09	4.58E-08	1.36E-07	2.34E-07	4.97E-07	1.03E-06	2.09E-06	4.15E-06	8.02E-06	1.52E-05	2.80E-05	5.05E-05	8.89E-05	0.000265358	0.000866491	0.002164024	0.004921893	0.010194751	0.019230809	0.033036712	0.051686365	0.073643837	0.803790944																																					
1234567																																																													
#test																																																													
#																																																													
#test																																																													
1234567																																																													

