#styr																																																							
	1964																																																						
#styr_bts																																																							
	1982																																																						
#styr_ats																																																							
	1994																																																						
#endyr																																																							
2020																																																							
#recage																																																							
1																																																							
#nages																																																							
15																																																							
#p_mature																																																							
0	0.008	0.289	0.641	0.842	0.901	0.947	0.963	0.97	1	1	1	1	1	1																																									
#ew_ind	1965	1966	1967	1968	1969	1970	1971	1972	1973	1974	1975	1976	1977	1978	1979	1980	1981	1982	1983	1984	1985	1986	1987	1988	1989	1990	1991	1992	1993	1994	1995	1996	1997	1998	1999	2000	2001	2002	2003	2004	2005	2006	2007	2008	2009	2010	2011	2012	2013	2014	2015	2016	2017	2018	2019
8	7	2	9	7	7	7	7	8	6	5	7	8	8	7	5	4	6	7	8	3	7	7	7	7	8	4	6	2	1	6	6	4	4	10	4	4	4	4	4	4	4	4	4	4	4	4	4	4	4	4	4	4	4	4	4 4
5	6	6	8	5	8	5	4	8	4	5	5	6	5	8	11	6	7	9	10	4	4	6	5	7	9	5	7	3	5	3	5	4	6	11	4	4	4	4	4	4	4	4	4	4	4	4	4	4	4	4	4	4	4	4	4 4
#wt_fsh																																																							
0.0066	0.17	0.303	0.447	0.589	0.722	0.84	0.942	1.029	1.102	1.163	1.212	1.253	1.286	1.312																																									
0.0066	0.17	0.303	0.447	0.589	0.722	0.84	0.942	1.029	1.102	1.163	1.212	1.253	1.286	1.312																																									
0.0066	0.17	0.303	0.447	0.589	0.722	0.84	0.942	1.029	1.102	1.163	1.212	1.253	1.286	1.312																																									
0.0066	0.17	0.303	0.447	0.589	0.722	0.84	0.942	1.029	1.102	1.163	1.212	1.253	1.286	1.312																																									
0.0066	0.17	0.303	0.447	0.589	0.722	0.84	0.942	1.029	1.102	1.163	1.212	1.253	1.286	1.312																																									
0.0066	0.17	0.303	0.447	0.589	0.722	0.84	0.942	1.029	1.102	1.163	1.212	1.253	1.286	1.312																																									
0.0066	0.17	0.303	0.447	0.589	0.722	0.84	0.942	1.029	1.102	1.163	1.212	1.253	1.286	1.312																																									
0.0066	0.17	0.303	0.447	0.589	0.722	0.84	0.942	1.029	1.102	1.163	1.212	1.253	1.286	1.312																																									
0.0066	0.17	0.303	0.447	0.589	0.722	0.84	0.942	1.029	1.102	1.163	1.212	1.253	1.286	1.312																																									
0.0066	0.17	0.303	0.447	0.589	0.722	0.84	0.942	1.029	1.102	1.163	1.212	1.253	1.286	1.312																																									
0.0066	0.17	0.303	0.447	0.589	0.722	0.84	0.942	1.029	1.102	1.163	1.212	1.253	1.286	1.312																																									
0.0066	0.17	0.303	0.447	0.589	0.722	0.84	0.942	1.029	1.102	1.163	1.212	1.253	1.286	1.312																																									
0.0066	0.17	0.303	0.447	0.589	0.722	0.84	0.942	1.029	1.102	1.163	1.212	1.253	1.286	1.312																																									
0.0066	0.17	0.303	0.447	0.589	0.722	0.84	0.942	1.029	1.102	1.163	1.212	1.253	1.286	1.312																																									
0.0066	0.17	0.303	0.447	0.589	0.722	0.84	0.942	1.029	1.102	1.163	1.212	1.253	1.286	1.312																																									
0.0066	0.17	0.303	0.447	0.589	0.722	0.84	0.942	1.029	1.102	1.163	1.212	1.253	1.286	1.312																																									
0.0066	0.17	0.303	0.447	0.589	0.722	0.84	0.942	1.029	1.102	1.163	1.212	1.253	1.286	1.312																																									
0.0066	0.17	0.303	0.447	0.589	0.722	0.84	0.942	1.029	1.102	1.163	1.212	1.253	1.286	1.312																																									
0.0066	0.17	0.303	0.447	0.589	0.722	0.84	0.942	1.029	1.102	1.163	1.212	1.253	1.286	1.312																																									
0.0066	0.17	0.303	0.447	0.589	0.722	0.84	0.942	1.029	1.102	1.163	1.212	1.253	1.286	1.312																																									
0.0066	0.17	0.303	0.447	0.589	0.722	0.84	0.942	1.029	1.102	1.163	1.212	1.253	1.286	1.312																																									
0.0066	0.17	0.303	0.447	0.589	0.722	0.84	0.942	1.029	1.102	1.163	1.212	1.253	1.286	1.312																																									
0.0066	0.17	0.303	0.447	0.589	0.722	0.84	0.942	1.029	1.102	1.163	1.212	1.253	1.286	1.312																																									
0.0066	0.17	0.303	0.447	0.589	0.722	0.84	0.942	1.029	1.102	1.163	1.212	1.253	1.286	1.312																																									
0.0066	0.17	0.303	0.447	0.589	0.722	0.84	0.942	1.029	1.102	1.163	1.212	1.253	1.286	1.312																																									
0.0066	0.17	0.303	0.447	0.589	0.722	0.84	0.942	1.029	1.102	1.163	1.212	1.253	1.286	1.312																																									
0.0066	0.17	0.303	0.447	0.589	0.722	0.84	0.942	1.029	1.102	1.163	1.212	1.253	1.286	1.312																																									
0.0066	0.149613	0.27671	0.4763462	0.604388244	0.72757859	0.838658917	0.873304053	1.013929617	1.126930891	1.12934103	1.25103857	1.23982614	1.30809624	1.24930709
0.0066	0.179094	0.393811609	0.462008889	0.64725545	0.70067006	0.811723113	0.981875457	1.030570815	1.21031652	1.22638093	1.27217625	1.198747639	1.34037031	1.43038514
0.0066	0.33131	0.497035451	0.610141739	0.649777526	0.753521793	0.903963795	1.039495496	1.21128119	1.2320326	1.3914348	1.53791677	1.61033834	1.64628496	1.58357897
0.0066	0.233091	0.405266624	0.650682232	0.728499608	0.747232977	0.707364531	1.057313237	1.39452065	1.3474982	1.34691986	1.39118175	1.39414764	1.3010208	1.34126011
0.0066	0.15348	0.377089863	0.498154833	0.735324493	0.839973333	0.856337025	0.985669184	1.22018555	1.31482583	1.38760798	1.47694555	1.38988414	1.537155	1.340887086
0.0066	0.292889	0.368119	0.42734275	0.678635925	0.793675533	0.948528529	0.952643075	1.020268667	1.095993765	1.361916639	1.50001019	1.52034212	1.71020965	1.59813542
0.0066	0.187184	0.442633	0.470676105	0.558501954	0.747383516	0.892715274	1.07220585	1.090543336	1.242880031	1.3458074	1.44292292	1.6677276	1.42339697	1.38310856
0.0066	0.190536	0.368377661	0.588589129	0.627275875	0.62064389	0.775055372	1.029246329	1.16850284	1.25266839	1.32677737	1.45213008	1.41364689	1.52324441	1.5371141
0.0066	0.187805	0.404737606	0.507373614	0.642725412	0.700532216	0.727927198	0.890782721	1.036612622	1.25007083	1.248240432	1.43060692	1.485359	1.584964	1.235554203
0.0066	0.217708	0.352708368	0.525784469	0.629242427	0.730682041	0.782001248	0.80583257	0.965791781	1.006531717	1.24215959	1.320810898	1.417497	1.550672	1.644036
0.0065	0.226725	0.326971191	0.503462526	0.669034879	0.787665955	0.957718258	0.986619565	1.06317947	1.115446482	1.31389528	1.4349929	1.562648073	1.4333403	1.645158
0.0067	0.231265	0.386081365	0.508992332	0.666138301	0.794988638	0.909736588	1.029499976	1.10393711	1.094826922	1.28846182	1.44807517	1.5967901	1.342783668	1.68252193
0.0065	0.27607	0.489288238	0.546559282	0.648934595	0.767045514	0.862457327	0.953267396	1.081378341	1.19979257	1.20001697	1.20553918	1.361502665	1.377197601	1.69915317
0.0067	0.134785	0.40901797	0.582701986	0.640260628	0.758458131	0.888571047	0.924111665	1.035294552	1.161821378	1.109682438	1.160295818	1.333459146	1.281030089	1.21325107
0.0066	0.282639	0.346398556	0.508256027	0.641900918	0.741043085	0.881739431	0.953783844	1.062463184	1.09629841	1.224724179	1.27560092	1.25146073	1.174224326	1.372974249
0.0066	0.174065	0.30511706	0.447419531	0.605962064	0.754579594	0.852636744	0.952071579	1.064660379	1.11446828	1.219220437	1.234043468	1.282166044	1.39935871	1.46177729
0.006633333	0.154728	0.346450376	0.505952458	0.6410819	0.78121324	0.96184034	1.09794638	1.18186161	1.27493799	1.30418453	1.47701463	1.50016392	1.73760323	1.52026134
0.006611111	0.2076326	0.329653541	0.519574483	0.652285154	0.77404446	0.902674835	1.049082275	1.11853565	1.28179423	1.4208071	1.52405823	1.55267209	1.92119447	1.65965238
0.006604444	0.135797	0.339597386	0.525923185	0.704469373	0.878851541	1.001725644	1.1254004	1.39856113	1.49005817	1.56322836	1.61366724	1.81413939	1.99574433	2.22982968
0.0497677	0.174856	0.382978687	0.489482591	0.664494102	0.915162656	1.11856036	1.2609021	1.37111288	1.5874197	1.65866429	1.9240475	1.92283575	2.07927632	2.31621199
0.030688207	0.204737208	0.290411609	0.508684432	0.665114976	0.808472144	0.975735006	1.22470357	1.3464161	1.5176903	1.58467716	1.62100973	2.17603071	1.75379734	2.28679933
0.029020117	0.141972725	0.270360079	0.409638974	0.642711156	0.823719852	0.974379476	1.17166434	1.30618953	1.51921456	1.61423419	1.64407634	1.71695646	2.04018048	2.08625889
0.0949551	0.1439405	0.288558723	0.441975922	0.564243498	0.78199228	1.13146386	1.28395947	1.4259477	1.69200945	1.83377091	1.80581269	1.96027938	2.18658045	2.20673042
0.014342609	0.19287	0.316313298	0.454641924	0.616959116	0.751001784	0.893501859	1.15415696	1.30999151	1.370274953	1.69153765	1.81466513	1.73304554	1.65809597	2.23591917
0.025182262	0.181323803	0.403636104	0.461435209	0.570398651	0.689508086	0.786341504	0.887828489	1.146125059	1.20279423	1.35536451	1.91420818	1.45022817	1.61693867	2.62673894
0.025182262	0.181323803	0.407461319	0.530971475	0.557280112	0.647740037	0.731838949	0.801067856	0.943333028	1.044152878	1.20633504	1.59186	1.72866	1.816028	1.907848
0.025182262	0.191119721	0.403977035	0.497753938	0.651002722	0.694248632	0.750426027	0.826896286	0.893323851	0.911451427	1.018390293	1.084500526	1.666756	1.79674	1.877602
0.025182262	0.186221762	0.379985742	0.465682824	0.572632636	0.734134962	0.809602579	0.854619132	0.904220246	1.045285245	0.982766442	1.387769	1.531241	1.720823	1.84564
0.025182262	0.186221762	0.408675	0.527746	0.622546	0.733619	0.881704	0.922316	0.977396	1.070161	1.158043	1.31399	1.490997	1.625075	1.805689
0.025182262	0.186221762	0.408675	0.527746	0.622546	0.733619	0.881704	0.922316	0.977396	1.070161	1.158043	1.31399	1.490997	1.625075	1.805689
#wt_ssb																																																							
	0.084881666	0.195868126	0.313762788	0.459295544	0.588623602	0.697818331	0.796798739	0.914861263	1.056957011	1.147231476	1.290106451	1.387917889	1.43166676	1.407002719	1.522866931																																								
	0.084881666	0.195868126	0.313762788	0.459295544	0.588623602	0.697818331	0.796798739	0.914861263	1.056957011	1.147231476	1.290106451	1.387917889	1.43166676	1.407002719	1.522866931																																								
	0.084881666	0.195868126	0.313762788	0.459295544	0.588623602	0.697818331	0.796798739	0.914861263	1.056957011	1.147231476	1.290106451	1.387917889	1.43166676	1.407002719	1.522866931																																								
	0.084881666	0.195868126	0.313762788	0.459295544	0.588623602	0.697818331	0.796798739	0.914861263	1.056957011	1.147231476	1.290106451	1.387917889	1.43166676	1.407002719	1.522866931																																								
	0.084881666	0.195868126	0.313762788	0.459295544	0.588623602	0.697818331	0.796798739	0.914861263	1.056957011	1.147231476	1.290106451	1.387917889	1.43166676	1.407002719	1.522866931																																								
	0.084881666	0.195868126	0.313762788	0.459295544	0.588623602	0.697818331	0.796798739	0.914861263	1.056957011	1.147231476	1.290106451	1.387917889	1.43166676	1.407002719	1.522866931																																								
	0.084881666	0.195868126	0.313762788	0.459295544	0.588623602	0.697818331	0.796798739	0.914861263	1.056957011	1.147231476	1.290106451	1.387917889	1.43166676	1.407002719	1.522866931																																								
	0.084881666	0.195868126	0.313762788	0.459295544	0.588623602	0.697818331	0.796798739	0.914861263	1.056957011	1.147231476	1.290106451	1.387917889	1.43166676	1.407002719	1.522866931																																								
	0.084881666	0.195868126	0.313762788	0.459295544	0.588623602	0.697818331	0.796798739	0.914861263	1.056957011	1.147231476	1.290106451	1.387917889	1.43166676	1.407002719	1.522866931																																								
	0.084881666	0.195868126	0.313762788	0.459295544	0.588623602	0.697818331	0.796798739	0.914861263	1.056957011	1.147231476	1.290106451	1.387917889	1.43166676	1.407002719	1.522866931																																								
	0.084881666	0.195868126	0.313762788	0.459295544	0.588623602	0.697818331	0.796798739	0.914861263	1.056957011	1.147231476	1.290106451	1.387917889	1.43166676	1.407002719	1.522866931																																								
	0.084881666	0.195868126	0.313762788	0.459295544	0.588623602	0.697818331	0.796798739	0.914861263	1.056957011	1.147231476	1.290106451	1.387917889	1.43166676	1.407002719	1.522866931																																								
	0.084881666	0.195868126	0.313762788	0.459295544	0.588623602	0.697818331	0.796798739	0.914861263	1.056957011	1.147231476	1.290106451	1.387917889	1.43166676	1.407002719	1.522866931																																								
	0.084881666	0.195868126	0.313762788	0.459295544	0.588623602	0.697818331	0.796798739	0.914861263	1.056957011	1.147231476	1.290106451	1.387917889	1.43166676	1.407002719	1.522866931																																								
	0.084881666	0.195868126	0.313762788	0.459295544	0.588623602	0.697818331	0.796798739	0.914861263	1.056957011	1.147231476	1.290106451	1.387917889	1.43166676	1.407002719	1.522866931																																								
	0.084881666	0.195868126	0.313762788	0.459295544	0.588623602	0.697818331	0.796798739	0.914861263	1.056957011	1.147231476	1.290106451	1.387917889	1.43166676	1.407002719	1.522866931																																								
	0.084881666	0.195868126	0.313762788	0.459295544	0.588623602	0.697818331	0.796798739	0.914861263	1.056957011	1.147231476	1.290106451	1.387917889	1.43166676	1.407002719	1.522866931																																								
	0.084881666	0.195868126	0.313762788	0.459295544	0.588623602	0.697818331	0.796798739	0.914861263	1.056957011	1.147231476	1.290106451	1.387917889	1.43166676	1.407002719	1.522866931																																								
	0.084881666	0.195868126	0.313762788	0.459295544	0.588623602	0.697818331	0.796798739	0.914861263	1.056957011	1.147231476	1.290106451	1.387917889	1.43166676	1.407002719	1.522866931																																								
	0.084881666	0.195868126	0.313762788	0.459295544	0.588623602	0.697818331	0.796798739	0.914861263	1.056957011	1.147231476	1.290106451	1.387917889	1.43166676	1.407002719	1.522866931																																								
	0.084881666	0.195868126	0.313762788	0.459295544	0.588623602	0.697818331	0.796798739	0.914861263	1.056957011	1.147231476	1.290106451	1.387917889	1.43166676	1.407002719	1.522866931																																								
	0.084881666	0.195868126	0.313762788	0.459295544	0.588623602	0.697818331	0.796798739	0.914861263	1.056957011	1.147231476	1.290106451	1.387917889	1.43166676	1.407002719	1.522866931																																								
	0.084881666	0.195868126	0.313762788	0.459295544	0.588623602	0.697818331	0.796798739	0.914861263	1.056957011	1.147231476	1.290106451	1.387917889	1.43166676	1.407002719	1.522866931																																								
	0.084881666	0.195868126	0.313762788	0.459295544	0.588623602	0.697818331	0.796798739	0.914861263	1.056957011	1.147231476	1.290106451	1.387917889	1.43166676	1.407002719	1.522866931																																								
	0.084881666	0.195868126	0.313762788	0.459295544	0.588623602	0.697818331	0.796798739	0.914861263	1.056957011	1.147231476	1.290106451	1.387917889	1.43166676	1.407002719	1.522866931																																								
	0.084881666	0.195868126	0.313762788	0.459295544	0.588623602	0.697818331	0.796798739	0.914861263	1.056957011	1.147231476	1.290106451	1.387917889	1.43166676	1.407002719	1.522866931																																								
	0.084881666	0.195868126	0.313762788	0.459295544	0.588623602	0.697818331	0.796798739	0.914861263	1.056957011	1.147231476	1.290106451	1.387917889	1.43166676	1.407002719	1.522866931																																								
	0.084881666	0.195868126	0.313762788	0.459295544	0.588623602	0.697818331	0.796798739	0.914861263	1.056957011	1.147231476	1.290106451	1.387917889	1.43166676	1.407002719	1.522866931																																								
	0.084881666	0.195868126	0.313762788	0.459295544	0.588623602	0.697818331	0.796798739	0.914861263	1.056957011	1.147231476	1.290106451	1.387917889	1.43166676	1.407002719	1.522866931																																								
	0.084881666	0.195868126	0.313762788	0.459295544	0.588623602	0.697818331	0.796798739	0.914861263	1.056957011	1.147231476	1.290106451	1.387917889	1.43166676	1.407002719	1.522866931																																								
	0.084881666	0.195868126	0.313762788	0.459295544	0.588623602	0.697818331	0.796798739	0.914861263	1.056957011	1.147231476	1.290106451	1.387917889	1.43166676	1.407002719	1.522866931																																								
	0.084881666	0.195868126	0.313762788	0.459295544	0.588623602	0.697818331	0.796798739	0.914861263	1.056957011	1.147231476	1.290106451	1.387917889	1.43166676	1.407002719	1.522866931																																								
	0.084881666	0.195868126	0.313762788	0.459295544	0.588623602	0.697818331	0.796798739	0.914861263	1.056957011	1.147231476	1.290106451	1.387917889	1.43166676	1.407002719	1.522866931																																								
	0.084881666	0.195868126	0.313762788	0.459295544	0.588623602	0.697818331	0.796798739	0.914861263	1.056957011	1.147231476	1.290106451	1.387917889	1.43166676	1.407002719	1.522866931																																								
	0.084881666	0.195868126	0.313762788	0.459295544	0.588623602	0.697818331	0.796798739	0.914861263	1.056957011	1.147231476	1.290106451	1.387917889	1.43166676	1.407002719	1.522866931																																								
	0.084881666	0.195868126	0.313762788	0.459295544	0.588623602	0.697818331	0.796798739	0.914861263	1.056957011	1.147231476	1.290106451	1.387917889	1.43166676	1.407002719	1.522866931																																								
	0.084881666	0.195868126	0.313762788	0.459295544	0.588623602	0.697818331	0.796798739	0.914861263	1.056957011	1.147231476	1.290106451	1.387917889	1.43166676	1.407002719	1.522866931																																								
	0.084881666	0.195868126	0.313762788	0.459295544	0.588623602	0.697818331	0.796798739	0.914861263	1.056957011	1.147231476	1.290106451	1.387917889	1.43166676	1.407002719	1.522866931																																								
	0.084881666	0.195868126	0.313762788	0.459295544	0.588623602	0.697818331	0.796798739	0.914861263	1.056957011	1.147231476	1.290106451	1.387917889	1.43166676	1.407002719	1.522866931																																								
	0.084881666	0.195868126	0.313762788	0.459295544	0.588623602	0.697818331	0.796798739	0.914861263	1.056957011	1.147231476	1.290106451	1.387917889	1.43166676	1.407002719	1.522866931																																								
	0.084881666	0.195868126	0.313762788	0.459295544	0.588623602	0.697818331	0.796798739	0.914861263	1.056957011	1.147231476	1.290106451	1.387917889	1.43166676	1.407002719	1.522866931																																								
	0.084881666	0.195868126	0.313762788	0.459295544	0.588623602	0.697818331	0.796798739	0.914861263	1.056957011	1.147231476	1.290106451	1.387917889	1.43166676	1.407002719	1.522866931																																								
	0.084881666	0.195868126	0.313762788	0.459295544	0.588623602	0.697818331	0.796798739	0.914861263	1.056957011	1.147231476	1.290106451	1.387917889	1.43166676	1.407002719	1.522866931																																								
	0.084881666	0.195868126	0.313762788	0.459295544	0.588623602	0.697818331	0.796798739	0.914861263	1.056957011	1.147231476	1.290106451	1.387917889	1.43166676	1.407002719	1.522866931																																								
	0.084881666	0.195868126	0.313762788	0.459295544	0.588623602	0.697818331	0.796798739	0.914861263	1.056957011	1.147231476	1.290106451	1.387917889	1.43166676	1.407002719	1.522866931																																								
	0.084881666	0.195868126	0.313762788	0.459295544	0.588623602	0.697818331	0.796798739	0.914861263	1.056957011	1.147231476	1.290106451	1.387917889	1.43166676	1.407002719	1.522866931																																								
	0.084881666	0.195868126	0.313762788	0.459295544	0.588623602	0.697818331	0.796798739	0.914861263	1.056957011	1.147231476	1.290106451	1.387917889	1.43166676	1.407002719	1.522866931																																								
	0.084881666	0.195868126	0.313762788	0.459295544	0.588623602	0.697818331	0.796798739	0.914861263	1.056957011	1.147231476	1.290106451	1.387917889	1.43166676	1.407002719	1.522866931																																								
	0.084881666	0.195868126	0.313762788	0.459295544	0.588623602	0.697818331	0.796798739	0.914861263	1.056957011	1.147231476	1.290106451	1.387917889	1.43166676	1.407002719	1.522866931																																								
	0.084881666	0.195868126	0.313762788	0.459295544	0.588623602	0.697818331	0.796798739	0.914861263	1.056957011	1.147231476	1.290106451	1.387917889	1.43166676	1.407002719	1.522866931																																								
	0.084881666	0.195868126	0.313762788	0.459295544	0.588623602	0.697818331	0.796798739	0.914861263	1.056957011	1.147231476	1.290106451	1.387917889	1.43166676	1.407002719	1.522866931																																								
	0.084881666	0.195868126	0.313762788	0.459295544	0.588623602	0.697818331	0.796798739	0.914861263	1.056957011	1.147231476	1.290106451	1.387917889	1.43166676	1.407002719	1.522866931																																								
	0.084881666	0.195868126	0.313762788	0.459295544	0.588623602	0.697818331	0.796798739	0.914861263	1.056957011	1.147231476	1.290106451	1.387917889	1.43166676	1.407002719	1.522866931																																								
	0.084881666	0.195868126	0.313762788	0.459295544	0.588623602	0.697818331	0.796798739	0.914861263	1.056957011	1.147231476	1.290106451	1.387917889	1.43166676	1.407002719	1.522866931																																								
	0.084881666	0.195868126	0.313762788	0.459295544	0.588623602	0.697818331	0.796798739	0.914861263	1.056957011	1.147231476	1.290106451	1.387917889	1.43166676	1.407002719	1.522866931																																								
	0.084881666	0.195868126	0.313762788	0.459295544	0.588623602	0.697818331	0.796798739	0.914861263	1.056957011	1.147231476	1.290106451	1.387917889	1.43166676	1.407002719	1.522866931																																								
	0.084881666	0.195868126	0.313762788	0.459295544	0.588623602	0.697818331	0.796798739	0.914861263	1.056957011	1.147231476	1.290106451	1.387917889	1.43166676	1.407002719	1.522866931																																								
#obs_catch	1965	1966	1967	1968	1969	1970	1971	1972	1973	1974	1975	1976	1977	1978	1979	1980	1981	1982	1983	1984	1985	1986	1987	1988	1989	1990	1991	1992	1993	1994	1995	1996	1997	1998	1999	2000	2001	2002	2003	2004	2005	2006	2007	2008	2009	2010	2011	2012	2013	2014	2015	2016	2017	2018	2019
174.792	230.551	261.678	550.362	702.181	862.789	1256.565	1743.763	1874.534	1758.919	1588.39	1356.736	1177.822	978.37	979.431	935.714	958.28	973.502	955.964	981.45	1092.055	1139.676	1141.993	859.416	1228.721	1229.6	1455.193	1195.64363	1390.29935	1326.60232	1329.35166	1264.24689	1192.78109	1124.43305	1102.15914	989.68031	1132.70985	1387.19702	1480.77388	1490.779227	1480.551669	1483.021809	1488.031045	1354.501789	990.578068	810.784346	810.2065048	1199.041168	1205.212137	1270.76509	1297.41948	1321.580583	1352.659289	1359.273639	1379.306	1387 1425
#obs_effort																																																							
0.56385	0.38425	0.35362	0.67946	0.62695	0.60335	1.03848	1.55693	1.5365	1.72443	1.57266	1.49092	1.28024	1.526946667	1.521949444	1.519524352	1.48537341	1.48537341	1.48537341	1.48537341	1.48537341	1.48537341	1.48537341	1.48537341	1.48537341	1.48537341	1.48537341	1.48537341	1.48537341	1.48537341	1.48537341	1.48537341	1.48537341	1.48537341	1.48537341	1.48537341	1.48537341	1.48537341	1.48537341	1.5	1.5	1.5	1.5	1.5	1.5	1.5	1.5	1.5	1.5	1.5	1.5	1.5	1.5	1.5	1.5	1.5 1.5
#n_cpue																																																							
12																																																							
#yrs_cpue																																																							
1965	1966	1967	1968	1969	1970	1971	1972	1973	1974	1975	1976																																												
#obs_cpue																																																							
2816.437428	3473.580475	3802.169891	5257.304601	6712.468418	5679.809828	5257.331283	5726.743484	4787.923949	4740.992588	4271.57446	4318.523058																																												
#obs_cpue_std																																																							
563.2874856	694.716095	760.4339781	1051.46092	1342.493684	1135.961966	1051.466257	1145.348697	957.5847898	948.1985176	854.3148919	863.7046116																																												
#n_avo																																																							
15																																																							
#yrs_avo																																																							
	2006	2007	2008	2009	2010	2011	2012	2013	2014	2015	2016	2017	2018	2019	2020
#obs_avo															
	0.555	0.638	0.316	0.285	0.679	0.543	0.661	0.694	0.897	0.953	0.776	0.73	0.672	0.68	0.285
#obs_avo_std															
	0.1407345	0.23869675	0.17743585	0.33196785	0.2367651	0.1578434	0.17246875	0.1076205	0.1181066	0.1258332	0.10072175	0.0943749	0.0927192	0.08802805	0.057
#wt_avo																																																							
0.019380752	0.101459822	0.244144755	0.378145671	0.526992229	0.652066615	0.763603851	0.846668019	0.933519833	0.971437494	1.001150919	1.149534691	1.211687201	1.281049807	1.179917849																																									
0.018495649	0.087193364	0.279247415	0.437187833	0.582488803	0.686632399	0.788236316	0.870999726	0.970100191	1.102708516	1.105671451	1.236948448	1.235486845	1.749460306	1.230626606																																									
0.022553568	0.083533376	0.21397106	0.406607915	0.575800608	0.689063242	0.805223493	0.981970849	0.968320224	1.262557586	1.247212431	1.246648968	1.389705798	1.638032697	1.246968301																																									
0.020319991	0.10850146	0.241958619	0.416450696	0.646619245	0.785332663	0.950143453	1.030621575	1.064024628	1.328355453	1.326541881	1.547037133	1.556585854	1.536816208	1.743715961																																									
0.031689084	0.117343148	0.221257593	0.441148338	0.565233181	0.72191307	0.936799438	1.336564857	1.574484153	1.622437222	1.692529159	1.895356839	1.926997647	1.941451524	1.96177442																																									
0.029375575	0.106631395	0.208972742	0.408413458	0.548858375	0.705860897	0.887469619	1.132474036	1.422040294	1.444774336	1.510418611	1.641548799	1.694167469	1.853097483	1.859717642																																									
0.027062065	0.095919642	0.196687891	0.375678579	0.532483569	0.689808725	0.838139801	0.928383216	1.269596435	1.267111449	1.328308063	1.387740759	1.461337291	1.764743441	1.757660864																																									
0.029375575	0.106631395	0.208972742	0.408413458	0.548858375	0.705860897	0.887469619	1.132474036	1.422040294	1.444774336	1.510418611	1.641548799	1.694167469	1.853097483	1.859717642																																									
0.025225422	0.134561038	0.22362502	0.394297251	0.547275951	0.694533734	0.762828456	0.997097865	1.142014088	1.26636429	1.444106539	1.711001125	1.903016304	1.794556846	1.776686924																																									
0.022663922	0.076370721	0.20628749	0.388882172	0.574370838	0.62703836	0.805764052	0.94094099	1.045938443	1.065510102	1.30555602	1.609914487	1.41157465	1.611457042	2.220015431																																									
0.033300215	0.109915022	0.265899823	0.480980012	0.538858085	0.63233835	0.696644128	0.785593495	0.846709044	0.960479213	1.166773547	1.369473936	1.623201894	1.684791209	1.738218																																									
0.021695848	0.098126926	0.198306373	0.398275248	0.527987789	0.595204387	0.685967599	0.736540379	0.818095286	0.819148452	0.947346988	0.815786201	1.182831599	1.319474816	1.57842663																																									
0.029279013	0.113887513	0.251122675	0.40643369	0.512022355	0.595795685	0.678600156	0.721862861	0.81782518	0.874899121	0.977607696	1.044707584	1.15193339	1.389053393	1.626173395																																									
0.029279013	0.113887513	0.251122675	0.40643369	0.512022355	0.595795685	0.678600156	0.721862861	0.81782518	0.874899121	0.977607696	1.044707584	1.15193339	1.389053393	1.626173395																																									
0.029279013	0.113887513	0.251122675	0.40643369	0.512022355	0.595795685	0.678600156	0.721862861	0.81782518	0.874899121	0.977607696	1.044707584	1.15193339	1.389053393	1.626173395																																									
#ngears																																																							
3																																																							
#minind																																																							
1	1	1																																																					
#n_fsh																																																							
55																																																							
#n_bts																																																							
38																																																							
#n_ats																																																							
16																																																							
#yrs_fsh_data																																																							
1964	1965	1966	1967	1968	1969	1970	1971	1972	1973	1974	1975	1976	1977	1978	1979	1980	1981	1982	1983	1984	1985	1986	1987	1988	1989	1990	1991	1992	1993	1994	1995	1996	1997	1998	1999	2000	2001	2002	2003	2004	2005	2006	2007	2008	2009	2010	2011	2012	2013	2014	2015	2016	2017	2018	
#yrs_bts_data																																																							
1982	1983	1984	1985	1986	1987	1988	1989	1990	1991	1992	1993	1994	1995	1996	1997	1998	1999	2000	2001	2002	2003	2004	2005	2006	2007	2008	2009	2010	2011	2012	2013	2014	2015	2016	2017	2018	2019																		
#yrs_ats_data																																																							
	1994	1996	1997	1999	2000	2002	2004	2006	2007	2008	2009	2010	2012	2014	2016	2018																																							
#sam_fsh																																																							
10	10	10	10	10	10	10	10	10	10	10	10	10	10	39	39	39	39	39	39	39	39	39	39	39	39	39	401.0861268	453.2865379	569.7187636	338.3802855	572.9264344	254.4892768	582.1266798	426.2953059	519.4271183	526.9035326	390.7133727	513.2826638	453.1214571	457.6882501	482.3942555	469.2164749	529.1172874	464.088425	362.2515143	602.0955963	561.5115303	541.4399221	625.5960105	513.1567817	668.9238962	588.0431172	587.1582168	545.5611664	
#sam_bts																																																							
105	126	118	125	88	105	76	80	82	71	82	90	74	75	90	78	82	90	101	107	110	107	108	109	102	97	82	87	90	113	116	120	137	151	115	105	100	100																		
#sam_ats																																																							
43	32	49	67	70	72	51	47	39	35	26	34	44	79	61	25																																								
#oac_fsh_data																																																							
0.025321	0.105571	0.165563	0.193611	0.095442	0.268407	0.120764	0.025321	0	0	0	0	0	0	0																																									
0.01417	0.015327	0.204164	0.550318	0.13476	0.033545	0.032389	0.015327	0	0	0	0	0	0	0																																									
0.028428	0.168302	0.057358	0.420126	0.264906	0.024151	0.026415	0.010314	0	0	0	0	0	0	0																																									
0.009467	0.110178	0.577515	0.087692	0.16	0.037988	0.011479	0.00568	0	0	0	0	0	0	0																																									
0.032939	0.178617	0.140218	0.468517	0.10737	0.030573	0.036579	0.005187	0	0	0	0	0	0	0																																									
0.014678	0.079766	0.459233	0.315684	0.10843	0.002305	0.012142	0.007761	0	0	0	0	0	0	0																																									
0.156762	0.238147	0.374263	0.176699	0.034247	0.011143	0.005571	0.003168	0	0	0	0	0	0	0																																									
0.165462	0.049415	0.27603	0.185287	0.274689	0.026683	0.017515	0.004919	0	0	0	0	0	0	0																																									
0.031428	0.151596	0.349715	0.280079	0.117347	0.046028	0.017471	0.006335	0	0	0	0	0	0	0																																									
0.011129	0.100338	0.121466	0.264054	0.202123	0.13807	0.076822	0.055643	0.024972	0.004498	0.000566	0.00015	0.0000325	0.000138	0																																									
0.024247	0.527279	0.194871	0.055427	0.074453	0.040192	0.025745	0.02169	0.021289	0.008954	0.003638	0.00095	0.000948	0.000169	0.000147																																									
0.008543	0.150288	0.691843	0.053185	0.014149	0.026573	0.025452	0.013869	0.008162	0.005747	0.001421	0.000562	0.0000904	0.000116	0																																									
0.0002	0.120162	0.454616	0.305986	0.030152	0.013916	0.019279	0.022363	0.017396	0.008572	0.003956	0.002706	0.000697	0	0																																									
0.037672	0.247673	0.331098	0.239905	0.086129	0.019158	0.00703	0.010141	0.008111	0.006514	0.00336	0.001667	0.001229	0.000245	0.0000678																																									
0.012042	0.186306	0.308118	0.261359	0.15068	0.040795	0.011772	0.007098	0.008047	0.006471	0.004559	0.001741	0.000722	0.000221	0.0000692																																									
0.0395	0.211525	0.280373	0.163648	0.152892	0.083939	0.021921	0.010012	0.013973	0.010706	0.006862	0.003069	0.001153	0.000206	0.000222																																									
0.004034	0.190932	0.339926	0.183116	0.104124	0.087117	0.034572	0.015525	0.008981	0.009877	0.010508	0.006561	0.003192	0.001036	0.0005																																									
0.000262	0.033202	0.465713	0.29335	0.104387	0.047308	0.023758	0.01361	0.007403	0.004299	0.003453	0.002115	0.000699	0.00029	0.000152																																									
0.00237	0.012649	0.08055	0.584991	0.210743	0.051754	0.017953	0.017973	0.010743	0.004531	0.002704	0.001587	0.000928	0.000344	0.00018																																									
0.002906	0.067965	0.090431	0.179378	0.468209	0.125093	0.023738	0.014167	0.011353	0.006362	0.004356	0.002808	0.002017	0.000997	0.000218																																									
0.001082	0.023623	0.045694	0.22207	0.253549	0.337247	0.069013	0.01834	0.012938	0.008067	0.00366	0.001299	0.00151	0.000861	0.001046																																									
0.001377	0.028742	0.198541	0.06341	0.190469	0.167426	0.23081	0.058574	0.019048	0.013449	0.012929	0.005553	0.004909	0.002088	0.002675																																									
0.001514	0.042154	0.045222	0.366847	0.104926	0.185293	0.108734	0.105004	0.029249	0.00744	0.001637	0.001264	0.000132	0.000583	0																																									
0	0.014353	0.080902	0.056279	0.299858	0.100715	0.088821	0.065742	0.179309	0.039207	0.028064	0.015557	0.020974	0.004421	0.005799																																									
0	0.004867	0.207078	0.192308	0.115004	0.248302	0.102527	0.047866	0.017872	0.044149	0.008324	0.004658	0.001715	0.002506	0.002825																																									
0	0.002671	0.030904	0.083527	0.252883	0.093473	0.320776	0.053997	0.058166	0.018176	0.07233	0.006102	0.002235	0.001436	0.003325																																									
0.000752	0.018901	0.032625	0.125708	0.114964	0.273633	0.074005	0.211015	0.037632	0.058368	0.005178	0.034402	0.004865	0.002677	0.005275																																									
389.5739159	113171.2465	44377.11848	88939.2431	151831.8581	181937.238	509695.986	81478.506	292863.183	29464.68515	143946.7158	18242.9412	88287.5668	21837.84126	50005.3498																																									
1963.81709	88216.8784	670812.79	130291.3206	82898.7815	110166.8164	136177.8291	254831.214	102726.4631	152502.263	57876.9732	45353.7152	13708.38882	43213.4815	32332.0707																																									
94.5526649	6917.37372	243618.641	1144408.8	108022.2205	73939.4867	68533.7046	53098.6128	91647.4604	20461.64222	35213.7896	10862.12568	13502.84775	7305.251955	16014.06455																																									
1167.769122	35589.73501	58612.0684	347405.309	1067224.702	180474.844	57739.99933	18728.56551	12367.62112	20247.0338	9182.09009	10150.16764	7576.51281	4058.435736	8040.103576																																									
0	362.2337186	77134.9327	148491.0856	406831.16	767104.998	121936.992	31977.2381	11202.13204	8112.692854	17685.14386	5228.753766	6653.2341	1347.822127	9082.576886																																									
0	16705.88915	51918.12422	82638.4345	161493.758	362775.977	481648.022	186012.142	32583.7363	14098.59255	8438.52433	8658.34456	4502.947824	5928.221236	5026.075381																																									
1642.23371	77851.8475	39246.1437	107649.4091	472667.192	282593.09	252640.554	200068.83	65432.8438	14010.33231	5934.445506	5275.464903	3278.373776	4446.996988	9998.396798																																									
220.085111	42328.6639	85616.4728	70923.7044	154774.056	697028.577	202038.775	130969.6849	107502.4787	29113.5568	6117.246835	6200.070286	2439.15214	3558.840441	5611.304951																																									
191.878426	9649.62284	294436.093	224555.033	102324.7198	159704.82	470779.569	130685.8799	56328.5386	34117.6581	3655.914715	2267.110572	813.7233387	397.37189	1846.686033																																									
0	15332.21414	80266.5714	425831.835	346974.349	105151.5606	170382.752	357627.323	85956.4989	29457.6822	22278.0725	5336.221843	1340.471937	628.3708779	938.372697																																									
0	3084.081857	46891.6015	154726.845	582562.629	410467.836	135860.797	127004.3253	157299.897	58963.2531	34428.2503	15999.85228	5423.644669	3709.105225	1982.923133																																									
896.246776	46960.3665	108614.984	213379.414	287356.307	602274.72	270186.356	100646.4037	86265.3251	96759.331	33892.1981	15336.59638	11015.27928	2669.201371	1835.449136																																									
0	14109.64377	408579.708	323481.978	367205.844	307130.698	331247.145	158767.45	49547.8805	38445.4722	36120.1831	22732.50108	6770.84677	3455.562416	3195.195853																																									
0	472.7469564	90113.1393	825409.403	483692.605	238969.499	168482.403	155208.607	63231.4327	15501.65921	18560.98151	26774.43792	8939.640757	6410.676932	7628.284379																																									
0	4141.05276	51083.6752	399372.828	859074.438	483457.921	157561.81	68662.806	68321.4117	30797.6724	9622.54576	8925.61461	3027.052765	2244.073968	2795.475058																																									
0	9976.618319	83181.2806	293286.82	615345.939	592562.509	283626.996	109860.0351	49506.3081	40670.1688	16990.44338	8261.996355	8356.432615	4547.565346	7080.68152																																									
1628.5752	16913.69275	60498.6102	137515.0123	388609.222	508735.359	300146.882	139480.6855	47584.317	27418.2829	24217.6908	9501.01593	6060.75976	2823.287905	11372.58626																																									
0	25887.4831	57572.9208	79413.8287	148847.773	308393.403	242016.84	149334.438	82517.8605	21781.6357	18399.44181	13973.05623	8882.48948	2825.065993	12828.15648																																									
0	1314.583344	175885.812	199871.244	82354.6861	112946.0467	123367.324	104017.5758	65932.2264	40456.075	23896.42301	7607.21032	8195.83371	3332.553638	9010.22025																																									
1038.971721	27151.5792	30847.1456	557916.681	220633.757	55007.1509	42454.5157	56572.3181	52871.3344	31764.1322	15999.8893	8793.90529	6228.49651	4729.51278	5530.03405																																									
439.069909	11410.41346	192811.109	115606.2511	809474.865	284361.954	64084.6428	37701.1335	38348.1069	40244.4834	25274.388	12844.81351	1822.819296	4088.88152	4234.600806																																									
0	23705.4107	117842.8384	943811.884	173671.162	433067.101	139900.66	36952.2813	17622.73171	14680.59296	16212.08037	13833.84497	7795.157365	5916.005259	3021.404322																																									
1747.780352	824.4885282	65324.8911	342119.48	955524.16	195194.904	155881.129	69052.3638	20085.8442	13334.20553	12521.41976	11956.74358	7948.40988	4855.108763	5556.129002																																									
0	39591.3688	31441.2997	168628.579	397383.817	752245.708	210304.189	86346.6126	29153.5611	9015.77591	4631.899159	4743.565365	4481.716317	2911.43499	6138.45563																																									
0	15549.9727	631397.086	196844.851	227614.358	384587.55	510512.423	88357.5465	42724.3623	17374.72099	3223.69422	2158.644434	3330.556131	2753.729476	1284.512541																																									
0	555.393542	91851.1895	1389644.25	159006.375	175711.423	174809.337	222725.313	34996.3457	13321.87329	7861.993131	501.044358	1350.893543	754.6411652	1042.485444																																									
0	1975.88291	29357.6628	552331.013	894751.014	212574.436	148293.982	122884.434	97040.3217	21464.13063	7863.50694	6297.624576	506.301474	238.8338914	138.7070043																																									
0	1391.530437	13793.76247	114102.1335	1216661.62	504015.008	105508.2663	82175.2143	60892.036	26593.4849	4188.23656	1215.619512	331.578115	662.571181	461.2587																																									
#obs_bts_data																																																							
3916.243348	10303.38066	7791.917015	9070.401908	7658.723148	7967.38847	11561.51313	10450.62564	12964.38127	7772.163847	7121.306357	8319.185169	7952.393252	7885.830961	4387.399193	5108.146778	3731.14967	5532.828316	8255.554039	6282.021579	7392.514357	12305.28793	5866.822123	7608.199694	4582.651908	7653.145972	4751.729424	3617.512202	5829.749903	4533.774393	5186.867025	6668.307838	12172.91595	10589.4866	9128.035842	9011.913627	5826.208255	9732.538529																		
#std_obs_bts																																																							
327.5836408	761.8922609	704.2114939	749.0924983	641.1199819	716.9167466	1137.238564	832.1214372	1380.242802	608.804382	601.0539738	630.448941	682.9364813	790.6788144	335.7533864	383.4303788	269.6325784	492.3604647	760.0130679	484.337769	528.5333937	1016.651414	449.9863167	623.1630561	395.2726301	792.7079238	479.4599217	430.5913729	584.5527161	358.1867847	401.8058346	539.2818359	825.816068	702.956098	779.2735998	588.7860606	447.6132067	629.430355																		
#wt_bts																																																							
0.031871224	0.075186374	0.166587607	0.34923397	0.4287027	0.666355919	1.023239793	1.124451056	1.20245911	1.378245484	1.588250565	1.625694415	1.880959457	1.801684114	2.667621068																																									
0.017393809	0.141313627	0.239721404	0.36015737	0.493053771	0.577692226	0.72739901	1.074181367	1.125758789	1.020284131	1.120948763	1.130093293	1.557800723	1.114661624	1.936216556																																									
0.014057076	0.072449458	0.26355361	0.359031755	0.482752561	0.616942154	0.757493946	1.017903752	1.220207676	1.406610382	1.527582697	1.688724696	1.345476653	1.467698831	2.078643818																																									
0.013549291	0.104355437	0.264481497	0.410231568	0.514155436	0.648642829	0.783919519	0.926290288	1.428378741	1.132410324	1.297617453	1.727040161	1.628685144	1.613653	2.569685606																																									
0.011730163	0.101955014	0.183158278	0.356448327	0.461883773	0.63826714	0.717939264	0.850619336	1.012058383	1.291223194	1.322379981	1.14856645	2.294978574	2.165101802	2.422331763																																									
0.017441665	0.109681581	0.262378065	0.353545033	0.431884984	0.525044257	0.705144998	0.795477693	0.895931695	1.004915699	1.197987335	1.399925666	1.740252167	2.020298146	2.27497792																																									
0.018388785	0.108357895	0.296062275	0.355412884	0.457301957	0.520529774	0.600786601	0.75443754	0.851295298	1.001504087	1.203202217	1.21636055	1.712188199	0.951986191	1.801976816																																									
0.015641812	0.091536768	0.167784923	0.384749219	0.454824642	0.528821678	0.628900707	0.673024188	0.926730467	0.923978935	1.04576295	1.078273408	1.124132094	1.186541772	1.283562816																																									
0.012647961	0.102228442	0.15341838	0.377926658	0.504555334	0.572293198	0.612190768	0.722655874	0.794419107	1.049269465	1.079251444	1.137158814	1.080766684	1.287007466	1.385933606																																									
0.01944445	0.108252507	0.157016517	0.353881787	0.485755195	0.578711306	0.694705679	0.740103132	0.873097906	0.911188842	1.092508629	1.201227943	1.266382654	1.425234284	1.9242116																																									
0.014178377	0.11345733	0.285176857	0.370758013	0.512313765	0.62523354	0.780351161	0.840881236	0.89968751	0.990402909	1.106523102	1.259961283	1.392621332	1.34995123	1.391009211																																									
0.01181974	0.072052892	0.3143538	0.455645484	0.502640434	0.552809042	0.663079889	0.795915794	0.976966123	1.028585635	1.153479689	1.256651686	1.392489946	1.549575789	1.698802163																																									
0.014690312	0.086165247	0.222761795	0.473769447	0.572749057	0.635286255	0.716176916	0.975984278	1.171592634	1.128473359	1.200157847	1.331065939	1.432576567	1.52097809	1.697523116																																									
0.01263642	0.088343474	0.145008347	0.37956723	0.486127622	0.627699056	0.653997867	0.800626532	0.938768872	1.172408495	1.136099142	1.307531228	1.353196449	1.434052026	1.68328497																																									
0.01675515	0.080521231	0.14213958	0.339942769	0.506108395	0.59719628	0.733348429	0.814910276	0.972117992	1.058713458	1.298706341	1.392877301	1.437440704	1.548371383	1.658696089																																									
0.016234995	0.053126079	0.180907802	0.363286446	0.438732582	0.590938214	0.70713348	0.80563948	0.974364515	1.023132985	1.162778384	1.311374545	1.289256942	1.473561615	1.59753329																																									
0.01634109	0.06967323	0.173312544	0.33361397	0.474169907	0.522843788	0.697636477	0.836977786	0.924665897	0.997309979	1.081261163	1.358968442	1.356835922	1.749652828	1.804330521																																									
0.014215979	0.079683911	0.210104861	0.355961744	0.422162614	0.560133848	0.634703034	0.776207869	0.984983376	1.014399879	1.115892853	1.202197968	1.624247114	1.757321124	1.924403445																																									
0.01046947	0.062744664	0.227727588	0.375815999	0.455799915	0.529620274	0.64950131	0.709266662	0.781638401	0.955888889	1.159851891	1.211884421	1.342467796	1.500344774	1.867669201																																									
0.016224849	0.068509007	0.169432325	0.373732423	0.505469081	0.601398635	0.673718596	0.770885913	0.856946102	0.910801049	1.099269392	1.206626054	1.412140279	1.396371559	1.687932691																																									
0.011467951	0.097455911	0.251801509	0.389735693	0.535837781	0.649876979	0.677512373	0.807594455	0.890925301	0.928395088	0.938627077	1.096648569	1.189273189	1.369855046	1.834693263																																									
0.020553809	0.106301254	0.334469852	0.436658536	0.567042999	0.670686775	0.728944766	0.832541191	0.888745201	0.95683283	0.966783827	1.02091255	1.028674692	1.131539753	1.18440077																																									
0.019404381	0.099154638	0.296793682	0.480851434	0.556113729	0.679854466	0.75633199	0.790664126	0.941667457	0.951345581	1.037965417	1.048269946	1.12329975	1.342755788	1.437632696																																									
0.018445775	0.078518394	0.21969688	0.403711595	0.528158633	0.604662444	0.702153905	0.801041298	0.874325835	0.913346699	1.014432733	1.063941692	1.098456119	1.192727785	1.321334873																																									
0.00931117	0.08132745	0.1558342	0.387039678	0.523768801	0.611856376	0.723321409	0.810867008	0.913816161	1.045099878	1.099972689	1.184279958	1.278660708	1.257421181	1.37496476																																									
0.012229249	0.095294788	0.276263047	0.426583503	0.547126417	0.670905729	0.776605112	0.845861936	0.925552805	1.077562059	1.125746932	1.109772242	1.328258139	1.300858126	1.423394411																																									
0.014094157	0.054279565	0.231658107	0.412917911	0.522407128	0.643165804	0.761574619	0.867029372	0.933656153	1.071437409	1.222403197	1.206357147	1.379088222	1.544133542	1.577139161																																									
0.010376478	0.113182122	0.222635277	0.4082844	0.55149422	0.674966512	0.839725809	0.914439442	0.960207546	1.173081022	1.170000781	1.44043692	1.448900287	1.546356885	1.784056899																																									
0.018466123	0.078232404	0.237236417	0.403798276	0.54567964	0.67811179	0.899066557	0.984025682	1.021466491	1.123927545	1.156660214	1.273699755	1.456743403	1.558997781	1.965935442																																									
0.014640918	0.112349416	0.228721679	0.428884416	0.550799306	0.645725827	0.801702321	1.003728381	1.104732076	1.152324809	1.24882148	1.305600096	1.431344327	1.463254397	1.670972108																																									
0.013375986	0.079705948	0.205217921	0.362366537	0.535047802	0.669025683	0.804568001	0.947900469	1.210717369	1.23939082	1.295574372	1.342952039	1.439540192	1.657589628	1.912877665																																									
0.017066309	0.06862558	0.22157517	0.421148261	0.495026265	0.623733683	0.833506234	0.978484293	1.092988045	1.225207596	1.296689048	1.343013442	1.467777357	1.608772049	1.73000381																																									
0.016262659	0.100495194	0.212158155	0.36676372	0.488732717	0.610421879	0.666840155	0.904586324	0.995795316	1.126489614	1.327292533	1.332228371	1.381895639	1.497115939	1.66412327																																									
0.019334679	0.092677248	0.286628643	0.387395982	0.517834535	0.60136942	0.727156746	0.814085803	1.048110339	1.081336524	1.328858258	1.584675126	1.366239164	1.579388458	1.773080294																																									
0.022516319	0.083460929	0.233538185	0.435491542	0.51237021	0.607423121	0.694972869	0.777440009	0.842064017	0.9221316	1.079006218	1.095924574	1.395347049	1.708336768	1.839207649																																									
0.021695848	0.098126926	0.200480523	0.397194679	0.529051813	0.598421909	0.691292103	0.742654071	0.823742524	0.830121511	0.959895188	0.856481913	1.33628956	1.506412152	1.701241515																																									
0.020371863	0.072853995	0.204295234	0.374872626	0.501167503	0.614399871	0.705922129	0.752182101	0.84317775	0.883202602	0.964953826	0.962643333	1.132837325	1.175289509	1.217741694																																									
0.01609044	0.089233404	0.234368774	0.434879868	0.546466531	0.63924742	0.711128703	0.791504622	0.843740791	0.925886463	0.898077108	0.978333947	0.948030235	1.4009369	1.853843564																																									
#std_ot_bts																																																							
1273.281229	1128.229727	739.2267437	1930.851273	826.3730571	1125.630941	1456.237948	1136.250077	1369.842305	827.3787603	802.1038459	863.1712933	972.7242685	1809.108057	458.018317	981.6488213	578.1486389	833.7953316	1006.046504	695.6240203	750.124331	1863.12202	498.7207319	697.376502	427.3259792	668.5135658	430.8984247	415.0758849	707.0270956	452.5935264	610.8009021	625.3017876	792.4168798	705.3779581	700	700	700	700																		
#oac_bts_data																																																							
0.103391616	0.199311855	0.222474516	0.326133673	0.111097242	0.014961473	0.00988011	0.004932827	0.003173548	0.001987676	0.001267772	0.000808581	0.000293705	0.00012966	0.000155746
0.215426086	0.030046203	0.081510703	0.166257187	0.354208349	0.109541844	0.019680658	0.009720091	0.00458715	0.00399016	0.00299008	0.00106382	0.000434349	0.000358389	0.00018493
0.05129023	0.030134573	0.05205156	0.148137419	0.18064593	0.417391577	0.083778831	0.019508274	0.009316378	0.003108335	0.002201358	0.000852913	0.000546737	0.000648319	0.000387568
0.30540236	0.035896026	0.132070588	0.053186687	0.19953445	0.139814731	0.10076259	0.020501108	0.005546911	0.004441899	0.001581553	0.000536393	0.000628936	5.37199E-05	4.20476E-05
0.239175271	0.048642419	0.043749338	0.152019006	0.088567713	0.144183787	0.122223294	0.113600399	0.03703202	0.005982763	0.002804058	0.001267216	0.000131588	0.000428148	0.000192981
0.039961756	0.057617316	0.080338293	0.059919632	0.360199114	0.101926656	0.09906254	0.039951425	0.130133808	0.020819041	0.006541115	0.002479137	0.000517649	0.000286485	0.000246032
0.087618391	0.034696218	0.092970285	0.18817641	0.081919366	0.257005569	0.074622822	0.057150361	0.032035881	0.078542535	0.007703784	0.004609155	0.000947007	0.001262964	0.000739251
0.068979007	0.022063957	0.036565866	0.125855973	0.287849021	0.059158325	0.22660703	0.034017039	0.043543324	0.015986441	0.052332897	0.009072819	0.007747753	0.00393936	0.006281188
0.161886709	0.019426936	0.007803265	0.050102292	0.101731732	0.329743008	0.064562265	0.158114619	0.015984386	0.030474017	0.004602548	0.044655861	0.003743582	0.002958873	0.004209905
0.324767204	0.065123599	0.024389136	0.009123432	0.050772535	0.049479695	0.161838712	0.059476098	0.128415452	0.032879596	0.046472821	0.009747831	0.0286895	0.0042846	0.004539787
0.240402179	0.039142624	0.201902364	0.037476907	0.044948935	0.073367915	0.063356377	0.088184606	0.039611115	0.074186182	0.026564685	0.034248898	0.014906365	0.011726377	0.009974469
0.261524602	0.029259746	0.071094039	0.304913414	0.06734189	0.052877343	0.027016307	0.035984145	0.0468894	0.028400773	0.02459469	0.017986642	0.014306527	0.007857743	0.009952738
0.145076004	0.051902036	0.041782477	0.139901801	0.387818203	0.069258756	0.017910015	0.015292091	0.017066125	0.030903757	0.018849425	0.026740932	0.010287063	0.010002382	0.017208934
0.132211275	0.012173841	0.030778185	0.131374641	0.17720283	0.274795298	0.113025885	0.029887249	0.018157659	0.012226772	0.022635341	0.009556113	0.017532607	0.007181451	0.011260853
0.26882445	0.054231303	0.023387226	0.048888994	0.126399993	0.174150657	0.161115605	0.052970556	0.012907792	0.014102967	0.009712403	0.018964316	0.006302349	0.011272667	0.016768722
0.247476153	0.037749812	0.01681682	0.021815884	0.278042114	0.141979582	0.085419063	0.101496674	0.016937225	0.008059475	0.006318028	0.007100065	0.012306765	0.003825462	0.014656876
0.117312632	0.079652536	0.046360564	0.033180355	0.067598779	0.385977707	0.106852699	0.067447633	0.054034216	0.013167131	0.005848763	0.002005968	0.004573741	0.004572008	0.011415269
0.123974934	0.092904654	0.090637773	0.101004385	0.058344546	0.101541711	0.250571391	0.071462996	0.036880211	0.034132421	0.012726462	0.005761305	0.002453921	0.003798024	0.013805266
0.096944717	0.030585018	0.045133887	0.15162239	0.154216766	0.079738982	0.065481773	0.206732079	0.081363235	0.042499139	0.018856054	0.012432072	0.004033862	0.001858833	0.008501193
0.221304621	0.094300825	0.053533899	0.054584611	0.13749989	0.139830819	0.058610089	0.029662889	0.085894928	0.061766895	0.024254862	0.019747779	0.007833927	0.002775322	0.008398641
0.105105793	0.038371094	0.081337245	0.118993019	0.12498594	0.158881284	0.081372085	0.03860936	0.053369535	0.10011305	0.050797874	0.024094312	0.014086163	0.004562652	0.005320593
0.041250197	0.01047888	0.068424373	0.116295862	0.141200555	0.125285846	0.158956011	0.085140316	0.036600199	0.047400782	0.094568355	0.042859125	0.017094672	0.007260921	0.007183906
0.061110674	0.032413473	0.023873198	0.19199758	0.189415678	0.146619997	0.082833928	0.089142307	0.044011622	0.027247453	0.027480143	0.051368038	0.022081925	0.005730168	0.004673816
0.043841537	0.013530281	0.022384499	0.108309676	0.317612175	0.209337761	0.106941586	0.04813584	0.036054602	0.026067522	0.00716974	0.015056257	0.024642358	0.00996287	0.010953294
0.164101794	0.012111687	0.018468407	0.067863658	0.176004313	0.216703586	0.135750955	0.064245911	0.037230631	0.031651379	0.015223019	0.009542234	0.013667542	0.018473261	0.018961624
0.277945845	0.006529063	0.01856741	0.053981404	0.152056912	0.175233359	0.123039274	0.087431682	0.035864769	0.016234942	0.014135535	0.012337794	0.005762851	0.007096626	0.013782534
0.106173747	0.020169445	0.022104357	0.038560386	0.107502213	0.222119806	0.174216399	0.119704653	0.075201639	0.028556246	0.024739699	0.018337081	0.008210456	0.004554722	0.029849151
0.205551727	0.047272925	0.096174095	0.112366677	0.067802912	0.094919606	0.125317325	0.094419268	0.068156436	0.032626975	0.020763653	0.007164798	0.007235791	0.003778647	0.016449165
0.071038044	0.015609083	0.033406644	0.396621264	0.187363678	0.058154938	0.04842416	0.049095495	0.048895515	0.033384633	0.028393618	0.010261555	0.006370064	0.003863318	0.009117992
0.224593619	0.018036257	0.037646722	0.056206193	0.290448953	0.14639658	0.042895018	0.024278248	0.037678835	0.036759441	0.03126826	0.024041687	0.010389282	0.004908879	0.014452023
0.159123944	0.023528289	0.047046308	0.401935833	0.093961275	0.136868497	0.044691972	0.017256298	0.012140132	0.016964139	0.013592383	0.011840437	0.010332426	0.00359797	0.007120097
0.143451593	0.011163919	0.023651195	0.098633753	0.478279888	0.108603369	0.065559851	0.022786621	0.007796949	0.007040292	0.009425009	0.007242407	0.006895178	0.003954657	0.005515318
0.132155791	0.027804809	0.014632933	0.022499514	0.109977279	0.39519305	0.199316336	0.043261549	0.024093283	0.008635488	0.00350575	0.004876336	0.004906741	0.002391887	0.006749253
0.080041073	0.050185484	0.139856689	0.037593745	0.080892535	0.156649875	0.312698419	0.095139714	0.024784633	0.011543924	0.001623022	0.001494683	0.002679292	0.001546531	0.003270382
0.057167646	0.028896271	0.049173576	0.266411915	0.117570507	0.086350641	0.129712941	0.198892688	0.040522277	0.015518491	0.005712262	0.001237082	0.001342378	0.000475372	0.001015953
0.065213086	0.024008154	0.036628339	0.186913943	0.251814473	0.114799567	0.0872603	0.081832196	0.104189016	0.029821546	0.011471322	0.003874276	0.00061538	0.000351919	0.001206484
0.158685721	0.047841023	0.020934347	0.041766786	0.282951601	0.191406181	0.072998373	0.054560185	0.060504952	0.046889999	0.017225392	0.002712738	0.000482944	9.00062E-05	0.000949752
0.165038773	0.045100953	0.030168808	0.035094417	0.102870455	0.377587532	0.152491906	0.036345938	0.026081082	0.015337896	0.008171924	0.003648989	0.001464196	0.000412765	0.000184366
#std_ot_ats	1476.3805	486.4067474	685.8553716	1333.950526	1853.381107	1786.9939	1173.349101	702.1557805	428.99	303.4980182	204.3063032	138.2602158	80.89265921	42.18346034	65.4335146	#	10696.60369	0	#std_ot_ats	 & 1,476	 & 486	 & 686	 & 1,334	 & 1,853	 & 1,787	 & 1,173	 & 702	 & 429	 & 303	 & 204	 & 138	 & 81	 & 42	 & 65	 & 10,697	\\																			
1756.207762	886.3598381	956.9932688	2135.987298	965.496704	1466.768941	1032.597546	469.3004144	666.3782347	1459.290413	1033.585396	2461.363655	1650.099771	3236.308222	3054.031044	1500																																								
#oac_ats_data																																																							
982.7611586	4093.592002	1215.690291	1833.134111	2262.106386	386.2678902	106.7317928	97.47818657	54.40252756	65.03580669	28.18229378	44.87201329	18.81994579	17.6317109	18.23336026																																									
1800.254055	566.6651289	552.1605677	2741.05969	914.9627576	633.5314923	585.0410499	141.6902635	38.61581297	28.17004469	22.42098893	39.47190175	13.93162698	24.8151922	11.36671099																																									
13250.61337	2878.576729	439.5912371	535.61608	2326.973348	546.0999907	313.0735193	290.5785486	75.13254314	27.84097254	30.8774387	35.15072189	38.9456788	18.73270433	26.40644085																																									
607.203652	1779.994957	3717.060555	1809.674942	651.8623359	397.5206722	1548.032454	526.2522179	180.0208387	141.6458991	48.2429485	20.49954722	10.26681262	7.795366795	4.756579636																																									
460.3664031	1322.030279	1230.054859	2588.027289	1011.827791	326.6153429	308.3642221	949.5520349	277.5851716	134.0981097	60.2585889	35.59960225	6.987367648	4.555128345	4.717246843																																									
722.9260512	4281.091373	3931.01177	1435.181467	838.7676422	771.8300408	389.2720491	148.9245491	183.8283077	336.9202665	169.379811	75.55148286	42.33630324	12.69171075	4.614496482																																									
83.05449742	313.4685281	1216.362518	3117.581508	1636.599735	567.5542723	291.0125385	281.4871868	120.5677654	69.69279765	58.68894894	77.01034778	37.43403148	12.54649572	9.336016612																																									
524.7109597	216.9959852	291.2456803	654.0968542	783.376093	658.556301	390.200249	144.8889546	74.79552565	58.55390357	32.82491838	21.71921312	16.49280539	19.79414096	16.17350608																																									
5775.294145	1040.587146	345.0975264	477.803433	793.6882062	729.4436646	406.8880778	240.7900814	97.68694176	39.26161661	37.24040015	18.81644455	9.172120396	9.578372056	12.23984432																																									
70.86987403	2914.781331	1046.982702	166.0364212	160.8390551	287.569994	234.9074311	136.0885497	101.8481235	31.99584062	30.13565907	19.00020739	10.87302568	5.622851894	9.325865938																																									
5196.547365	815.7423751	1732.582202	277.4113589	67.61555844	84.02481977	117.4079812	92.79876222	64.88464872	38.8689759	22.50540238	9.640397393	8.552315286	4.733030008	4.561522468																																									
2567.932041	6404.127558	983.555176	2294.894996	445.8751144	73.08294839	33.24644727	36.88729822	37.75284314	28.93219886	25.95608354	13.14394723	8.0262055	4.890586523	4.448811744																																									
177.3461428	1988.660134	1692.89158	2710.228205	279.6862537	366.6684028	113.1403549	35.68733298	24.894592	28.74222129	25.056611	17.89443123	16.16934997	5.075921786	4.609220427																																									
4750.826375	8655.126367	969.4612339	1161.049534	1118.694291	1769.616489	740.1196732	170.1462345	78.81003026	31.51996399	12.57992471	13.86996375	14.05970784	7.703570799	7.097002595																																									
353.0717039	1184.817308	4546.423859	4438.903581	1193.688911	486.8315302	557.0814533	649.7428759	130.1618336	61.48228366	29.06412475	10.85506605	7.924340273	4.696196116	5.135812686																																									
449.9560697	516.6093561	248.6421369	621.1817528	2267.541471	944.1034531	198.3784801	111.7534614	107.3072124	74.91088882	19.72410485	5.506480253	2.853834098	0	1.379630275																																									
#obs_ats_data																																																							
3640.106	2955.115	3590.695	4202.143	3613.94	4330.008	4016.18	1887.421	2288.07	1407.479	1323.06	2651.176	2298.941	4726.599	4828.889687	2499.401064																																								
#std_ob_ats_data																																																							
739.8428632	498.3868717	574.523558	999.4501036	500.1019139	580.4676123	642.6026224	318.3178481	445.2556315	464.9447517	503.4887976	687.8874884	417.5463739	949.0530011	438.5248204	477.3365073																																								
#wt_ats																																																							
0.028098302	0.088950365	0.233833851	0.387288624	0.562235162	0.63220144	0.704351579	0.848887748	0.969022356	1.138361652	1.23182106	1.445206662	1.403855796	1.356626056	1.822586605																																									
0.037773966	0.079180711	0.228031394	0.330858026	0.482485022	0.671084465	0.828614383	0.853917444	0.971967521	1.046543204	1.211815358	1.406491996	1.171310239	1.470779469	1.59589653																																									
0.033802091	0.134739627	0.257568156	0.384177333	0.479309027	0.611452193	0.785806012	0.979086727	1.045964863	1.145578791	1.239572454	1.715021861	2.033758674	1.672786046	1.423109296																																									
0.029428196	0.098627188	0.23558358	0.380245608	0.466445375	0.599929307	0.642847384	0.696932986	0.808573285	0.934792241	0.983716243	1.110090232	0.896256915	1.619041974	1.289666455																																									
0.031532787	0.113172734	0.240187623	0.392892849	0.543011597	0.639746947	0.712191862	0.745851368	0.782381229	0.901469147	1.094850025	0.92357505	1.072474776	1.892101509	1.416936706																																									
0.033327848	0.133008776	0.25604884	0.39670786	0.563822385	0.679883647	0.805020762	0.936518401	1.006467236	1.034434591	1.142940509	1.09697609	1.508178288	1.440500871	1.309022423																																									
0.023417064	0.115008316	0.276888956	0.459929374	0.569257426	0.692991123	0.76798241	0.857368045	0.913345976	0.987011448	1.022179787	1.104971366	1.048272624	1.070253326	1.349568682																																									
0.019380752	0.101459822	0.244144755	0.378145671	0.526992229	0.652066615	0.763603851	0.846668019	0.933519833	0.971437494	1.001150919	1.149534691	1.211687201	1.281049807	1.179917849																																									
0.018495649	0.087193364	0.279247415	0.437187833	0.582488803	0.686632399	0.788236316	0.870999726	0.970100191	1.102708516	1.105671451	1.236948448	1.235486845	1.749460306	1.230626606																																									
0.022553568	0.083533376	0.21397106	0.406607915	0.575800608	0.689063242	0.805223493	0.981970849	0.968320224	1.262557586	1.247212431	1.246648968	1.389705798	1.638032697	1.246968301																																									
0.020319991	0.10850146	0.241958619	0.416450696	0.646619245	0.785332663	0.950143453	1.030621575	1.064024628	1.328355453	1.326541881	1.547037133	1.556585854	1.536816208	1.743715961																																									
0.031689084	0.117343148	0.221257593	0.441148338	0.565233181	0.72191307	0.936799438	1.336564857	1.574484153	1.622437222	1.692529159	1.895356839	1.926997647	1.941451524	1.96177442																																									
0.027062065	0.095919642	0.196687891	0.375678579	0.532483569	0.689808725	0.838139801	0.928383216	1.269596435	1.267111449	1.328308063	1.387740759	1.461337291	1.764743441	1.757660864																																									
0.025225422	0.134561038	0.22362502	0.394297251	0.547275951	0.694533734	0.762828456	0.997097865	1.142014088	1.26636429	1.444106539	1.711001125	1.903016304	1.794556846	1.776686924																																									
0.033300215	0.109915022	0.265899823	0.480980012	0.538858085	0.63233835	0.696644128	0.785593495	0.846709044	0.960479213	1.166773547	1.369473936	1.623201894	1.684791209	1.738218																																									
0.029279013	0.113887513	0.251122675	0.40643369	0.512022355	0.595795685	0.678600156	0.721862861	0.81782518	0.874899121	0.977607696	1.044707584	1.15193339	1.389053393	1.626173395																																									
#bottom_temp																																																							
0.801569974	1.308777926	0.887433921	0.962802284	0.660695373	1.363870605	0.937346639	1.263771226	1.036109015	1.218350075	0.770514845	1.31695717	0.565789349	0.646254864	1.447577778	1.095249208	1.475999401	0.149055698	0.870974168	1.049198637	1.431904869	1.629112326	1.467596046	1.499882273	0.651583608	0.644704453	0.407246675	0.439671593	0.439671593	0.439671593	0.439671593	0.439671593	0.439671593	0.439671593	0.4	0.4	0.4	0.4	
#age_err																																																							
0.994244373	0.005755627	1.72E-14	0	0	0	0	0	0	0	0	0	0	0	0																																									
0.017589322	0.964821356	0.017589322	1.32E-10	0	0	0	0	0	0	0	0	0	0	0																																									
3.02E-08	0.035475485	0.929048969	0.035475485	3.02E-08	0	0	0	0	0	0	0	0	0	0																																									
1.38E-15	1.06E-06	0.057015091	0.885967691	0.057015091	1.06E-06	0	0	0	0	0	0	0	0	0																																									
4.00E-23	1.07E-12	1.25E-05	0.080011094	0.839952805	0.080011094	1.25E-05	1.07E-12	0	0	0	0	0	0	0																																									
2.60E-30	4.30E-19	1.28E-10	7.42E-05	0.102942042	0.793967468	0.102942042	7.42E-05	1.28E-10	0	0	0	0	0	0																																									
5.84E-37	2.15E-25	4.21E-16	4.50E-09	0.000281265	0.124855101	0.749727259	0.124855101	0.000281265	4.50E-09	0	0	0	0	0																																									
4.98E-43	2.22E-31	1.21E-21	8.05E-14	6.83E-08	0.000783758	0.145168358	0.708095632	0.145168358	0.000783758	6.83E-08	8.05E-14	0	0	0																																									
1.53E-48	5.72E-37	4.96E-27	1.01E-18	4.86E-12	5.73E-07	0.001756272	0.163535451	0.669415408	0.163535451	0.001756272	5.73E-07	4.86E-12	0	0																																									
1.53E-53	3.84E-42	3.73E-32	1.42E-23	2.12E-16	1.27E-10	3.13E-06	0.003356355	0.179774235	0.63373256	0.179774235	0.003356355	3.13E-06	1.27E-10	0																																									
4.45E-58	6.52E-47	5.64E-37	2.88E-28	8.78E-21	1.60E-14	1.78E-09	1.24E-05	0.00569276	0.193827561	0.60093454	0.193827561	0.00569276	1.24E-05	1.78E-09																																									
3.32E-62	2.65E-51	1.75E-41	9.64E-33	4.43E-25	1.71E-18	5.57E-13	1.56E-08	3.86E-05	0.008811112	0.205734376	0.570831873	0.205734376	0.008811112	3.86E-05																																									
5.73E-66	2.39E-55	1.10E-45	5.57E-37	3.13E-29	1.95E-22	1.36E-16	1.06E-11	9.50E-08	9.93E-05	0.012694831	0.215603453	0.543204737	0.215603453	0.012794178																																									
2.08E-69	4.47E-59	1.34E-49	5.65E-41	3.33E-33	2.76E-26	3.22E-20	5.34E-15	1.26E-10	4.33E-07	0.000220213	0.017275673	0.223589352	0.517828659	0.24108567																																									
1.46E-72	1.62E-62	3.07E-53	9.94E-45	5.52E-37	5.26E-30	8.63E-24	2.44E-18	1.20E-13	1.03E-09	1.57E-06	0.000433888	0.022448549	0.229871987	0.747244002																																									
#nlbins																																																							
25																																																							
#olc_fsh																																																							
361	304	393	635	898	478	544	709	986	1389	2023	2860	4044	5795	7792	10559	27013	28513	24232	18246	13057	8849	5842	3766	6205																															
#age_len																																																							
1	0	0	0	0	0	0	0	0	0	0	0	0	0	0	0	0	0	0	0	0	0	0	0	0																															
0.989820937	0.009491111	x	2.22E-05	3.44E-07	8.89E-09	6.42E-10	3.83E-11	1.89E-12	7.67E-14	2.55E-15	1.11E-16	0	0	0	0	0	0	0	0	0	0	0	0	0																															
0.180297825	0.234397846	0.270850945	0.195853424	0.074602984	0.024079201	0.011827654	0.005148318	0.001985807	0.000678747	0.000205576	5.52E-05	1.31E-05	2.76E-06	5.16E-07	9.45E-08	5.14E-09	6.64E-11	5.32E-13	2.66E-15	0	0	0	0	0																															
0.001663463	0.009128466	0.03772282	0.105054589	0.140131098	0.117867182	0.126504391	0.122736137	0.10764487	0.085342971	0.061163853	0.039625368	0.023206067	0.012285068	0.005878939	0.003161575	0.000799915	7.79E-05	5.10E-06	2.24E-07	6.61E-09	1.31E-10	1.73E-12	1.53E-14	0																															
2.23E-06	3.45E-05	0.000382199	0.002891191	0.009012314	0.014195398	0.025847783	0.042724941	0.064109694	0.087327567	0.107985505	0.121217889	0.123525185	0.114269917	0.095961197	0.101110882	0.064927079	0.019725952	0.004103568	0.000584149	5.69E-05	3.78E-06	1.72E-07	5.32E-09	1.14E-10																															
2.71E-08	5.22E-07	7.65E-06	8.20E-05	0.000356531	0.000735763	0.001724409	0.003734437	0.007472983	0.013818087	0.023609572	0.037274811	0.054378943	0.073305192	0.09131201	0.160683414	0.217651952	0.166756652	0.0937213	0.038633431	0.011677831	0.002587688	0.000420211	5.00E-05	4.65E-06																															
8.28E-10	1.75E-08	2.92E-07	3.73E-06	1.93E-05	4.59E-05	0.000123404	0.00030996	0.000727584	0.001596109	0.003272239	0.006269476	0.01122592	0.018785279	0.029377785	0.070216606	0.149284186	0.197599775	0.200435248	0.155803709	0.092806707	0.042358647	0.014811937	0.003967519	0.000958662																															
5.30E-11	1.16E-09	2.06E-08	2.88E-07	1.64E-06	4.24E-06	1.23E-05	3.38E-05	8.71E-05	0.00021172	0.000484551	0.001044384	0.00211994	0.004052571	0.007295945	0.021165228	0.060018578	0.112301599	0.165884729	0.193449022	0.178104165	0.129456795	0.074285304	0.033649677	0.016336399																															
1.11E-11	2.24E-10	3.81E-09	5.24E-08	2.99E-07	7.82E-07	2.32E-06	6.53E-06	1.74E-05	4.40E-05	0.000105536	0.000239979	0.000517459	0.001058055	0.002051498	0.006626105	0.022217206	0.051214138	0.09572002	0.145060566	0.178255928	0.177620793	0.143515469	0.094026717	0.081699131																															
1.41E-11	2.20E-10	3.03E-09	3.49E-08	1.76E-07	4.27E-07	1.20E-06	3.20E-06	8.19E-06	2.00E-05	4.67E-05	0.000104223	0.000222247	0.0004529	0.00088199	0.002899936	0.010186588	0.025417434	0.052999645	0.092356586	0.134501839	0.163705067	0.16652285	0.141567555	0.208101202																															
2.43E-11	3.02E-10	3.43E-09	3.33E-08	1.49E-07	3.34E-07	8.81E-07	2.23E-06	5.43E-06	1.27E-05	2.86E-05	6.18E-05	0.000128448	0.000256678	0.000493078	0.001607239	0.005672796	0.014542307	0.031884034	0.059789887	0.095897088	0.131556698	0.154367141	0.154929241	0.348763235																															
5.09E-11	5.12E-10	4.87E-09	4.03E-08	1.61E-07	3.35E-07	8.31E-07	1.99E-06	4.60E-06	1.03E-05	2.22E-05	4.63E-05	9.31E-05	0.000181057	0.000339934	0.001083139	0.003753385	0.009593984	0.021360052	0.041422901	0.069971294	0.102954544	0.131953561	0.147315726	0.469890563																															
1.18E-10	9.82E-10	7.95E-09	5.69E-08	2.04E-07	3.96E-07	9.28E-07	2.11E-06	4.64E-06	9.90E-06	2.05E-05	4.11E-05	7.98E-05	0.000150461	0.000274882	0.00085008	0.002856071	0.007155724	0.01584685	0.031020046	0.053673089	0.082089791	0.110979571	0.132623461	0.562320358																															
2.89E-10	2.01E-09	1.41E-08	8.85E-08	2.88E-07	5.22E-07	1.16E-06	2.50E-06	5.26E-06	1.07E-05	2.13E-05	4.11E-05	7.72E-05	0.000140924	0.000250107	0.000748308	0.002422054	0.005891576	0.012820811	0.024959709	0.043471722	0.067736108	0.094423906	0.117758886	0.629215673																															
2.36E-10	1.36E-09	8.28E-09	4.58E-08	1.36E-07	2.34E-07	4.97E-07	1.03E-06	2.09E-06	4.15E-06	8.02E-06	1.52E-05	2.80E-05	5.05E-05	8.89E-05	0.000265358	0.000866491	0.002164024	0.004921893	0.010194751	0.019230809	0.033036712	0.051686365	0.073643837	0.803790944																															
1234567																																																							
#test																																																							
#																																																							
#test																																																							
1234567																																																							
