# log_sd_coh:
-2.22933953930
# log_sd_yr:
-0.919968338456
#	Datafile	created	in	R																																	
#cur_yr																																					
2019																																					
#styr...good	idea	perhaps	to	have	this	started	well	before	data	to	get	cohort	effects	involved...no	fancy	indexing	to	get	1st-year																		
#	of	data	indexing	to	work																																
1970																																					
#endyr																																					
2021																																					
#N_data_sets																																					
2																																					
#N_yrs_data_sets																																					
28																																					
38																																					
#yrs_data																																					
#Fshry																																					
1991	1992	1993	1994	1995	1996	1997	1998	1999	2000	2001	2002	2003	2004	2005	2006	2007	2008	2009	2010	2011	2012	2013	2014	2015	2016	2017	2018										
#survey_1																																					
1982	1983	1984	1985	1986	1987	1988	1989	1990	1991	1992	1993	1994	1995	1996	1997	1998	1999	2000	2001	2002	2003	2004	2005	2006	2007	2008	2009	2010	2011	2012	2013	2014	2015	2016	2017	2018	2019
#Age_st																																					
3																																					
#Age_end																																					
15																																					
#fishery																																					
 0.285832 0.476346 0.604388 0.727579 0.838659 0.873304 1.013930 1.126931 1.129341 1.251039 1.239826 1.308096 1.249307
 0.393812 0.462009 0.647255 0.700670 0.811723 0.981875 1.030571 1.210317 1.226381 1.272176 1.198748 1.340370 1.430385
 0.497035 0.610142 0.649778 0.753522 0.903964 1.039495 1.211281 1.232033 1.391435 1.537917 1.610338 1.646285 1.583579
 0.405267 0.650682 0.728500 0.747233 0.707365 1.057313 1.394521 1.347498 1.346920 1.391182 1.394148 1.301021 1.341260
 0.377090 0.498155 0.735324 0.839973 0.856337 0.985669 1.220186 1.314826 1.387608 1.476946 1.389884 1.297470 1.340887
 0.322749 0.427343 0.678636 0.793676 0.948529 0.952643 1.020269 1.095994 1.361917 1.500010 1.520342 1.710210 1.598135
 0.315032 0.470676 0.558502 0.747384 0.892715 1.072206 1.090543 1.242880 1.345807 1.442923 1.667728 1.423397 1.383109
 0.368378 0.588589 0.627276 0.620644 0.775055 1.029246 1.168503 1.252668 1.326777 1.452130 1.413647 1.523244 1.537114
 0.404738 0.507374 0.642725 0.700532 0.727927 0.890783 1.036613 1.250071 1.248240 1.430607 0.990333 0.515992 1.235554
 0.352708 0.525784 0.629242 0.730682 0.782001 0.805833 0.965792 1.006532 1.242160 1.320811 1.100647 1.165230 1.466294
 0.326971 0.503463 0.669035 0.787666 0.957718 0.986620 1.063179 1.115446 1.313895 1.434993 1.562648 1.433340 1.466891
 0.386081 0.508992 0.666138 0.794989 0.909737 1.029500 1.103937 1.094827 1.288462 1.448075 1.596790 1.342784 1.682522
 0.489288 0.546559 0.648935 0.767046 0.862457 0.953267 1.081378 1.199793 1.200017 1.205539 1.361503 1.377198 1.699153
 0.409018 0.582702 0.640261 0.758458 0.888571 0.924112 1.035295 1.161821 1.109682 1.160296 1.333459 1.281030 1.213251
 0.346399 0.508256 0.641901 0.741043 0.881739 0.953784 1.062463 1.096298 1.224724 1.275601 1.251461 1.174224 1.372974
 0.305117 0.447420 0.605962 0.754580 0.852637 0.952072 1.064660 1.114468 1.219220 1.234043 1.282166 1.399359 1.461777
 0.346450 0.505952 0.641082 0.781213 0.961840 1.097946 1.181862 1.274938 1.304185 1.477015 1.500164 1.737603 1.520261
 0.329654 0.519574 0.652285 0.774044 0.902675 1.049082 1.118536 1.281794 1.420807 1.524058 1.552672 1.921194 1.659652
 0.339597 0.525923 0.704469 0.878852 1.001726 1.125400 1.398561 1.490058 1.563228 1.613667 1.814139 1.995744 2.229830
 0.382979 0.489483 0.664494 0.915163 1.118560 1.260902 1.371113 1.587420 1.658664 1.924047 1.922836 2.079276 2.316212
 0.290412 0.508684 0.665115 0.808472 0.975735 1.224704 1.346416 1.517690 1.584677 1.621010 2.176031 1.753797 2.286799
 0.270360 0.409639 0.642711 0.823720 0.974379 1.171664 1.306190 1.519215 1.614234 1.644076 1.716956 2.040180 2.086259
 0.288559 0.441976 0.564243 0.781992 1.131464 1.283959 1.425948 1.692009 1.833771 1.805813 1.960279 2.186580 2.206730
 0.316313 0.454642 0.616959 0.751002 0.893502 1.154157 1.309992 1.370275 1.691538 1.814665 1.733046 1.658096 2.235919
 0.403636 0.461435 0.570399 0.689508 0.786342 0.887828 1.146125 1.202794 1.355365 1.914208 1.450228 1.616939 2.626739
 0.407461 0.530971 0.557280 0.647740 0.731839 0.801068 0.943333 1.044153 1.206335 0.672174 1.074900 1.821859 1.566999
 0.403977 0.497754 0.651003 0.694249 0.750426 0.826896 0.893324 0.911451 1.018390 1.084501 0.376628 0.677748 0.751003
 0.379986 0.465683 0.572633 0.734135 0.809603 0.854619 0.904220 1.045285 0.982766 1.199784 0.517210 0.375221 1.235043
 0.166588 0.349234 0.428703 0.666356 1.023240 1.124451 1.202459 1.378245 1.588251 1.625694 1.880959 1.801684 2.667621
 0.166588 0.349234 0.428703 0.666356 1.023240 1.124451 1.202459 1.378245 1.588251 1.625694 1.880959 1.801684 2.667621
 0.239721 0.360157 0.493054 0.577692 0.727399 1.074181 1.125759 1.020284 1.120949 1.130093 1.557801 1.114662 1.936217
 0.239721 0.360157 0.493054 0.577692 0.727399 1.074181 1.125759 1.020284 1.120949 1.130093 1.557801 1.114662 1.936217
 0.263554 0.359032 0.482753 0.616942 0.757494 1.017904 1.220208 1.406610 1.527583 1.688725 1.345477 1.467699 2.078644
 0.263554 0.359032 0.482753 0.616942 0.757494 1.017904 1.220208 1.406610 1.527583 1.688725 1.345477 1.467699 2.078644
 0.264481 0.410232 0.514155 0.648643 0.783920 0.926290 1.428379 1.132410 1.297617 1.727040 1.628685 1.613653 2.569686
 0.264481 0.410232 0.514155 0.648643 0.783920 0.926290 1.428379 1.132410 1.297617 1.727040 1.628685 1.613653 2.569686
 0.183158 0.356448 0.461884 0.638267 0.717939 0.850619 1.012058 1.291223 1.322380 1.148566 2.294979 2.165102 2.422332
 0.183158 0.356448 0.461884 0.638267 0.717939 0.850619 1.012058 1.291223 1.322380 1.148566 2.294979 2.165102 2.422332
 0.262378 0.353545 0.431885 0.525044 0.705145 0.795478 0.895932 1.004916 1.197987 1.399926 1.740252 2.020298 2.274978
 0.262378 0.353545 0.431885 0.525044 0.705145 0.795478 0.895932 1.004916 1.197987 1.399926 1.740252 2.020298 2.274978
 0.296062 0.355413 0.457302 0.520530 0.600787 0.754438 0.851295 1.001504 1.203202 1.216361 1.712188 0.951986 1.801977
 0.296062 0.355413 0.457302 0.520530 0.600787 0.754438 0.851295 1.001504 1.203202 1.216361 1.712188 0.951986 1.801977
 0.167785 0.384749 0.454825 0.528822 0.628901 0.673024 0.926730 0.923979 1.045763 1.078273 1.124132 1.186542 1.283563
 0.167785 0.384749 0.454825 0.528822 0.628901 0.673024 0.926730 0.923979 1.045763 1.078273 1.124132 1.186542 1.283563
 0.153418 0.377927 0.504555 0.572293 0.612191 0.722656 0.794419 1.049269 1.079251 1.137159 1.080767 1.287007 1.385934
 0.153418 0.377927 0.504555 0.572293 0.612191 0.722656 0.794419 1.049269 1.079251 1.137159 1.080767 1.287007 1.385934
 0.157017 0.353882 0.485755 0.578711 0.694706 0.740103 0.873098 0.911189 1.092509 1.201228 1.266383 1.425234 1.924212
 0.157017 0.353882 0.485755 0.578711 0.694706 0.740103 0.873098 0.911189 1.092509 1.201228 1.266383 1.425234 1.924212
 0.285177 0.370758 0.512314 0.625234 0.780351 0.840881 0.899688 0.990403 1.106523 1.259961 1.392621 1.349951 1.391009
 0.285177 0.370758 0.512314 0.625234 0.780351 0.840881 0.899688 0.990403 1.106523 1.259961 1.392621 1.349951 1.391009
 0.314354 0.455645 0.502640 0.552809 0.663080 0.795916 0.976966 1.028586 1.153480 1.256652 1.392490 1.549576 1.698802
 0.314354 0.455645 0.502640 0.552809 0.663080 0.795916 0.976966 1.028586 1.153480 1.256652 1.392490 1.549576 1.698802
 0.222762 0.473769 0.572749 0.635286 0.716177 0.975984 1.171593 1.128473 1.200158 1.331066 1.432577 1.520978 1.697523
 0.222762 0.473769 0.572749 0.635286 0.716177 0.975984 1.171593 1.128473 1.200158 1.331066 1.432577 1.520978 1.697523
 0.145008 0.379567 0.486128 0.627699 0.653998 0.800627 0.938769 1.172408 1.136099 1.307531 1.353196 1.434052 1.683285
 0.145008 0.379567 0.486128 0.627699 0.653998 0.800627 0.938769 1.172408 1.136099 1.307531 1.353196 1.434052 1.683285
 0.142140 0.339943 0.506108 0.597196 0.733348 0.814910 0.972118 1.058713 1.298706 1.392877 1.437441 1.548371 1.658696
 0.142140 0.339943 0.506108 0.597196 0.733348 0.814910 0.972118 1.058713 1.298706 1.392877 1.437441 1.548371 1.658696
 0.180908 0.363286 0.438733 0.590938 0.707133 0.805639 0.974365 1.023133 1.162778 1.311375 1.289257 1.473562 1.597533
 0.180908 0.363286 0.438733 0.590938 0.707133 0.805639 0.974365 1.023133 1.162778 1.311375 1.289257 1.473562 1.597533
 0.173313 0.333614 0.474170 0.522844 0.697636 0.836978 0.924666 0.997310 1.081261 1.358968 1.356836 1.749653 1.804331
 0.173313 0.333614 0.474170 0.522844 0.697636 0.836978 0.924666 0.997310 1.081261 1.358968 1.356836 1.749653 1.804331
 0.210105 0.355962 0.422163 0.560134 0.634703 0.776208 0.984983 1.014400 1.115893 1.202198 1.624247 1.757321 1.924403
 0.210105 0.355962 0.422163 0.560134 0.634703 0.776208 0.984983 1.014400 1.115893 1.202198 1.624247 1.757321 1.924403
 0.227728 0.375816 0.455800 0.529620 0.649501 0.709267 0.781638 0.955889 1.159852 1.211884 1.342468 1.500345 1.867669
 0.227728 0.375816 0.455800 0.529620 0.649501 0.709267 0.781638 0.955889 1.159852 1.211884 1.342468 1.500345 1.867669
yr
1970 
1971 
1972 
1973 
1974 
1975 
1976 
1977 
1978 
1979 
1980 
1981 
1982 
1983 
1984 
1985 
1986 
1987 
1988 
1989 
1990 
1991 
1992 
1993 
1994 
1995 
1996 
1997 
1998 
1999 
2000 
2001 
2002 
2003 
2004 
2005 
2006 
2007 
2008 
2009 
2010 
2011 
2012 
2013 
2014 
2015 
2016 
2017 
2018 
2019 
2020 
2021 
wt_pre
 0.281513 0.365608 0.461408 0.565976 0.678173 0.796853 0.920894 1.049217 1.180807 1.314718 1.450081 1.586106 1.722082
 0.281484 0.374886 0.469695 0.575022 0.687879 0.807120 0.931624 1.060318 1.192191 1.326303 1.461791 1.597873 1.733844
 0.281321 0.375185 0.479338 0.583708 0.697353 0.817279 0.942364 1.071538 1.203794 1.338197 1.473892 1.610102 1.746131
 0.281025 0.375133 0.479760 0.593486 0.706184 0.826906 0.952683 1.082443 1.215183 1.349973 1.485961 1.622378 1.758534
 0.280868 0.374490 0.479321 0.593486 0.715509 0.835258 0.961809 1.092244 1.225558 1.360822 1.497190 1.633898 1.770262
 0.280407 0.373699 0.477972 0.592276 0.714681 0.843707 0.969246 1.100424 1.234388 1.370208 1.507041 1.644124 1.780779
 0.279890 0.371874 0.475660 0.589266 0.711690 0.840995 0.975726 1.105823 1.240478 1.376912 1.514278 1.651815 1.788845
 0.279531 0.369210 0.471443 0.584343 0.705879 0.835041 0.969917 1.109100 1.242592 1.379659 1.517602 1.655656 1.793141
 0.279262 0.366219 0.465845 0.576923 0.697519 0.825594 0.960163 1.099359 1.241837 1.377671 1.516202 1.654813 1.792817
 0.278615 0.363039 0.459609 0.567783 0.686298 0.813214 0.946515 1.085258 1.227639 1.372380 1.509629 1.648805 1.787368
 0.297617 0.358915 0.452553 0.557316 0.672619 0.797192 0.929116 1.066419 1.208215 1.352765 1.498862 1.636729 1.775859
 0.301558 0.396500 0.469144 0.572871 0.686413 0.809175 0.939916 1.076768 1.217829 1.362296 1.508516 1.655375 1.793185
 0.275908 0.567491 0.692946 0.792724 0.920060 1.053663 1.193011 1.337005 1.483966 1.632210 1.781169 1.929437 2.076143
 0.266325 0.633491 0.966102 1.128044 1.259567 1.413878 1.569783 1.726953 1.884539 2.041157 2.195442 2.347155 2.495219
 0.273262 0.396699 0.778824 1.124738 1.298254 1.439612 1.602054 1.764457 1.926583 2.087690 2.246511 2.401799 2.553438
 0.279098 0.405228 0.543806 0.939397 1.297027 1.480497 1.630086 1.799105 1.966524 2.132214 2.295551 2.455388 2.610601
 0.261371 0.441726 0.586516 0.741688 1.151716 1.521614 1.715227 1.872921 2.048122 2.219934 2.388371 2.552960 2.712704
 0.281255 0.357964 0.549402 0.704048 0.867795 1.285109 1.661032 1.859459 2.020825 2.198635 2.372078 2.541259 2.705793
 0.289199 0.378172 0.466001 0.667328 0.830578 1.001636 1.424995 1.805748 2.007860 2.171843 2.351290 2.525479 2.694605
 0.276797 0.398219 0.499700 0.598653 0.809659 0.981132 1.158990 1.587782 1.972679 2.177735 2.343560 2.523846 2.697974
 0.269054 0.373260 0.505750 0.617074 0.724591 0.942873 1.120363 1.303029 1.735488 2.122990 2.329675 2.496243 2.676474
 0.292362 0.348032 0.461300 0.601848 0.720183 0.833658 1.056866 1.238292 1.423959 1.858552 2.247388 2.454682 2.621204
 0.276884 0.380067 0.445800 0.568017 0.716351 0.841302 0.960247 1.187826 1.372586 1.560623 1.996696 2.386208 2.593452
 0.307611 0.390035 0.506200 0.583478 0.715740 0.872610 1.004619 1.129203 1.361083 1.548899 1.738847 2.175792 2.565239
 0.296422 0.363571 0.452415 0.574290 0.656536 0.793020 0.953380 1.088177 1.214889 1.448280 1.637041 1.827420 2.264333
 0.300790 0.382201 0.459192 0.556789 0.686279 0.774996 0.916830 1.081465 1.219523 1.348551 1.583392 1.772813 1.963143
 0.299701 0.365421 0.454247 0.537832 0.641167 0.775533 0.868281 1.013335 1.180427 1.320231 1.450351 1.685689 1.875074
 0.298058 0.384306 0.459733 0.557192 0.648288 0.758005 0.897648 0.994612 1.142883 1.312260 1.453493 1.584264 1.819554
 0.301326 0.389197 0.485903 0.570629 0.676179 0.774151 0.889552 1.033737 1.134166 1.284898 1.455814 1.597749 1.728469
 0.287122 0.382392 0.479564 0.584541 0.676464 0.788129 0.891157 1.010598 1.157865 1.260483 1.412584 1.584125 1.726014
 0.264692 0.383584 0.489921 0.596935 0.710476 0.809676 0.927358 1.035193 1.158301 1.308172 1.412420 1.565264 1.736750
 0.260291 0.350992 0.479786 0.594929 0.709605 0.829655 0.934238 1.056221 1.167336 1.292775 1.444104 1.549017 1.701812
 0.297916 0.393498 0.499483 0.641869 0.768837 0.893562 1.021921 1.133142 1.260188 1.374901 1.502590 1.654946 1.759782
 0.310438 0.405428 0.513346 0.630302 0.782232 0.917311 1.048741 1.182458 1.297766 1.427716 1.544245 1.672763 1.825056
 0.323435 0.394348 0.498966 0.615446 0.739851 0.898110 1.038423 1.174035 1.310942 1.428516 1.559883 1.677059 1.805528
 0.330382 0.425404 0.508017 0.623039 0.748572 0.880669 1.045288 1.190683 1.330171 1.469832 1.589128 1.721281 1.838398
 0.365171 0.468325 0.579174 0.675862 0.803131 0.939069 1.079770 1.251264 1.401902 1.545116 1.687107 1.807466 1.939540
 0.323899 0.454202 0.567571 0.687504 0.792096 0.926081 1.067572 1.212710 1.387589 1.540631 1.685349 1.828026 1.948334
 0.263253 0.370813 0.506498 0.624654 0.748752 0.856883 0.993794 1.137623 1.284544 1.460690 1.614525 1.759604 1.902254
 0.260192 0.361114 0.479902 0.625573 0.752417 0.883897 0.998132 1.139920 1.287469 1.437033 1.614832 1.769420 1.914444
 0.235495 0.367848 0.481122 0.610895 0.766123 0.901088 1.039283 1.158883 1.304763 1.455220 1.606603 1.785230 1.939757
 0.258532 0.346945 0.492086 0.616732 0.756399 0.920035 1.061951 1.205701 1.329537 1.478427 1.630767 1.783008 1.961572
 0.228327 0.345340 0.443714 0.597712 0.730064 0.876280 1.045330 1.191573 1.338622 1.464803 1.615159 1.768167 1.920359
 0.267328 0.358030 0.489925 0.601533 0.767046 0.909182 1.063488 1.239001 1.390175 1.540727 1.669099 1.820454 1.973388
 0.262635 0.358859 0.460063 0.601297 0.721031 0.893448 1.041294 1.200161 1.379154 1.532799 1.684898 1.813975 1.965278
 0.259730 0.345217 0.450915 0.560545 0.709111 0.835074 1.012642 1.164604 1.326610 1.507833 1.662874 1.815608 1.944638
 0.267781 0.352149 0.448240 0.563369 0.681204 0.836742 0.968469 1.150643 1.306118 1.470620 1.653405 1.809157 1.961838
 0.288738 0.359107 0.453954 0.559363 0.682599 0.807323 0.968557 1.104836 1.290482 1.448423 1.614468 1.797956 1.953655
 0.291495 0.368818 0.448375 0.551393 0.663912 0.793189 0.922908 1.088132 1.227456 1.415264 1.574558 1.741219 1.924661
 0.281810 0.370878 0.457308 0.544965 0.655031 0.773538 0.907766 1.041441 1.209683 1.351150 1.540300 1.700205 1.866821
 0.281293 0.374852 0.474595 0.570519 0.666436 0.783520 0.907830 1.046696 1.183907 1.354662 1.497701 1.687567 1.847419
 0.281293 0.374335 0.478569 0.587806 0.691990 0.794926 0.917813 1.046760 1.189162 1.328886 1.501213 1.644969 1.834781
residuals_1
 -0.006530 0.128314 0.143089 0.125731 0.118476 0.039646 -0.042936 -0.111361 -0.294618 -0.607513 -1.007562 -1.146585 -1.371897
 0.116927 0.081942 0.201456 0.132653 0.095372 0.140573 0.070323 0.022490 -0.146205 -0.288446 -0.797949 -1.045838 -1.163066
 0.189425 0.220107 0.143578 0.170044 0.188224 0.166886 0.206663 0.102830 0.030352 -0.010982 -0.128508 -0.529507 -0.981660
 0.108844 0.287112 0.276085 0.172943 0.050828 0.264294 0.441141 0.259321 0.132031 -0.057098 -0.242894 -0.526399 -0.923073
 0.076300 0.115954 0.276133 0.283185 0.170058 0.210673 0.303356 0.233361 0.168085 0.128394 -0.193507 -0.475343 -0.622256
 0.023047 0.061922 0.224389 0.255843 0.307362 0.177110 0.151988 0.082659 0.181490 0.179779 0.069991 0.024521 -0.276938
 0.016974 0.086370 0.098769 0.190191 0.244427 0.314201 0.192895 0.248268 0.202925 0.130663 0.214235 -0.160867 -0.436445
 0.067051 0.199392 0.141373 0.050015 0.098876 0.255096 0.278951 0.218931 0.192612 0.167232 -0.042168 -0.074505 -0.191355
 0.117615 0.124982 0.163162 0.115991 0.051463 0.102653 0.145456 0.239472 0.090376 0.170124 -0.422251 -1.068133 -0.490460
 0.088016 0.142201 0.139322 0.133747 0.071525 -0.003843 0.038434 -0.028661 0.083859 0.012639 -0.311773 -0.400035 -0.270456
 0.066680 0.152470 0.189249 0.192737 0.248114 0.156964 0.128942 0.059226 0.146559 0.142218 0.118544 -0.115676 -0.234920
 0.088166 0.115494 0.166655 0.153120 0.140900 0.135938 0.082016 -0.038315 0.028274 0.073174 0.094200 -0.312162 -0.077260
 0.178850 0.141131 0.135588 0.136743 0.080226 0.035957 0.032637 0.017334 -0.097749 -0.222177 -0.182743 -0.295565 -0.125903
 0.085583 0.188354 0.141295 0.143012 0.148720 0.026001 -0.003128 -0.012214 -0.201260 -0.268220 -0.226424 -0.396029 -0.592277
 0.016016 0.082852 0.133884 0.118004 0.133168 0.073115 0.017175 -0.094384 -0.105447 -0.194231 -0.337668 -0.547057 -0.465424
 -0.060054 -0.020906 0.026788 0.078717 0.049506 0.013002 -0.015110 -0.136796 -0.182682 -0.311072 -0.404941 -0.408107 -0.477763
 0.022551 0.051751 0.073511 0.093709 0.169744 0.171865 0.114289 0.062228 -0.083404 -0.063616 -0.185185 -0.090422 -0.428072
 0.066401 0.148762 0.145787 0.149390 0.153923 0.192199 0.124742 0.144171 0.136263 0.063368 -0.061853 0.161591 -0.242601
 0.079405 0.164809 0.224567 0.253279 0.249309 0.241503 0.400429 0.350138 0.275759 0.176634 0.199307 0.226324 0.315386
 0.147484 0.121635 0.183372 0.304268 0.352438 0.359814 0.331830 0.428537 0.353901 0.468828 0.316233 0.294046 0.376455
 0.031879 0.161739 0.173029 0.191740 0.219336 0.304669 0.284465 0.311989 0.255140 0.142582 0.545264 -0.029211 0.325227
 0.042033 0.064299 0.198998 0.226008 0.244315 0.295384 0.260860 0.327642 0.275612 0.179274 0.101797 0.272013 0.165900
 0.021231 0.083946 0.074319 0.180459 0.364418 0.374777 0.362460 0.453008 0.443596 0.265086 0.291181 0.366126 0.233342
 0.053678 0.095783 0.156896 0.149705 0.172471 0.260709 0.268698 0.170114 0.312384 0.281866 0.048148 -0.155879 0.270641
 0.143906 0.116219 0.119484 0.128963 0.077231 0.052754 0.133483 0.038190 0.028754 0.406375 -0.212645 -0.198669 0.682101
 0.139680 0.178822 0.109040 0.084371 0.050635 -0.035674 -0.025136 -0.106491 -0.099783 -0.798446 -0.578505 0.012702 -0.394839
 0.115239 0.138647 0.197049 0.134886 0.067827 0.019573 -0.075233 -0.193385 -0.272091 -0.363922 -1.237840 -1.120207 -1.202652
 0.088490 0.096865 0.124258 0.182742 0.145691 0.061430 -0.018687 -0.042847 -0.244689 -0.215480 -1.057348 -1.365999 -0.689619
residuals_2
 -0.053426 -0.216147 -0.265047 -0.099751 0.157073 0.152215 0.097561 0.179262 0.260472 0.176217 0.312832 0.203996 0.870078
 -0.045785 -0.281902 -0.538520 -0.423811 -0.162548 -0.180163 -0.251383 -0.170430 -0.097941 -0.186947 -0.051891 -0.141899 0.507239
 0.021817 -0.035067 -0.286673 -0.509281 -0.494809 -0.254178 -0.357971 -0.562024 -0.602861 -0.723871 -0.420010 -0.874171 -0.274572
 0.017163 -0.043565 -0.051383 -0.330162 -0.493654 -0.291903 -0.383932 -0.593095 -0.638599 -0.763411 -0.463184 -0.918545 -0.324065
 0.055131 -0.081053 -0.104443 -0.099842 -0.326760 -0.386120 -0.368337 -0.272965 -0.304975 -0.282679 -0.757226 -0.646303 -0.270039
 0.039276 0.002398 -0.067287 -0.063465 -0.059470 -0.167893 -0.318144 -0.260893 -0.280550 -0.263764 -0.742882 -0.636614 -0.264055
 0.033869 0.033465 0.047614 0.003721 0.001993 0.002060 0.108631 -0.486926 -0.498915 -0.201656 -0.441372 -0.477594 0.236673
 0.043758 0.013493 0.013876 0.070091 0.021687 0.020980 0.354989 -0.291462 -0.467437 -0.206889 -0.434567 -0.476241 0.233756
 -0.031391 -0.015425 -0.044453 0.041913 0.035791 -0.019389 -0.025557 0.122709 -0.230448 -0.736746 0.243951 0.098065 0.105017
 -0.049977 0.009710 0.000049 0.056628 0.039941 0.081386 0.033250 0.180763 0.048292 -0.501913 0.316396 0.132480 0.152870
 0.041585 -0.025109 -0.014432 -0.023900 0.030755 0.019191 0.006606 -0.060289 -0.030134 0.014021 -0.017624 0.044377 0.029545
 0.017083 -0.035040 -0.074902 -0.038842 0.031330 -0.009697 -0.034488 -0.007717 -0.019842 0.024432 0.209385 0.218614 0.053972
 0.059690 -0.006806 0.004362 -0.034477 -0.017293 0.022702 -0.031670 0.025662 0.116180 -0.069779 0.270950 -0.561226 -0.158503
 0.056206 -0.025368 -0.002422 -0.017564 -0.045294 0.039333 0.002181 0.031681 0.112034 0.018785 0.318183 -0.516008 0.102270
 -0.071202 0.020687 0.000051 0.009048 0.025290 -0.042576 0.122579 0.015253 -0.010424 -0.094152 -0.152745 -0.209309 -0.339892
 -0.069892 0.001872 -0.005441 -0.009661 0.018586 -0.026403 0.095381 0.032043 0.023169 -0.087073 -0.155511 -0.125323 -0.291823
 -0.086865 -0.009824 0.018089 0.020824 -0.024381 0.008331 -0.029433 0.122247 0.064457 -0.003890 -0.200921 -0.036024 -0.110590
 -0.075538 -0.003044 0.024435 0.007379 -0.024649 -0.004567 -0.030919 0.142997 0.043252 0.017792 -0.162862 -0.024742 -0.108464
 -0.054054 -0.028276 -0.004734 0.001819 0.025846 -0.007001 0.014233 -0.017138 0.056119 0.039511 0.022899 0.129103 0.420518
 -0.050544 0.004194 0.005413 0.003759 0.026666 -0.025437 0.007861 -0.035996 0.048035 0.053184 -0.004996 0.142557 0.450768
 0.047613 -0.021277 0.012251 0.004917 0.056549 0.016374 -0.046756 -0.025762 -0.021030 0.038986 0.069752 -0.020442 -0.132625
 0.037628 -0.033163 -0.001628 0.016095 0.043939 -0.005540 -0.071596 -0.069988 -0.054653 -0.007916 0.033080 -0.035195 -0.189141
 0.056441 0.062763 0.003096 -0.041972 -0.033434 -0.032789 0.015239 -0.024251 -0.019486 -0.011936 0.019181 0.160872 0.135560
 0.050901 0.031823 -0.005965 -0.049310 -0.041644 -0.016695 0.008881 -0.039180 -0.036691 -0.048626 -0.006566 0.124253 0.107101
 -0.068432 0.007185 -0.007097 -0.017882 -0.039910 0.109486 0.171572 0.006380 -0.054194 -0.041068 -0.052739 0.024289 0.018252
 -0.035521 0.021256 0.004520 -0.029134 -0.029522 0.121470 0.182869 0.040954 -0.041387 -0.037085 -0.051191 0.007265 0.010639
 -0.064914 0.010133 -0.020957 0.024019 -0.050896 0.009963 0.018374 0.152225 -0.013247 0.010371 -0.068218 -0.023004 0.036297
 -0.062474 0.019796 0.005669 0.023131 -0.054346 -0.014964 0.014357 0.150165 -0.015864 0.031380 -0.068489 -0.031133 0.025743
 -0.045648 -0.026538 0.024429 0.006814 0.012102 -0.016542 0.009594 0.019465 0.131270 0.100575 0.023000 0.070095 -0.020763
 -0.064019 -0.005713 0.013452 0.001172 0.021255 -0.034024 -0.011400 -0.022520 0.109103 0.079966 0.001726 0.071935 -0.039650
 -0.001164 0.019230 -0.005496 0.013296 0.019833 -0.002922 0.006241 -0.045431 -0.034953 0.010562 -0.132717 0.009414 -0.065130
 -0.032264 0.006588 -0.051760 0.009603 -0.014982 -0.033281 -0.010576 -0.087964 -0.081080 -0.056862 -0.180205 -0.033882 -0.111044
 -0.036118 -0.023911 0.013574 -0.058263 0.018840 0.012575 -0.039720 -0.078956 -0.152737 -0.002228 -0.126535 0.247574 0.102776
 -0.033801 -0.010319 0.022732 -0.018880 0.030062 0.066438 -0.013185 -0.047069 -0.105723 0.019943 -0.107145 0.246222 0.120646
 -0.003429 0.005121 -0.026598 0.015681 -0.006599 0.004129 0.088043 -0.017460 -0.052756 -0.103780 0.168603 0.259232 0.225827
 -0.020140 -0.001810 -0.032317 0.019553 -0.007913 0.031274 0.087962 0.023618 -0.038766 -0.084068 0.202882 0.268507 0.232911
 -0.004716 0.008369 0.006905 -0.003259 0.024478 -0.022625 -0.073105 -0.019913 0.061586 -0.044935 -0.043760 0.058512 0.201280
 0.003007 0.006317 -0.002039 0.002953 0.032839 -0.004492 -0.059082 0.021958 0.077488 0.012001 -0.013600 0.092475 0.251359
sigma_yr
0.398532
yr_eff
 0.000000 0.008917 0.017720 0.020673 0.011387 -0.005691 -0.042850 -0.102414 -0.177480 -0.263190 -0.369545 0.152786 2.635159 3.378199 0.846506 0.876957 1.401185 0.093984 0.102397 0.397648 0.090619 -0.411227 -0.148222 0.490972 -1.275726 -0.203932 -0.914272 -0.238517 -0.051832 -0.345756 0.090566 -0.188736 0.900445 0.362733 -0.259213 0.229895 0.988109 -0.110575 -1.718169 0.126720 0.366066 0.452999 -0.174015 0.833554 -0.041084 -0.299267 -0.016829 -0.046718 -0.376433 -0.398395 0.000000 0.000000
sigma_coh
0.107599
cohort
1968 1969 1970 1971 1972 1973 1974 1975 1976 1977 1978 1979 1980 1981 1982 1983 1984 1985 1986 1987 1988 1989 1990 1991 1992 1993 1994 1995 1996 1997 1998 1999 2000 2001 2002 2003 2004 2005 2006 2007 2008 2009 2010 2011 2012 2013 2014 2015 2016 2017 2018 
coh_eff
0.000781 0.000676 0.000098 -0.000954 -0.001514 -0.003154 -0.005002 -0.006284 -0.007247 -0.009568 0.056410 0.069565 -0.019332 -0.054681 -0.028966 -0.007834 -0.073456 -0.000137 0.027718 -0.016114 -0.044485 0.038595 -0.015798 0.089437 0.052386 0.067015 0.063388 0.057889 0.068796 0.020510 -0.060830 -0.077598 0.057412 0.098586 0.139599 0.160852 0.260967 0.141034 -0.066284 -0.077978 -0.177710 -0.084378 -0.208620 -0.050922 -0.068631 -0.079757 -0.049229 0.026120 0.035626 0.001836 0.000000 0.000000 
ages
 3.000000 4.000000 5.000000 6.000000 7.000000 8.000000 9.000000 10.000000 11.000000 12.000000 13.000000 14.000000 15.000000
mnwt
 0.279670 0.365608 0.461408 0.565976 0.678173 0.796853 0.920894 1.049217 1.180807 1.314718 1.450081 1.586106 1.722082
K
0.944010
L1
25.583596
L2
46.891883
