log-posterior
-6862.1
-6910.82
-7030.68
-7155.76
-7220.17
-7229.49
-7263.74
-7291.39
-7324.2
-7349.23
-7346.68
-7374.84
-7369.56
-7390.26
-7377.12
-7394.18
-7406.53
-7434.28
-7461.7
-7451.24
-7447.96
-7461.75
-7474.66
-7462.71
-7428.1
-7412.66
-7433.66
-7437.46
-7441.71
-7425.94
-7429.63
-7429.83
-7416.24
-7397.24
-7431.17
-7461.14
-7473.37
-7455.52
-7448.82
-7449.69
-7445.38
-7445.21
-7448.58
-7454.42
-7474.99
-7495.28
-7510.71
-7480.28
-7453.73
-7439.7
-7419.18
-7415.04
-7414.44
-7411.1
-7419.52
-7420.02
-7411.49
-7414.74
-7405.61
-7408.04
-7400.5
-7426.3
-7413.84
-7405.81
-7372.93
-7360.47
-7371.65
-7371.56
-7391.38
-7384.4
-7405.19
-7387.11
-7378.26
-7384.78
-7373.94
-7396.19
-7388.55
-7401.26
-7410.76
-7430.77
-7394.83
-7413.28
-7400.2
-7402.49
-7391.94
-7388.97
-7403.65
-7426.11
-7418.68
-7396.71
-7392.67
-7397.17
-7393.36
-7392.31
-7364.38
-7386.73
-7398.13
-7382.9
-7387.35
-7416.39
-7401.49
-7432.31
-7408.27
-7382.05
-7387.93
-7401.79
-7407.16
-7430.53
-7435.74
-7443.67
-7444.53
-7448.56
-7453.36
-7441.84
-7431.16
-7430.87
-7451.08
-7471.45
-7450.17
-7433.94
-7423.5
-7429.05
-7438.5
-7441.49
-7446.15
-7438.13
-7431
-7401.02
-7409.64
-7414.49
-7408.71
-7403.77
-7395.68
-7416.96
-7411.04
-7406.93
-7393.62
-7408.67
-7404.47
-7408.25
-7381.69
-7402.61
-7410.38
-7425.88
-7401.12
-7427.48
-7440.41
-7444.83
-7451.81
-7422.94
-7417.63
-7393.44
-7397.82
-7361.44
-7379.3
-7426.73
-7406.12
-7415.59
-7398.32
-7407.06
-7445.17
-7439.91
-7424.01
-7400.8
-7395.13
-7413.09
-7416.21
-7422.77
-7432.01
-7434.77
-7423.43
-7406.35
-7431.52
-7438.86
-7434.48
-7414.77
-7411.53
-7412.55
-7420.86
-7435.65
-7430.11
-7419.25
-7406.88
-7396.05
-7410.55
-7372.24
-7371.89
-7375.14
-7411.5
-7391.2
-7389.25
-7405.1
-7399.79
-7427.42
-7427.89
-7439.18
-7431.95
-7404.77
-7376.44
-7406.54
-7439.44
-7427.75
-7459.32
-7437.25
-7423
-7421.15
-7446.51
-7432.07
-7416.8
-7427.54
-7409.51
-7396.23
-7404.52
-7399.15
-7399.28
-7426.88
-7434.34
-7422.51
-7443.61
-7456.25
-7443.69
-7457.14
-7430.2
-7426.83
-7432.12
-7412.93
-7407.09
-7424.44
-7391.43
-7408
-7384.58
-7386.75
-7403.47
-7417.7
-7433.76
-7407
-7454.28
-7413.2
-7411.42
-7416.05
-7424.16
-7418.27
-7440.48
-7429.22
-7421.1
-7409.99
-7374.09
-7372.9
-7354.5
-7382.9
-7372.42
-7389.77
-7393.36
-7386.24
-7405.42
-7392.77
-7397.09
-7407.94
-7436.83
-7428.75
-7430.01
-7410.97
-7408.52
-7415.66
-7408.85
-7387.32
-7373.3
-7383.17
-7393.73
-7388.59
-7377.85
-7393.37
-7389.64
-7405.69
-7386.93
-7402.68
-7403.7
-7395.74
-7389.46
-7381.6
-7413.61
-7424.08
-7441.46
-7441.49
-7449.03
-7431.79
-7422.19
-7433.19
-7433.53
-7444.9
-7408.28
-7402.58
-7405.1
-7418.35
-7456.5
-7430.74
-7445.95
-7464.81
-7431.17
-7434.45
-7423.27
-7436.36
-7423
-7416.96
-7413.17
-7444.93
-7464.15
-7460.09
-7435.88
-7425.82
-7445.79
-7444.68
-7425.16
-7424.7
-7437.67
-7449.31
-7458.8
-7456.8
-7444.77
-7439.66
-7454.75
-7446.22
-7455.86
-7446.14
-7450.25
-7425.67
-7405.07
-7419.82
-7392.7
-7390.98
-7379.1
-7374.61
-7368.88
-7370.6
-7377.14
-7390.39
-7401.17
-7402.04
-7416.01
-7405.12
-7411.77
-7425.54
-7442.98
-7431.5
-7414.17
-7399.02
-7391.91
-7400.76
-7405.5
-7412.59
-7392.53
-7400.32
-7406.22
-7383.48
-7387.07
-7394.18
-7388.82
-7386.12
-7406.49
-7397.8
-7371.77
-7380.37
-7403.12
-7411.82
-7416.17
-7420.66
-7401.06
-7409.7
-7407.3
-7409.01
-7395.97
-7390.35
-7400.09
-7402.62
-7412.64
-7392.88
-7392.61
-7402.79
-7409.29
-7423.14
-7414.47
-7432.27
-7479.45
-7445.8
-7437.39
-7409.52
-7430.43
-7405.09
-7410.01
-7395.27
-7426.28
-7435.68
-7394.45
-7423.81
-7451.03
-7446.82
-7466.46
-7449.18
-7454.87
-7417.79
-7392.44
-7407.67
-7402.64
-7432.8
-7418.46
-7406.35
-7408.13
-7402.92
-7384.43
-7404.37
-7407.11
-7433.68
-7413.27
-7399.76
-7422.24
-7431.87
-7448.93
-7440.25
-7429.09
-7426.95
-7422.23
-7420.66
-7417.98
-7412.32
-7415.6
-7420.76
-7417.38
-7407.31
-7413.08
-7400.91
-7416.83
-7417.23
-7389.97
-7393.24
-7399.04
-7422.23
-7450.67
-7454.92
-7432.83
-7411.19
-7409.43
-7419.22
-7404.85
-7416.23
-7407.32
-7408.17
-7400.04
-7417.86
-7416.01
-7411
-7415.43
-7416.57
-7408.4
-7420.89
-7425.97
-7401.98
-7402.58
-7402.96
-7428.81
-7416.99
-7408.99
-7437.71
-7439.01
-7448.25
-7430.1
-7400.37
-7431.24
-7417.01
-7441.19
-7433.75
-7443.64
-7450.53
-7451.2
-7426.57
-7416.52
-7430.02
-7405.45
-7406.21
-7407.7
-7393.16
-7390.08
-7399.92
-7399.87
-7407.82
-7447.36
-7427.15
-7424.58
-7399.51
-7401.96
-7414.07
-7400.45
-7405.38
-7428.32
-7428.43
-7412.82
-7429.39
-7431.57
-7436.56
-7457.12
-7434.54
-7434.68
-7416.94
-7412.84
-7420.81
-7439.92
-7441.2
-7438.14
-7433.53
-7432.57
-7415.78
-7406.75
-7401.08
-7442.29
-7444.37
-7432.46
-7428.29
-7428.46
-7417.65
-7444.36
-7415.55
-7402.11
-7390.36
-7388.19
-7403.93
-7398.63
-7404.11
-7405.61
-7387.05
-7385.1
-7378.22
-7389.72
-7399.4
-7421.15
-7411.21
-7403.79
-7404.05
-7402.93
-7427.3
-7422.68
-7398.65
-7404.03
-7404.93
-7417.41
-7435.45
-7439.91
-7427.88
-7428.62
-7429.97
-7415.31
-7403.88
-7407.8
-7381.75
-7411.55
-7401.04
-7414.38
-7404.83
-7410.15
-7428.66
-7427.31
-7412.07
-7417.76
-7429.67
-7409.19
-7412.4
-7436.03
-7432.19
-7411.76
-7382.26
-7384.09
-7390.09
-7392.45
-7410.74
-7416.65
-7413.58
-7421.07
-7425.79
-7418.67
-7417.77
-7407.72
-7413.26
-7423.73
-7429.63
-7411.67
-7411.95
-7417.82
-7402.61
-7405.79
-7423.22
-7418
-7420.73
-7423.95
-7396.54
-7398.83
-7409.79
-7420.04
-7425.43
-7416.69
-7442.09
-7437.07
-7418.42
-7397.27
-7414.34
-7408.32
-7399.8
-7397.83
-7406.71
-7421.25
-7410.73
-7416.44
-7428.64
-7407.76
-7381.7
-7392.1
-7424.91
-7413.43
-7425.45
-7434.83
-7419.07
-7421.54
-7426.59
-7438.15
-7418.52
-7420.03
-7403.76
-7402.17
-7410.51
-7393.26
-7385.14
-7400.77
-7396.19
-7383.51
-7389.1
-7396.89
-7429.16
-7410.19
-7423.67
-7418.78
-7421.13
-7418.06
-7410.11
-7429.42
-7402.98
-7393.26
-7408.31
-7407.46
-7435.43
-7396.78
-7402.69
-7419.69
-7417.89
-7408.33
-7404.28
-7416.54
-7410.88
-7400.02
-7408.87
-7399.26
-7411.58
-7428.92
-7420.33
-7393
-7410.17
-7399.75
-7406.18
-7398.21
-7420.06
-7413.92
-7427.93
-7428.02
-7408.49
-7408.63
-7440.4
-7424.96
-7397.04
-7434.47
-7430.14
-7407.91
-7435.5
-7456.03
-7423.82
-7424.84
-7439.43
-7427.55
-7425.14
-7423.24
-7437.1
-7429.55
-7425.8
-7393.34
-7395.33
-7401.23
-7411.72
-7412.04
-7395.08
-7409.16
-7412.27
-7407.29
-7406.44
-7399.97
-7434.48
-7401.1
-7403.69
-7395.81
-7410.84
-7432.94
-7425.59
-7409.91
-7422.34
-7426.4
-7411.39
-7401.38
-7411.84
-7395.19
-7378.08
-7373.19
-7387.88
-7384.79
-7409.88
-7397.15
-7420.04
-7404.84
-7400.02
-7427.96
-7423.68
-7423.05
-7465.32
-7427.21
-7434.45
-7434.53
-7434.71
-7403.02
-7414.89
-7405.87
-7421.2
-7393.02
-7409.87
-7411.82
-7389.13
-7378.26
-7385.85
-7402.37
-7400.67
-7390.66
-7405.56
-7394.24
-7414.26
-7407.91
-7413.55
-7391.77
-7381.98
-7421.12
-7415.45
-7427.91
-7449.69
-7423.98
-7436.38
-7418.21
-7396.63
-7403.76
-7390.82
-7412.69
-7404.86
-7398.77
-7395.98
-7420.42
-7441.29
-7440.51
-7445.25
-7444.42
-7429.31
-7437.79
-7443.04
-7427.75
-7415.9
-7386.09
-7406.41
-7387.94
-7398.34
-7378.66
-7397.97
-7419.26
-7395.27
-7396.05
-7407.59
-7418.44
-7410.7
-7435.79
-7420.47
-7419.37
-7429.55
-7408.3
-7405.71
-7380.24
-7402.91
-7404.4
-7396.84
-7388.54
-7376.51
-7415.66
-7428.5
-7460.97
-7465.38
-7452.46
-7445.35
-7427.35
-7420.77
-7409.59
-7378.36
-7360.32
-7365.63
-7394.34
-7394.35
-7391.72
-7393.08
-7417.3
-7433.9
-7413.62
-7380.56
-7416.25
-7414.28
-7426.35
-7432.99
-7432.56
-7437.5
-7432.44
-7425.58
-7424.44
-7419.92
-7414.18
-7401.18
-7435.86
-7424
-7430.25
-7385.09
-7388.25
-7378.63
-7352.49
-7378.3
-7387.79
-7411.32
-7397.06
-7408.03
-7412.84
-7373.47
-7366.67
-7325.33
-7367.54
-7368.29
-7369.7
-7374.05
-7419.72
-7413.9
-7424.55
-7412.35
-7439.63
-7443.77
-7433.23
-7431.76
-7453.95
-7436.12
-7422.29
-7404.16
-7409.51
-7406.57
-7396.32
-7375.78
-7367.35
-7390.81
-7372.8
-7395.14
-7391.73
-7413.97
-7412.06
-7424.25
-7426.36
-7415.33
-7432.82
-7424.16
-7423.82
-7432.46
-7447.03
-7430.84
-7430.71
-7439.56
-7442.88
-7441.32
-7430.01
-7435.39
-7446.43
-7450.69
-7443.52
-7463.77
-7451.28
-7447.54
-7455.52
-7438.71
-7436.18
-7436.04
-7435.98
-7445.92
-7459.01
-7445.98
-7444.83
-7420.18
-7431.46
-7420.45
-7432.76
-7427.24
-7439.34
-7434.31
-7422.21
-7432.64
-7410.4
-7413.21
-7419.51
-7422.55
-7456.89
-7457.21
-7462.25
-7436.98
-7435.58
-7421.75
-7418.91
-7419.14
-7420.8
-7401.59
-7417.55
-7426.09
-7457.96
-7452.02
-7410.77
-7414.45
-7414.4
-7408.81
-7394.21
-7425.53
-7423.33
-7418.19
-7385.34
-7416.29
-7409.13
-7430.36
-7413.44
-7420.81
-7424.43
-7431.14
-7439.23
-7448.64
-7447.86
-7429.91
-7446.5
-7410.87
-7428.54
-7405.33
-7419.86
-7419.79
-7454.09
-7453.14
-7451.52
-7439.53
-7438.83
-7416.82
-7429.04
-7440.29
-7436.49
-7432.44
-7408.13
-7409.06
-7412
-7426.79
-7445.09
-7403.96
-7393.44
-7434.56
-7428.74
-7425.26
-7439.67
-7418.01
-7433.74
-7422.09
-7413.63
-7411.93
-7372.46
-7394.85
-7391.05
-7416.54
-7433.73
-7439.2
-7434.06
-7433.14
-7435.74
-7425.71
-7423.3
-7425.43
-7410.19
-7390.17
-7406.77
-7407.34
-7438.59
-7435.55
-7447.8
-7439.32
-7425.29
-7418.18
-7419.74
-7418.32
-7403.79
-7415.4
-7404.61
-7397.91
-7393.15
-7403.73
-7441.83
-7457.64
-7460.96
-7454.13
-7418.93
-7402.91
-7416.32
-7423.74
-7410.28
-7402.12
-7430.87
-7418.26
-7407.45
-7397
-7389.54
-7399.31
-7400.49
-7398.73
-7398.32
-7407.61
-7402.04
-7404.39
-7412.57
-7396.37
-7422.68
-7423.66
-7403.2
-7427.96
-7438.44
-7427.23
-7403.9
-7401.52
-7394.79
-7424.89
-7434.56
-7426.58
-7432.78
-7413.41
-7411.81
-7446.32
-7432.42
-7436.91
-7440.45
-7443.8
-7446.31
-7443.73
-7447.86
-7458.79
-7448.16
-7408.4
-7394.05
-7412.85
-7424.94
-7441.39
-7455.17
-7441.93
-7444.74
-7432.22
-7401.52
-7408.72
-7422.38
-7411.03
-7406.88
-7415.13
-7410.96
-7421.76
-7409.8
-7408.84
-7388.67
-7392.19
-7401.53
-7434.11
-7420.6
-7385.92
-7406.88
-7378.09
-7383.2
-7394.51
-7374.64
-7421.91
-7434.19
-7432.01
-7438.65
-7437.77
-7426.75
-7420.75
-7422.61
-7427.99
-7404.82
-7418.55
-7422.16
-7426.43
-7425.22
-7449.52
-7435.3
-7418.92
-7428.15
-7426.97
-7419.34
-7415.97
-7424.34
-7417.56
-7398.85
-7403.98
-7401.79
-7446.98
-7424.4
-7424.35
-7413.41
-7397.35
-7397.3
-7413.19
-7402.64
-7406.59
-7414.69
-7415.12
-7426.43
-7448.49
-7450.84
-7443.07
-7429.78
-7430.28
-7432.66
-7432.92
-7410.95
-7415.24
-7434.61
-7399.53
-7440.44
-7449.82
-7453.34
-7426.48
-7407.1
-7395.45
-7395.33
-7411.3
-7400.92
-7403.79
-7405.67
-7393.62
-7432.95
-7435.1
-7409.01
-7385.56
-7399.8
-7426.26
-7409.47
-7412.54
-7406.03
-7392.3
-7407.49
-7412.57
-7410.97
-7430.66
-7455.76
-7431.45
-7446.43
-7440.11
-7429.37
-7422.22
-7415.71
-7417.01
-7402.23
-7386.52
-7409.56
-7410.52
-7394.1
-7409.25
-7414.4
-7407.4
-7413.33
-7394.38
-7429.33
-7422.25
-7398.72
-7415.81
-7421.31
-7430.44
-7427.17
-7446.98
-7459.46
-7462.53
-7443.48
-7443.81
-7446.68
-7459.71
-7443.97
-7434.42
-7442.22
-7456.42
-7424.01
-7445.25
-7436.23
-7417.19
-7377.6
-7376.4
-7370.98
-7391.42
-7395.69
-7417.29
-7389.88
-7367.27
-7374.37
-7396.14
-7399.96
-7422.93
-7415.99
-7392.78
-7379.61
-7375.31
-7393.55
-7393.66
-7405.91
-7410.77
-7420.36
-7407.79
-7400.1
-7401.56
-7424.75
-7423.48
-7438.94
-7433.08
-7434.69
-7437.91
-7424.75
-7433.91
-7430.62
-7440.53
-7422.9
-7422.17
-7437.77
-7430.4
-7429.69
-7442.83
-7443.04
-7449.98
-7429.29
-7437.7
-7416.06
-7433.23
-7418.73
-7408.38
-7405.26
-7409.05
-7428.15
-7422.22
-7409.51
-7410.37
-7391.28
-7409.29
-7399.3
-7396.49
-7396.18
-7436.84
-7421.62
-7439.19
-7421.22
-7425.26
-7415.78
-7403.82
-7404.61
-7393.5
-7373.97
-7380.39
-7397.52
-7404.1
-7416.09
-7426
-7399.8
-7422.35
-7379.82
-7415.17
-7410.59
-7419.15
-7411.1
-7382.45
-7388.61
-7385.26
-7403.28
-7380.81
-7378.47
-7380.12
-7402.8
-7423.33
-7427.8
-7412.97
-7437.65
-7436.25
-7418.81
-7402.3
-7415.46
-7415.9
-7428.55
-7434.64
-7427.78
-7434.35
-7409.95
-7444.8
-7431.89
-7453.69
-7462.4
-7443.19
-7438.32
-7447.65
-7446.11
-7468.42
-7440.49
-7448.33
-7425.75
-7442.61
-7431.41
-7437.41
-7427.75
-7430
-7423.73
-7434.38
-7428.26
-7415.97
-7412.26
-7396.34
-7385.56
-7402.75
-7389.98
-7399.63
-7396.02
-7409.39
-7433.18
-7416.44
-7421.48
-7428.64
-7425.62
-7427.33
-7442.9
-7446.43
-7428.5
-7431.15
-7414.36
-7398.16
-7414.37
-7406.03
-7395.13
-7393.37
-7416.15
-7402.89
-7411.14
-7394.31
-7407.58
-7424.93
-7415.72
-7430.71
-7412.74
-7432.05
-7434.57
-7443.02
-7431.55
-7431.84
-7414.65
-7397.35
-7422.6
-7425.52
-7414.47
-7392.6
-7408.94
-7428.4
-7436.78
-7461.75
-7456.37
-7456.19
-7439.61
-7429.17
-7402.65
-7425.4
-7431.96
-7429.45
-7404.9
-7405.83
-7415.43
-7427.42
-7437.14
-7442.21
-7453.33
-7443.31
-7452.65
-7443.29
-7458.17
-7440.56
-7460.19
-7484.84
-7476.67
-7442.8
-7435.72
-7426.8
-7428.53
-7405.47
-7412.59
-7408.51
-7400.42
-7422.6
-7438.26
-7479.03
-7486.01
-7487.82
-7486.77
-7469.68
-7441.75
-7431.9
-7421.81
-7425.2
-7434.1
-7417.74
-7387.94
-7390.77
-7421.95
-7422.08
-7397.19
-7419.38
-7438.11
-7424.72
-7420.87
-7427.55
-7422.14
-7414.8
-7392.65
-7419.66
-7415.77
-7419.12
-7417.04
-7425.32
-7455.09
-7440.28
-7450.38
-7423.43
-7410.83
-7410.54
-7401.37
-7397.69
-7388.33
-7396.24
-7397.33
-7409.52
-7422.14
-7440.97
-7463.44
-7469.37
-7465.73
-7464.39
-7458.13
-7423.19
-7427.67
-7444.69
-7439.94
-7424.26
-7431.12
-7432.48
-7446.68
-7450.48
-7427.36
-7423.6
-7419.81
-7396.82
-7405.52
-7453.9
-7442.62
-7435.91
-7422.58
-7418.87
-7436.72
-7461.6
-7461.23
-7431.74
-7422.67
-7427.68
-7434.46
-7432.16
-7402.52
-7405.27
-7405.98
-7408.02
-7403.35
-7387.92
-7410.96
-7426.87
-7411.17
-7420.99
-7413.57
-7436.07
-7423.33
-7408.32
-7413.33
-7404.95
-7421.48
-7446.64
-7407.38
-7422.63
-7400.96
-7402.66
-7396.67
-7396.5
-7422.39
-7408.77
-7389.83
-7396.2
-7384.71
-7380.1
-7365.08
-7413.18
-7434.13
-7407.77
-7426.82
-7420.57
-7399.77
-7390.72
-7384.28
-7386.64
-7399.38
-7390.08
-7404.22
-7398.31
-7407.8
-7387.53
-7389.43
-7383.08
-7396.66
-7392.35
-7411.16
-7390.84
-7399.81
-7403
-7380.35
-7405.24
-7414.83
-7409.01
-7422.06
-7432.26
-7419.56
-7418.96
-7377.43
-7387.93
-7375.71
-7394.17
-7401.63
-7424.48
-7380.79
-7368.4
-7381.19
-7407.08
-7404.15
-7423.71
-7432.55
-7431.91
-7432.61
-7445.8
-7435.03
-7413.6
-7425.86
-7422.65
-7401.97
-7405.25
-7420.29
-7431.09
-7427.29
-7413.89
-7412.24
-7417.23
-7425.97
-7443.29
-7458.45
-7459.11
-7466.1
-7457.23
-7441.17
-7417.67
-7412.6
-7412.03
-7423.46
-7448.88
-7459.83
-7445.75
-7465.34
-7444.39
-7474.69
-7432.62
-7439.49
-7428.85
-7457.52
-7460.96
-7444.04
-7439.92
-7446.19
-7427.03
-7424.84
-7451.34
-7450.22
-7448.06
-7426.75
-7428.55
-7422.8
-7423.39
-7425.63
-7425.25
-7425.51
-7424.18
-7433.06
-7437.21
-7434.23
-7424.05
-7423.78
-7434.1
-7443.05
-7426.76
-7409.85
-7449.34
-7450.83
-7451.4
-7442.4
-7427.01
-7453.41
-7463.59
-7449.91
-7445.07
-7432
-7426.21
-7416.77
-7434.35
-7458.29
-7473.07
-7420.9
-7433.02
-7431.7
-7447.88
-7401.22
-7395.92
-7400.65
-7380.62
-7399.86
-7411.48
-7411.03
-7372.93
-7358.18
-7379.52
-7386.66
-7379.88
-7369.45
-7396.94
-7397.37
-7352.31
-7377.44
-7367.01
-7384.17
-7387.14
-7373.72
-7391.15
-7393.49
-7398.25
-7419.87
-7411.17
-7429.29
-7456.8
-7459.79
-7442.32
-7444.29
-7409.9
-7400.59
-7403.66
-7397.09
-7396.85
-7410.71
-7396.24
-7418.82
-7437.55
-7432.02
-7453.34
-7462.26
-7452.02
-7423.48
-7420.45
-7417.82
-7407.39
-7403.36
-7426.97
-7430.95
-7422.01
-7427.6
-7439.16
-7441.17
-7443
-7440.64
-7435.65
-7412.68
-7417.11
-7419.18
-7412.44
-7402.19
-7393.1
-7390.52
-7420.66
-7398.82
-7397.01
-7399.03
-7417.75
-7422.03
-7429.1
-7420.5
-7420.82
-7433.63
-7449.15
-7444.15
-7434.31
-7425.04
-7430.65
-7423.06
-7427.48
-7405.64
-7404.82
-7420.12
-7425.62
-7429.46
-7429.19
-7466.32
-7448.86
-7435.71
-7452.3
-7427.13
-7454.97
-7444.13
-7418.51
-7400.21
-7415.86
-7445.9
-7436.35
-7412.6
-7417.83
-7415.63
-7420.04
-7435.2
-7427.63
-7419.7
-7423.27
-7413.44
-7394.84
-7400.79
-7403.42
-7428.62
-7435.98
-7426.69
-7433.98
-7449.01
-7431.89
-7440.98
-7391.95
-7424.76
-7449.74
-7431.56
-7390.88
-7417
-7396.91
-7414.65
-7404.65
-7432.91
-7425.33
-7437.33
-7414.44
-7379.46
-7397.69
-7411.65
-7438.78
-7432.08
-7437.2
-7432.25
-7418.39
-7394.75
-7387.77
-7398.38
-7400.3
-7401.37
-7381.52
-7386.74
-7394.25
-7426.07
-7413.26
-7418.07
-7401.62
-7393.53
-7389.64
-7384.44
-7392.85
-7396.31
-7399.27
-7397.57
-7397.76
-7407.08
-7375.96
-7411.19
-7431.63
-7425.82
-7436.15
-7435.94
-7424.82
-7400.44
-7391.43
-7391.64
-7380.07
-7386.65
-7389.02
-7397.27
-7421.63
-7421.94
-7432.74
-7445.18
-7465.62
-7438.99
-7436.79
-7417.75
-7415.55
-7451.14
-7414.31
-7420.96
-7404.04
-7428.39
-7403.99
-7406.73
-7382.28
-7411.93
-7417.84
-7409.7
-7396.93
-7395.43
-7408.03
-7403.32
-7407
-7403.95
-7388.57
-7393.02
-7379.32
-7372.88
-7389.97
-7387.32
-7401.87
-7390.23
-7408.87
-7410.36
-7397.65
-7423.04
-7443.52
-7436.18
-7436.38
-7456.49
-7430.26
-7402.21
-7389.2
-7385.23
-7393.54
-7411.52
-7407.82
-7414.26
-7422.29
-7404.98
-7401.88
-7441.9
-7427.16
-7397.73
-7381.27
-7390.91
-7383.99
-7421.01
-7426.5
-7400.88
-7420.94
-7402.4
-7416.4
-7389.59
-7373.36
-7360.41
-7355.61
-7385.35
-7373.48
-7354.51
-7364.62
-7357.02
-7377.15
-7390.58
-7398.04
-7391.09
-7392.91
-7434.99
-7449.89
-7467.48
-7453.09
-7443.52
-7428.66
-7428.84
-7445.9
-7429.34
-7427.42
-7403.37
-7417.35
-7422.18
-7423.28
-7411.69
-7407.96
-7413.93
-7397.11
-7374.46
-7398.44
-7395.59
-7407.47
-7410.38
-7413.47
-7422.83
-7446.76
-7464.65
-7448.22
-7420.44
-7436.02
-7417.58
-7420.06
-7421.99
-7383.93
-7395.05
-7411.3
-7390.49
-7417.39
-7406.76
-7407.98
-7398.85
-7405.03
-7406.48
-7434.63
-7436.06
-7426.61
-7423.19
-7416.5
-7415.36
-7440.07
-7417.07
-7407.08
-7393.39
-7393.58
-7397.03
-7397.24
-7381.29
-7383.97
-7403.88
-7417.67
-7416.77
-7429.48
-7438.02
-7438.92
-7434.82
-7458.85
-7428.55
-7417.94
-7382.86
-7406.37
-7395.41
-7402.99
-7401.94
-7391.23
-7394.51
-7386.46
-7396.12
-7420.11
-7413.77
-7417.4
-7397.24
-7433.7
-7415.51
-7392.13
-7397.09
-7403.87
-7420.45
-7441.19
-7413.77
-7426.67
-7416.85
-7418.46
-7383.16
-7371.73
-7378.65
-7391.25
-7401.89
-7408.6
-7418.53
-7419.82
-7396.47
-7410.21
-7404.99
-7384.01
-7415.38
-7419.32
-7402.87
-7397.67
-7405.92
-7387.63
-7399.29
-7401.54
-7442.59
-7416.28
-7399.11
-7403.66
-7425.55
-7427.24
-7436.97
-7425.34
-7414.23
-7398.12
-7385.33
-7413.81
-7416.04
-7409.39
-7403.36
-7431.99
-7432.39
-7414.2
-7417.55
-7426.52
-7412.68
-7407.9
-7411.84
-7423.36
-7426.16
-7427.08
-7442.3
-7413.91
-7418.01
-7418.15
-7423.83
-7440.52
-7408.77
-7415.44
-7467.28
-7464.53
-7474.15
-7439.3
-7408.97
-7411.02
-7385.88
-7391.46
-7438.79
-7443.32
-7459.81
-7449.21
-7453.21
-7471.46
-7465.24
-7465.5
-7450.84
-7442.74
-7459.28
-7469.02
-7457.01
-7432.27
-7434.49
-7397.43
-7398.65
-7425.82
-7407.32
-7413.67
-7395.95
-7393.91
-7386.1
-7367.85
-7392.01
-7396.59
-7392.5
-7394.07
-7392.54
-7398.81
-7417.27
-7406.28
-7437.11
-7431.73
-7415.37
-7389.54
-7392.23
-7385.85
-7389.92
-7369.82
-7378.86
-7405.27
-7401.81
-7412.33
-7415.16
-7377.2
-7376.75
-7404.24
-7418.4
-7413.84
-7435.73
-7442.35
-7441.9
-7433.19
-7440.64
-7446.05
-7443.26
-7417.06
-7424.88
-7399.03
-7390.71
-7392.53
-7378.55
-7393.62
-7411.45
-7418.44
-7420.27
-7418.19
-7421.62
-7410.66
-7420.58
-7420.98
-7408.18
-7416.86
-7410.68
-7423.5
-7432.1
-7429.28
-7426.37
-7436.05
-7435.82
-7450.94
-7451.24
-7430.63
-7426.46
-7450.87
-7460.04
-7441.41
-7426.04
-7443.67
-7432.71
-7411.73
-7413.68
-7414.63
-7404.15
-7403.39
-7411.99
-7402.7
-7419.17
-7425.18
-7429.49
-7405.45
-7418.31
-7425.14
-7418.41
-7409.76
-7427.14
-7426
-7424.29
-7432.59
-7428.62
-7469.49
-7491.33
-7510.36
-7466.09
-7445.08
-7460.16
-7449.65
-7453.81
-7464.38
-7428.68
-7448.19
-7447.82
-7410.04
-7404.92
-7389.51
-7423.81
-7431.18
-7438.87
-7449.97
-7445.12
-7431.89
-7425.15
-7403.7
-7414.63
-7397.98
-7385
-7385.04
-7371.24
-7384.68
-7419.85
-7440.32
-7465.03
-7456.07
-7464.27
-7453.33
-7456.07
-7459.35
-7439.7
-7416.68
-7451.29
-7420.86
-7401.18
-7389.01
-7383.86
-7412.4
-7407.3
-7394.03
-7397.97
-7407.75
-7420.04
-7430.33
-7440.29
-7473.38
-7464.14
-7478.64
-7463.19
-7468.55
-7456.75
-7473.33
-7424.87
-7416.43
-7423.15
-7426.66
-7426.6
-7417.06
-7424.08
-7410.16
-7442.97
-7448.03
-7423.2
-7443.43
-7482.5
-7489.71
-7496.54
-7490.87
-7474.73
-7432.18
-7417.37
-7403.05
-7424.99
-7415.07
-7384.77
-7409.09
-7406.94
-7396.36
-7406.41
-7432.62
-7447.19
-7445.08
-7444.49
-7454.95
-7427.59
-7424.1
-7420.4
-7397.45
-7388.12
-7408.2
-7390.2
-7382.2
-7392.53
-7390.95
-7396.2
-7406.6
-7424.87
-7398.01
-7420.36
-7425.72
-7452.95
-7451.67
-7438.81
-7434.97
-7441.8
-7441.97
-7432.69
-7443.69
-7451.75
-7459.63
-7464.99
-7462.27
-7465.96
-7446.61
-7446.75
-7432.14
-7415.25
-7404.78
-7431.96
-7403.7
-7440.9
-7424.55
-7411.29
-7406.6
-7383.57
-7415.19
-7442.64
-7413.97
-7400.42
-7418.18
-7381.6
-7390.82
-7394.29
-7383.08
-7399.85
-7391.58
-7385.09
-7383.14
-7401.74
-7397.59
-7384.16
-7400.03
-7420.55
-7430.28
-7408.45
-7414.17
-7397.45
-7405.07
-7402.52
-7391.19
-7386.17
-7366.04
-7354.27
-7365.17
-7376.34
-7389.49
-7384.05
-7416.07
-7426.99
-7409.13
-7400.31
-7403.55
-7400.72
-7404.62
-7405.85
-7418.8
-7434.31
-7432.49
-7451.45
-7456.67
-7433.57
-7425.4
-7426.87
-7438
-7415.41
-7426.33
-7403.64
-7381.93
-7381.79
-7374.37
-7390.81
-7397.14
-7384.38
-7390.69
-7398.12
-7412.87
-7408.33
-7444.69
-7427.5
-7427.82
-7459.89
-7451.73
-7424.9
-7425.76
-7423.06
-7461.04
-7470.93
-7427.08
-7404.39
-7421.98
-7402.07
-7393.24
-7403.77
-7408.62
-7412.19
-7453.29
-7484.95
-7455.9
-7449.39
-7461.1
-7435.84
-7451.35
-7461.75
-7438.8
-7422.49
-7434.1
-7448.19
-7423.59
-7423.07
-7411.43
-7421.59
-7394.56
-7418.43
-7414.59
-7418.63
-7412.18
-7423.39
-7424.12
-7422.62
-7422.88
-7436
-7445.6
-7444.41
-7443.23
-7424.48
-7419.63
-7413.61
-7412.08
-7383.46
-7433.82
-7410.29
-7415.33
-7401.44
-7413.69
-7409.54
-7397.49
-7412.92
-7418.43
-7414.69
-7408.22
-7419.8
-7409.13
-7411.03
-7402.49
-7427.74
-7408.52
-7401.96
-7398.11
-7402.37
-7394.37
-7401.46
-7417.33
-7415.03
-7406.21
-7407.11
-7408.37
-7420.26
-7417.61
-7405.89
-7388.66
-7393.91
-7394.53
-7408.81
-7410.25
-7410.24
-7403.15
-7393.94
-7443.62
-7435.39
-7451.11
-7453.65
-7448.61
-7422.18
-7463.27
-7472.91
-7457.96
-7466.77
-7462.84
-7441.82
-7449.47
-7447.03
-7430.15
-7419.55
-7425.31
-7435.59
-7426.43
-7425.99
-7408.31
-7399.91
-7383.72
-7418
-7403.89
-7451.1
-7417.45
-7390.17
-7386.33
-7397.67
-7423.14
-7429.44
-7412.21
-7393.99
-7385.27
-7377.42
-7392.47
-7399.18
-7419.9
-7435.8
-7447.39
-7422.5
-7415.91
-7420.19
-7415.64
-7446.46
-7460.98
-7459.21
-7442.5
-7415.71
-7397.24
-7414.26
-7431.92
-7454.31
-7436.67
-7448.21
-7426.34
-7404.82
-7439.8
-7433.83
-7431.5
-7435.52
-7441.89
-7473.03
-7461.68
-7466.36
-7473.78
-7457.46
-7437.82
-7449.31
-7411.93
-7419.89
-7411.82
-7407.65
-7410.88
-7439.47
-7476.24
-7478.82
-7471.45
-7475.1
-7460.48
-7462.41
-7420.73
-7440.25
-7422.12
-7433.28
-7425.06
-7406.4
-7412.12
-7422.51
-7431.11
-7424.8
-7427.74
-7435.08
-7433.78
-7437.75
-7411.47
-7398.06
-7390.43
-7401.22
-7431.35
-7417.17
-7414.21
-7405.05
-7387.14
-7395
-7372.37
-7392.5
-7417.38
-7441.04
-7426.49
-7441.96
-7429.67
-7411.63
-7432.33
-7411.03
-7403.73
-7393.86
-7389.77
-7414.7
-7413.9
-7414.98
-7392.5
-7397.51
-7384.26
-7386.21
-7392.27
-7392.93
-7394.46
-7426.53
-7453.56
-7470.82
-7463.65
-7454.9
-7435.35
-7446.12
-7458.47
-7481.58
-7469.29
-7443.46
-7424.7
-7413.69
-7403.53
-7405.13
-7408.34
-7426.78
-7426
-7430.25
-7453
-7454.98
-7453.39
-7438.81
-7434.11
-7416.54
-7410.12
-7408.64
-7418.21
-7441.06
-7424.52
-7394.75
-7392.61
-7381.25
-7410.33
-7434.45
-7446.57
-7442.4
-7401.99
-7409.98
-7408.94
-7406.21
-7413.4
-7411.5
-7409.97
-7420.03
-7409.73
-7425.98
-7436.98
-7440.75
-7430.42
-7432.37
-7433.12
-7449.28
-7441.1
-7407.49
-7413.99
-7417.49
-7397.78
-7407.78
-7394.63
-7420.67
-7417.78
-7454.33
-7396.55
-7410.03
-7398.75
-7442.72
-7433.84
-7429.05
-7401.17
-7427.14
-7427.42
-7437.64
-7434.95
-7397.54
-7406.54
-7440.06
-7413.69
-7434.87
-7408.37
-7382.97
-7403.58
-7396.61
-7412.66
-7404.21
-7404.71
-7420.53
-7446.03
-7403.05
-7429.82
-7433.81
-7403.6
-7403.9
-7406.3
-7388.86
-7388.19
-7409.29
-7446.76
-7428.65
-7436.66
-7427.39
-7417.19
-7418.41
-7431.55
-7419.35
-7420.56
-7420.77
-7396.88
-7408.85
-7426.31
-7435.56
-7431.48
-7410.48
-7418.13
-7420.93
-7411.02
-7403.04
-7401.58
-7431.46
-7458.23
-7447.56
-7451.44
-7437.71
-7407.44
-7440.8
-7436.41
-7439.86
-7427.61
-7448.97
-7456.68
-7444.74
-7435.67
-7406.3
-7409.75
-7414.13
-7402.01
-7390.16
-7392.57
-7398.99
-7380.1
-7395.56
-7400.02
-7395.22
-7393.69
-7388.71
-7373.83
-7395.94
-7425.7
-7409.82
-7430.88
-7418.36
-7410.7
-7421.03
-7426.68
-7427.9
-7444.93
-7462.83
-7461.73
-7449.52
-7445.39
-7434.71
-7432.02
-7475.89
-7453.87
-7437.19
-7424.8
-7411.6
-7407.82
-7387.15
-7377.63
-7358.2
-7371.14
-7375.4
-7385.1
-7396.9
-7409.08
-7402.52
-7382.05
-7385.42
-7380.04
-7365.22
-7382.53
-7402.87
-7371.93
-7361.98
-7380.35
-7387.87
-7400.81
-7401.68
-7418.27
-7429.74
-7427.32
-7421.35
-7428.41
-7432.86
-7425.23
-7409.42
-7436.38
-7405.51
-7408.69
-7440.6
-7444.06
-7471.36
-7484.23
-7469.96
-7472.97
-7446.72
-7438.05
-7422.9
-7431.96
-7419.86
-7416.2
-7432.02
-7416.52
-7432.95
-7417.75
-7397.58
-7389.27
-7439.27
-7410.26
-7382.21
-7395.47
-7393.1
-7405.73
-7416.9
-7436.39
-7432.17
-7431.25
-7423.2
-7411.58
-7415.86
-7424.73
-7389.32
-7379.43
-7394.81
-7413.78
-7421
-7406.97
-7397.66
-7395.81
-7389.57
-7375.31
-7391.22
-7390.87
-7393.09
-7410.44
-7432.9
-7430.53
-7431
-7411.26
-7417.97
-7412.33
-7371.22
-7365.15
-7374.02
-7395.79
-7425.44
-7421.54
-7395.12
-7404.14
-7418.31
-7394.09
-7404.14
-7440.83
-7419.75
-7415.72
-7417.63
-7434.21
-7432.55
-7452.13
-7438.48
-7432.76
-7398.99
-7387.02
-7371.32
-7386.22
-7381.23
-7379.58
-7390.39
-7396.26
-7397.68
-7410.14
-7417.37
-7413.86
-7426.5
-7416.57
-7420.82
-7406.43
-7411.35
-7425.11
-7407.51
-7419.26
-7411.38
-7420.18
-7414.81
-7417.98
-7407.85
-7406
-7403.49
-7405.64
-7408.98
-7432.86
-7431.14
-7436.08
-7415.54
-7413.24
-7435.36
-7435.68
-7449.91
-7441.32
-7436.18
-7442.16
-7441.21
-7433.09
-7441.78
-7454.09
-7448.21
-7444.58
-7441.85
-7441.74
-7420.85
-7399.96
-7397.81
-7409.79
-7443.79
-7421.86
-7438.25
-7440.43
-7445.96
-7446.77
-7431.33
-7413.72
-7429.2
-7424.92
-7409.71
-7398.55
-7404.58
-7413.39
-7410.87
-7398.53
-7391.24
-7418.72
-7399.13
-7398.26
-7399.01
-7428.91
-7417.83
-7420.08
-7402.22
-7421.78
-7413.34
-7394.52
-7405.62
-7406.32
-7376.46
-7377.53
-7383.68
-7375.13
-7395.81
-7378.42
-7398.88
-7430.25
-7429.09
-7426.46
-7421.5
-7409.55
-7397.57
-7420.66
-7415.41
-7405.93
-7419.31
-7425.65
-7398.83
-7396.72
-7408.08
-7417.75
-7429.51
-7441.84
-7422.9
-7434.22
-7407.75
-7415.15
-7412.87
-7440.14
-7425.39
-7408.71
-7399.88
-7387.2
-7375.45
-7386.94
-7381.04
-7386.59
-7411.68
-7428.11
-7422.94
-7411.4
-7411.24
-7432.28
-7415.58
-7410.12
-7405.26
-7422.46
-7408.5
-7382.77
-7393.43
-7405.6
-7409.07
-7419.18
-7415.12
-7416.8
-7437.44
-7438.68
-7451.75
-7431.92
-7419.31
-7435.3
-7446.11
-7432.83
-7440.83
-7454.81
-7434.51
-7460.44
-7481.17
-7495.05
-7486.04
-7451.81
-7441.07
-7442.93
-7438.87
-7417.93
-7421.1
-7440.25
-7430.97
-7434.63
-7435.16
-7416.07
-7389.04
-7373.01
-7375.29
-7383.62
-7381.39
-7369.3
-7375.32
-7383.96
-7403.36
-7406.96
-7412.34
-7400.92
-7421.09
-7388.98
-7395.28
-7397.69
-7376.99
-7362.16
-7378.66
-7416.31
-7419.07
-7407.68
-7410.13
-7451.32
-7439.88
-7416.03
-7441.85
-7436.75
-7421.59
-7419.35
-7410.26
-7401.5
-7421.42
-7417.45
-7383.22
-7415.51
-7418.37
-7412.7
-7415.02
-7406.39
-7410.16
-7397.28
-7402.68
-7396.54
-7427.78
-7413.07
-7420.72
-7389.6
-7381.93
-7381.99
-7380.94
-7396.93
-7429.48
-7432.49
-7415.13
-7420.03
-7411
-7418.66
-7403.99
-7404.1
-7396.83
-7391.64
-7409.68
-7404.76
-7426.02
-7418.18
-7406.67
-7399.84
-7381.65
-7377.61
-7402
-7397.89
-7422.02
-7433.39
-7468.79
-7455.51
-7425.78
-7410.41
-7429.23
-7437.62
-7450.15
-7425.5
-7450.95
-7417.71
-7421.57
-7448.6
-7437.8
-7443.97
-7441.18
-7409.8
-7435.51
-7439.6
-7437.98
-7397.15
-7442.89
-7429.63
-7406.37
-7395.79
-7397.17
-7393.21
-7408.45
-7419.15
-7434.83
-7434.53
-7411.78
-7424.72
-7431.05
-7408.89
-7410.18
-7383.06
-7415.65
-7443.64
-7437.64
-7410.48
-7428
-7448.87
-7438.19
-7448.1
-7468.8
-7459.42
-7455.58
-7446.34
-7456.99
-7449.21
-7435.35
-7425.96
-7433.18
-7439.66
-7427.97
-7413.35
-7400.61
-7415.93
-7404.89
-7411.15
-7400.58
-7370.73
-7397.85
-7389.84
-7413.7
-7407.45
-7384.59
-7394.43
-7404.48
-7382.78
-7388.79
-7394.98
-7399.18
-7389.51
-7378.07
-7383.05
-7398.29
-7402.21
-7380.99
-7404.9
-7370.4
-7378.72
-7352.4
-7391.99
-7380.63
-7406.99
-7408.15
-7436.63
-7433.14
-7415.85
-7420.5
-7431.96
-7433.24
-7441.81
-7426.54
-7431.56
-7463.26
-7454.43
-7448.94
-7449.43
-7433.96
-7439.51
-7434.16
-7418.82
-7418.9
-7435.73
-7449.41
-7430.76
-7432.14
-7412.8
-7414.02
-7414.26
-7427.35
-7435.64
-7402.32
-7398.96
-7401.02
-7400.55
-7426.86
-7461.04
-7452.09
-7448.07
-7443.66
-7406.34
-7397.84
-7401.18
-7396.13
-7391.23
-7386.4
-7377.28
-7421.63
-7400.52
-7399.08
-7400.69
-7431.14
-7398.47
-7415.95
-7405.3
-7411.63
-7422.93
-7452.48
-7452.34
-7464.18
-7436.29
-7419.03
-7430.19
-7424.44
-7415.95
-7424.74
-7427.11
-7418.96
-7428.53
-7404.69
-7394.04
-7393.35
-7398.29
-7378.35
-7390.49
-7395.62
-7392.96
-7379.29
-7402.87
-7401.79
-7396.97
-7391.87
-7401.59
-7419.8
-7418.88
-7411.41
-7430.07
-7423.83
-7419.08
-7419.41
-7429.97
-7452.72
-7439.77
-7441.77
-7449.98
-7422.57
-7408.24
-7411.3
-7420.01
-7401.53
-7421.6
-7417.12
-7416.08
-7428.68
-7428.21
-7424.21
-7431.01
-7423.58
-7424.14
-7439.54
-7419.5
-7427.31
-7414.34
-7405.9
-7401.83
-7438.66
-7464.3
-7474.56
-7452.03
-7448.32
-7431.86
-7450.71
-7453.89
-7450.64
-7447.44
-7460.1
-7456.9
-7441.45
-7437.56
-7459.36
-7475.86
-7486.74
-7475.8
-7472.06
-7474.7
-7451.62
-7431.91
-7407.6
-7407.73
-7418.86
-7413.9
-7432.06
-7417.85
-7401.95
-7428.51
-7415.95
-7418.8
-7415.74
-7434.08
-7432.21
-7445.59
-7428.17
-7418.3
-7418.31
-7422.12
-7409.84
-7400.11
-7434.79
-7432.78
-7436.86
-7415.05
-7400.32
-7397.71
-7402.36
-7385.5
-7406.27
-7402.4
-7407.95
-7397.67
-7402.02
-7407.49
-7425.27
-7400.81
-7412.06
-7426.64
-7440.4
-7448.49
-7444.56
-7434
-7435.63
-7407.31
-7415.39
-7409.76
-7405.51
-7398.81
-7403.28
-7413.94
-7421.63
-7421.61
-7385.83
-7371.24
-7381.33
-7398.65
-7414.72
-7405.35
-7406.48
-7395.99
-7409.16
-7413.83
-7418.96
-7405.89
-7400.92
-7398.78
-7417.84
-7396.75
-7384.47
-7404.02
-7395.6
-7414.22
-7414.92
-7424.42
-7414.26
-7420.41
-7430.39
-7430.3
-7438.16
-7422.96
-7416.87
-7445.45
-7435.45
-7448.45
-7450.71
-7427.17
-7423.19
-7407.23
-7419.58
-7421.76
-7431.62
-7443.25
-7449.87
-7415.49
-7420.88
-7419.7
-7448.97
-7455.48
-7439.95
-7429.09
-7423.05
-7438.89
-7434.42
-7431.97
-7419.48
-7407.98
-7402.8
-7397.81
-7388.13
-7401.58
-7414.65
-7413.08
-7422.58
-7406.85
-7413.83
-7402.89
-7402.43
-7399.16
-7407.73
-7426.1
-7428.81
-7422.24
-7419.02
-7386.86
-7422.65
-7451.52
-7440.92
-7421.08
-7399.13
-7390.07
-7407
-7417.72
-7421.03
-7422.88
-7423.84
-7440.11
-7416.23
-7440.57
-7456.33
-7446.1
-7423.79
-7418.42
-7399.63
-7405.39
-7403.94
-7396.81
-7413.45
-7414.37
-7419.24
-7427.3
-7446.19
-7447.27
-7421.65
-7407.68
-7409.48
-7401.03
-7370.78
-7386.55
-7378.65
-7383.62
-7418.61
-7442.01
-7453.77
-7460.89
-7449.27
-7434.27
-7434.87
-7435.68
-7410.38
-7405.61
-7408.59
-7431.78
-7446.97
-7453.97
-7418.49
-7417.73
-7402.87
-7411.3
-7394.37
-7383.76
-7387.17
-7376.73
-7371.13
-7377.04
-7368.56
-7375.44
-7393.94
-7387.86
-7390.04
-7421.43
-7444.08
-7455.44
-7445.29
-7449.26
-7444.52
-7436.57
-7422.28
-7446.71
-7439.42
-7451.32
-7428.06
-7408.1
-7389.17
-7399.05
-7384.01
-7393.21
-7373.32
-7363.14
-7391.59
-7379.75
-7390.92
-7405.42
-7382.26
-7393.52
-7398.24
-7397.12
-7393.35
-7398.22
-7417.75
-7409.96
-7418.03
-7418.71
-7420.52
-7436.19
-7433.2
-7432.47
-7438.83
-7430.91
-7429.91
-7431.55
-7451.74
-7416.36
-7412.34
-7403.09
-7418.54
-7421.73
-7419.12
-7410.85
-7397.35
-7389.39
-7406.05
-7414.29
-7406.37
-7407.53
-7415.65
-7407.82
-7390.6
-7392.91
-7422.58
-7424.1
-7434.37
-7425.61
-7410.26
-7432.17
-7438.88
-7453.56
-7458.17
-7443.19
-7416.9
-7398.47
-7404.94
-7414.48
-7422.38
-7444.26
-7473.18
-7471.02
-7471.36
-7459.58
-7433.75
-7433.87
-7436.18
-7448.4
-7430.33
-7426.42
-7437.18
-7420.86
-7423.12
-7421.48
-7416.3
-7395.72
-7359.8
-7374.92
-7393.31
-7428.39
-7405.79
-7419.41
-7425.92
-7428
-7434.89
-7415.2
-7394.42
-7402.59
-7430.24
-7417.13
-7406.22
-7397.41
-7384.18
-7421.89
-7387.88
-7404.07
-7409.36
-7396.92
-7398.03
-7420.08
-7416.34
-7406.07
-7384.05
-7378.88
-7394.08
-7386.54
-7372.37
-7415.23
-7399.31
-7413.49
-7428.91
-7444.51
-7450.72
-7435
-7448.96
-7436.45
-7467.09
-7456.73
-7421.64
-7405.84
-7388.53
-7419.9
-7380.88
-7403.46
-7393.5
-7421.14
-7412.45
-7413.89
-7427.52
-7418.92
-7430.81
-7446.09
-7438.45
-7427.18
-7419.54
-7433.88
-7413.08
-7409.7
-7406.84
-7391.54
-7405.43
-7427.61
-7413.72
-7418.06
-7416.76
-7419.87
-7408.15
-7414.88
-7413.32
-7429.4
-7450.3
-7430.54
-7441.93
-7433.47
-7438.09
-7423.84
-7423.86
-7431.55
-7403.4
-7413.42
-7405.88
-7412
-7445.41
-7432.08
-7429.42
-7421.93
-7421.76
-7398.77
-7419.46
-7433.63
-7434.82
-7431.06
-7415.31
-7436.7
-7425.31
-7435.1
-7425.92
-7413.8
-7435.24
-7441.75
-7440.29
-7433.63
-7415.39
-7399.66
-7435.42
-7397.26
-7435.25
-7436.51
-7418.87
-7394.78
-7378.64
-7396.83
-7413.02
-7437.53
-7427.21
-7421.21
-7414.34
-7396.63
-7407.39
-7422.14
-7401.26
-7424.72
-7427.9
-7408.3
-7410.64
-7415.37
-7422.47
-7417.87
-7425.66
-7414.31
-7418.54
-7424.43
-7439.21
-7439.4
-7441.21
-7418.51
-7446.17
-7435.66
-7410.33
-7404.93
-7393.98
-7413.04
-7405.8
-7417.69
-7421.25
-7421.83
-7420.09
-7396
-7376.75
-7400.47
-7400.09
-7397.04
-7412.76
-7456.22
-7436.17
-7428.71
-7434.25
-7426.08
-7430.83
-7443.38
-7440.8
-7428.81
-7435.54
-7444.62
-7428.98
-7428.83
-7405.53
-7401.73
-7419.65
-7442.36
-7437.21
-7439.57
-7445.4
-7448.81
-7407.16
-7400.43
-7425.9
-7464.23
-7451.09
-7439.33
-7429.12
-7392.07
-7385.15
-7390.76
-7411.18
-7406.6
-7422.48
-7418.39
-7444.04
-7480.77
-7478.63
-7460.68
-7465.64
-7449.61
-7468.5
-7472.14
-7464.45
-7427.52
-7418.92
-7386.67
-7393.08
-7384.36
-7416.31
-7411.25
-7404
-7398.45
-7391.98
-7407.65
-7395.18
-7393.03
-7415.05
-7391.88
-7403.19
-7412.55
-7414.47
-7424.79
-7418.78
-7419.85
-7428.42
-7416.63
-7412.21
-7413.57
-7444.41
-7435.06
-7402.09
-7413.14
-7404.95
-7395.02
-7399.12
-7386.16
-7390.89
-7401.52
-7398.61
-7409.31
-7411.29
-7413.3
-7434.59
-7440.32
-7442.47
-7433.55
-7431.68
-7442.8
-7440.6
-7425.65
-7425.01
-7421.65
-7419.35
-7420.33
-7422.7
-7413.64
-7423.84
-7436.89
-7427.32
-7389.86
-7383.38
-7387.61
-7385.47
-7405.96
-7382.59
-7396.43
-7404.57
-7385.31
-7384.51
-7383.17
-7367.54
-7369.98
-7404.31
-7408.65
-7416.83
-7403.1
-7398.05
-7408.53
-7418.96
-7435
-7405.24
-7418.92
-7411.83
-7427.92
-7428.84
-7409.06
-7428.3
-7444.21
-7391.25
-7415.62
-7422.1
-7421.98
-7429.37
-7403.13
-7403.53
-7407.91
-7405.32
-7414.11
-7458.26
-7445
-7429.41
-7456.53
-7456.73
-7464.85
-7434.99
-7418.48
-7429.17
-7466.28
-7461.48
-7421.96
-7436.16
-7427.12
-7423.62
-7416.71
-7413.67
-7405.17
-7382.61
-7379.42
-7399.45
-7410.5
-7370.96
-7369.85
-7381.38
-7358.97
-7361.97
-7378.74
-7376.58
-7397.77
-7406.44
-7391.53
-7383.38
-7381.85
-7401.6
-7402.22
-7403.61
-7394.96
-7387.46
-7395.52
-7404.24
-7400
-7396.81
-7399.2
-7364.69
-7371.23
-7354.76
-7376.66
-7377.07
-7363.3
-7392.35
-7380.62
-7384.2
-7399.09
-7416.61
-7428.28
-7437.54
-7425.62
-7440.57
-7418.48
-7409.74
-7396.94
-7397.12
-7394.88
-7415.81
-7420.17
-7422.28
-7426.32
-7470.16
-7439.93
-7457.82
-7452.58
-7446.18
-7433.85
-7425.34
-7425.3
-7447.1
-7465.97
-7460.65
-7437.02
-7465.83
-7455.35
-7471.95
-7448.89
-7428.83
-7419.34
-7424.31
-7410.26
-7414.02
-7432.61
-7420.84
-7439.17
-7429.01
-7435.29
-7412.43
-7401.96
-7391.24
-7374.33
-7387.37
-7397.92
-7388.71
-7396.08
-7407.3
-7414.75
-7409.41
-7421.19
-7422.33
-7418.96
-7408.86
-7394.02
-7413.17
-7412.62
-7430.3
-7414.76
-7397.55
-7384.02
-7408
-7420.78
-7407.95
-7437.55
-7392.96
-7388.42
-7410.21
-7418.23
-7432.69
-7432.17
-7430.43
-7417.7
-7411.07
-7403.6
-7425.41
-7425.67
-7436.7
-7425.61
-7419.22
-7415.9
-7434.35
-7431.63
-7458.51
-7459.3
-7449.55
-7449.74
-7452.61
-7475.39
-7482.22
-7454.33
-7445.75
-7451.52
-7450.7
-7438.07
-7425.73
-7436.7
-7418.96
-7429.51
-7439.43
-7435.55
-7431.49
-7440.06
-7398.14
-7398.23
-7416.95
-7426.53
-7404.2
-7408.25
-7409.55
-7407.14
-7425.26
-7405.98
-7456.87
-7455.86
-7443.86
-7441.38
-7430.11
-7439.1
-7428.27
-7398.83
-7424.29
-7399.99
-7411.45
-7409.32
-7398.7
-7378.82
-7395.12
-7405.73
-7420.48
-7413.81
-7408.51
-7390.91
-7404.17
-7392.06
-7387.55
-7405.85
-7416.07
-7421.86
-7413.86
-7412.56
-7430.51
-7428.56
-7430.54
-7426.82
-7425.67
-7405.04
-7392.06
-7393.43
-7398.4
-7403.1
-7395.99
-7376.51
-7385.89
-7393.9
-7410.99
-7405.71
-7412.96
-7406.31
-7388.97
-7371.3
-7393.34
-7374.3
-7383.14
-7397.41
-7403.37
-7416.27
-7408.23
-7424.15
-7421.48
-7392.37
-7395.63
-7424.6
-7420.81
-7421.48
-7402.84
-7437.24
-7452.73
-7400.85
-7399.64
-7398.54
-7379.64
-7393.74
-7394.55
-7395.32
-7406.3
-7413.89
-7386.38
-7395.24
-7399.35
-7402.32
-7424.68
-7408.2
-7406.25
-7420.68
-7389.29
-7393.67
-7433.86
-7413.6
-7410.09
-7389.35
-7402.14
-7409.83
-7400.91
-7411.79
-7395.46
-7401.37
-7403.05
-7390.76
-7387.52
-7388.92
-7376.61
-7370.39
-7374.19
-7385.49
-7382.15
-7379.44
-7380.93
-7385.92
-7438.46
-7436.11
-7430.12
-7430.08
-7416.09
-7426.65
-7455.26
-7439.08
-7425.72
-7416.82
-7424.34
-7414.54
-7408.03
-7388.42
-7405.83
-7386.81
-7401.83
-7402.75
-7401.12
-7389.13
-7422.15
-7415.54
-7410.4
-7423.01
-7426.75
-7421.91
-7412.58
-7411.08
-7408.79
-7418.6
-7448.03
-7434.85
-7415.36
-7420.93
-7436.35
-7416.94
-7415.87
-7401.52
-7431.87
-7409.1
-7416.22
-7420.01
-7432.31
-7410.09
-7380.55
-7362.05
-7366.44
-7349.13
-7354.84
-7364.51
-7395.78
-7402.32
-7404.62
-7433.83
-7436.72
-7419.8
-7392.62
-7386.27
-7390.8
-7366.23
-7370.43
-7391.68
-7397.44
-7403.25
-7407.73
-7405.97
-7384.86
-7398.15
-7428.38
-7411.45
-7412.04
-7399.22
-7392.9
-7392.45
-7408.57
-7410.84
-7404.96
-7420.65
-7431.13
-7423.8
-7442.4
-7440.76
-7441.21
-7446.65
-7453.91
-7442.03
-7422.2
-7422.46
-7434.24
-7460.49
-7444.56
-7467.84
-7474.28
-7466.74
-7465.01
-7491.64
-7464.5
-7445.41
-7433.31
-7422.97
-7423.72
-7393.16
-7378.27
-7351.5
-7367.66
-7380.37
-7393.49
-7390.98
-7393.97
-7372.79
-7388.7
-7387.52
-7381.17
-7390.13
-7392.44
-7409.47
-7419.52
-7413.33
-7441.95
-7427.08
-7426.78
-7428.23
-7423.34
-7426.74
-7417.84
-7422.15
-7408.96
-7428.69
-7408.79
-7391.38
-7394.12
-7401.33
-7424.26
-7434.72
-7446.11
-7434.94
-7413.26
-7461.17
-7426.16
-7425.84
-7421.41
-7419.48
-7413.98
-7410.59
-7422.13
-7419.39
-7421.13
-7438.44
-7405.41
-7414.12
-7407.04
-7394.92
-7396.97
-7397.91
-7411.71
-7387.24
-7411.78
-7412.51
-7440.32
-7416.73
-7415.13
-7420.89
-7427.28
-7421.4
-7425.52
-7444.6
-7433.95
-7455.05
-7436.09
-7458.5
-7460.02
-7433.07
-7418.3
-7423.34
-7444.43
-7440.87
-7427.62
-7430.91
-7404.8
-7406.13
-7396.14
-7392.37
-7393.16
-7399.13
-7396.92
-7418.82
-7428.78
-7430.79
-7414.89
-7440.6
-7425.03
-7432.83
-7438.82
-7426.01
-7409.39
-7408.2
-7415.34
-7415.01
-7391.4
-7384.33
-7394.96
-7388.77
-7381.66
-7384.29
-7397.87
-7384.04
-7377.29
-7367.3
-7388.98
-7394.52
-7426.64
-7432.29
-7432.29
-7434.11
-7435.03
-7442.29
-7442.42
-7453
-7475.26
-7451.63
-7444.61
-7430.29
-7414.96
-7428.66
-7405.98
-7415.85
-7398.55
-7399.07
-7399.74
-7435.28
-7432.53
-7446.85
-7447.94
-7435.31
-7424.74
-7409.32
-7417.05
-7426.34
-7424.3
-7423.05
-7412.31
-7412.2
-7438.3
-7443.06
-7446.21
-7463.06
-7434.62
-7448.69
-7469.07
-7470.39
-7454.08
-7480.73
-7474.7
-7456.4
-7458.99
-7436.4
-7413.57
-7433.63
-7434.89
-7439.51
-7448.54
-7418.7
-7433.47
-7415.06
-7432.27
-7411.18
-7410.1
-7408.49
-7404.54
-7417.53
-7397.63
-7398.86
-7430.2
-7429.56
-7406.07
-7429.04
-7436.81
-7412.2
-7401.62
-7409.78
-7417.38
-7414.49
-7401.75
-7395.76
-7412.54
-7406.28
-7408.09
-7407.93
-7433.94
-7408.03
-7437.25
-7449.07
-7439.02
-7462.28
-7458.35
-7458.78
-7463.05
-7462.32
-7466.62
-7457.72
-7466.54
-7436.84
-7441.12
-7429.62
-7442.25
-7442.97
-7425.98
-7424.39
-7397.76
-7384.36
-7420.44
-7387.08
-7376.18
-7402.49
-7400.42
-7405.05
-7408.28
-7429.81
-7445.43
-7424.43
-7415.22
-7391.88
-7393.92
-7395.22
-7402.06
-7384.06
-7381.52
-7397.06
-7407.22
-7419.3
-7413.02
-7403.84
-7379.48
-7390.14
-7393.25
-7380.16
-7390.87
-7416.34
-7420.16
-7426.68
-7423.1
-7415.85
-7421.96
-7418.13
-7413.65
-7429.28
-7415.71
-7433.63
-7444.36
-7419.57
-7422.97
-7414.16
-7433.67
-7436.03
-7429.61
-7435.52
-7425.12
-7440.29
-7443.25
-7449.59
-7403.78
-7419.09
-7421.32
-7421.58
-7422.76
-7450.49
-7445.69
-7450.99
-7409.47
-7420.49
-7423.92
-7411.06
-7412.59
-7399.71
-7401.37
-7389.69
-7398.41
-7411.86
-7411.5
-7405.62
-7401.54
-7390.23
-7413.44
-7426.34
-7411.61
-7422.36
-7426.81
-7446.44
-7460.59
-7460.31
-7439.54
-7437.35
-7423.43
-7410.48
-7407.73
-7417.52
-7435.3
-7406.52
-7411.08
-7410.48
-7428.91
-7423.14
-7423.38
-7423.55
-7442.06
-7427.71
-7405.57
-7411.61
-7411.75
-7407.05
-7425.38
-7430.61
-7422.97
-7444.39
-7406
-7397.87
-7366.07
-7365.73
-7358.62
-7366.98
-7382.8
-7415.14
-7379.97
-7384.1
-7359.26
-7379.26
-7411
-7414.53
-7433.54
-7437.62
-7404.47
-7438.54
-7439.7
-7418.41
-7402.04
-7414.68
-7427.04
-7416.25
-7419.07
-7409.54
-7420.87
-7415.92
-7415.15
-7419.4
-7392.69
-7402.46
-7416.24
-7408.46
-7418.57
-7408.96
-7418.07
-7409.7
-7428.32
-7417.54
-7439.6
-7422.39
-7425
-7418.66
-7413.77
-7399.72
-7395.69
-7372.33
-7379.29
-7378.08
-7402.94
-7416.84
-7429.3
-7420.51
-7423.25
-7430.41
-7422.02
-7408.77
-7414.18
-7387.96
-7405.27
-7395.82
-7391.72
-7389.37
-7419.62
-7430.3
-7401.16
-7390.36
-7401.34
-7407.75
-7383.65
-7398.81
-7413.68
-7416.89
-7392.84
-7406.85
-7421.8
-7393.48
-7409.71
-7367.49
-7355.18
-7362.27
-7366.63
-7378.22
-7396.79
-7422.91
-7419.2
-7398.57
-7407.08
-7406.45
-7393.69
-7357.02
-7373.47
-7390.93
-7392.45
-7394.91
-7409.71
-7382.26
-7393.56
-7399.05
-7393.61
-7403.75
-7438.7
-7447.5
-7441.5
-7429.55
-7426.06
-7432.71
-7445.55
-7407.16
-7396.62
-7394.8
-7409.4
-7442.42
-7402.46
-7386.55
-7390.82
-7379.85
-7386.02
-7419.02
-7400.73
-7397.61
-7417.18
-7430.05
-7382.85
-7403.43
-7401.41
-7373.06
-7363.59
-7377.88
-7371.56
-7369.33
-7368.66
-7359.61
-7367.72
-7394.53
-7395.91
-7403.01
-7403.26
-7392.3
-7373.74
-7412.14
-7409.69
-7401.11
-7400.81
-7419.47
-7389.46
-7411.78
-7409.92
-7410.56
-7393.21
-7378.06
-7427.69
-7432.19
-7444.74
-7452.43
-7485.31
-7461.12
-7437.15
-7416.94
-7401.74
-7412.06
-7435.83
-7428.63
-7392.95
-7403.75
-7413.59
-7404.98
-7417.86
-7407.28
-7417.64
-7411.67
-7434.14
-7438.62
-7442.97
-7446.79
-7449.1
-7442.42
-7455.46
-7447.79
-7450.11
-7450.07
-7457.65
-7461.24
-7431
-7454.14
-7459.28
-7417.33
-7390.84
-7371.28
-7359.29
-7388.76
-7419.54
-7419.16
-7439.08
-7449.56
-7448.61
-7424.51
-7412.35
-7404.47
-7407.31
-7412.74
-7392.82
-7394.72
-7370.76
-7399.96
-7404.15
-7409.3
-7403.29
-7399.84
-7415.86
-7400.46
-7394.88
-7413.92
-7416.45
-7398.34
-7396.69
-7395.82
-7375.18
-7385.83
-7378.38
-7343.7
-7359.87
-7372.78
-7374.44
-7402.99
-7400.1
-7433.69
-7457.27
-7442.9
-7434.95
-7436.72
-7447.66
-7463.48
-7470.43
-7435.71
-7446.98
-7424.59
-7430.56
-7411.76
-7417.73
-7396.04
-7419.61
-7415.86
-7416.22
-7403.53
-7410.84
-7417.34
-7416.83
-7431.17
-7468.5
-7417.14
-7448.92
-7442.52
-7430.25
-7427.54
-7435.89
-7444.76
-7447.36
-7411.71
-7386.66
-7390.72
-7399.54
-7409.98
-7404.1
-7404.65
-7413.18
-7427.47
-7419.25
-7413.86
-7426.68
-7397.07
-7381.38
-7388.17
-7395.85
-7398.17
-7407.74
-7402.69
-7394.49
-7392.71
-7402.7
-7391.61
-7397.82
-7409.59
-7399.92
-7375.57
-7383.43
-7403.13
-7408.53
-7416.69
-7420.89
-7441.82
-7428.92
-7418.08
-7398.95
-7407.41
-7394.43
-7411.33
-7419.47
-7425.59
-7436.79
-7434.22
-7447.66
-7442.24
-7422.45
-7451.28
-7451.65
-7436.21
-7435.53
-7427.01
-7431.76
-7456.52
-7422.31
-7405.03
-7401.72
-7419.45
-7423.67
-7411.4
-7407.7
-7430.42
-7409.9
-7407.86
-7383.65
-7407.25
-7411.05
-7408.46
-7427.52
-7432.19
-7443.48
-7409.52
-7391.98
-7398.37
-7423.48
-7412.41
-7413.29
-7422.35
-7443.34
-7417.21
-7452.79
-7448.21
-7450.49
-7436.48
-7435.19
-7432.51
-7426.29
-7409.9
-7386.7
-7392.32
-7413.71
-7413.9
-7415.98
-7413.73
-7395.1
-7382.4
-7385.76
-7378.42
-7391.4
-7393.93
-7409.95
-7404.85
-7404.77
-7406.88
-7440.33
-7433.77
-7417
-7402.31
-7392.74
-7402.75
-7387.73
-7398.04
-7416.25
-7416.51
-7407.14
-7394.69
-7419.81
-7431.71
-7444.87
-7418.53
-7420.47
-7417.69
-7427.85
-7451.36
-7440.42
-7431.54
-7443.43
-7442.31
-7435.68
-7411.78
-7391.75
-7408.06
-7409.73
-7420.01
-7412.33
-7396.83
-7399.43
-7402.53
-7411.05
-7412.98
-7450.79
-7456.3
-7454
-7470.6
-7452.22
-7449.45
-7422.62
-7400.01
-7404.83
-7418.79
-7420.35
-7419.63
-7421.35
-7427.5
-7417.77
-7412.05
-7409.61
-7420.64
-7415.66
-7387.53
-7392.3
-7407.63
-7407.91
-7412
-7425.03
-7402.98
-7437.52
-7430.59
-7449.69
-7435.81
-7454.75
-7428.98
-7418.97
-7410.85
